DRB1_1460

Last position-specific scoring matrix computed       
            A       R       N       D       C       Q       E       G       H       I       L       K       M       F       P       S       T       W       Y       V 
  1 A  -7.595  -7.508 -11.893 -12.889  -6.226  -7.757 -11.408 -10.105  -8.531   4.026   2.713  -9.962   1.719   3.998  -7.933 -10.238  -7.867   2.871   1.754   1.316 
  2 A  -2.994   1.164   2.623  -4.756  -5.763   2.276  -5.138  -0.950   1.377   1.652  -1.011   1.525  -0.009  -5.201  -5.693   1.817  -0.362  -3.126  -4.400   0.945 
  3 A  -3.053   1.377  -2.149  -8.505  -6.214   1.448  -3.519  -2.641   2.460  -0.587   2.273  -1.010   1.754  -1.108  -1.625   0.300  -3.349   4.615   1.920   0.289 
  4 A  -0.023  -4.529   0.412   1.991 -11.435  -0.924  -1.436  -2.360  -2.594   0.526   1.843  -4.708   0.952  -1.125  -9.698   3.338  -0.720  -9.689  -3.301   0.073 
  5 A  -0.635   0.881   0.534  -6.248   1.145   0.845  -0.872  -4.015   1.916  -0.118   0.475   1.137  -1.182  -1.444   1.535   1.054   0.458  -5.691   1.122  -1.225 
  6 A   0.676   1.847   0.876  -2.099  -2.996  -1.554  -2.763  -2.958  -2.090  -0.909  -4.025   1.202   1.473 -10.806   4.319   2.346   0.611  -5.708  -8.643  -0.657 
  7 A   1.742  -0.259   2.474  -2.270 -11.914   2.287  -3.586  -4.886  -3.432   0.316   1.704  -5.936   2.647  -4.449   0.553   1.334  -2.596  -4.940  -2.091  -0.428 
  8 A  -0.716   0.330  -3.030  -1.437  -7.106   1.549  -1.513   0.434  -4.122  -1.676   2.793  -1.514   2.685  -1.610   2.434  -0.895  -2.267  -4.446   0.614  -2.612 
  9 A  -1.572  -1.476  -2.014  -1.495 -10.722  -2.199  -2.303  -4.763  -0.751   2.341   2.365  -6.069  -1.200  -0.241  -8.376   1.446  -1.411  -2.469   0.614   2.590 
