DRB1_1333

Last position-specific scoring matrix computed       
            A       R       N       D       C       Q       E       G       H       I       L       K       M       F       P       S       T       W       Y       V 
  1 A  -6.818  -6.631  -9.677  -9.596  -6.327  -5.699  -8.183  -9.820  -8.228   2.680   2.880 -10.410   2.117   4.615  -6.844  -8.700  -6.982   2.541   3.713   0.419 
  2 A  -5.434   0.368   1.746  -4.618  -4.791   2.534  -5.035  -2.616   0.848   1.840   1.663   2.013   0.395  -1.758 -10.213  -0.369  -1.072  -3.272  -1.975   0.706 
  3 A  -2.246   2.724   0.622  -5.126  -4.956   1.624  -0.497  -4.254   2.655  -0.230   0.763   1.022   1.703  -3.217  -3.695   0.558  -1.116  -0.010   0.729  -0.045 
  4 A  -0.946  -2.950   3.259   4.509 -10.744  -1.915   0.211  -2.871  -2.145  -1.342  -1.891  -2.887  -1.331  -7.158  -9.407   2.953   1.024 -10.319  -6.217  -1.518 
  5 A  -1.231   1.357   0.647  -5.103  -0.776   0.037  -0.524  -3.419   0.073   0.111  -1.564   2.202  -0.882   0.263   1.281   0.898   0.742  -3.564   1.697  -0.268 
  6 A  -0.044   2.164   3.234  -4.562  -4.560  -2.605  -3.504  -1.823  -2.503  -3.312  -4.075   1.534  -1.131 -10.436   2.047   3.014   2.360  -7.747  -7.078  -0.584 
  7 A   0.259  -1.472   2.971  -2.215  -7.925   0.268  -3.082  -4.238  -1.535   0.775   0.916  -1.900   2.361  -3.100   0.584   0.695  -0.893  -5.597  -0.211   1.665 
  8 A   0.834   1.949  -3.748  -2.991  -5.919  -0.031  -1.682  -2.087  -2.023  -0.778   2.357   0.537   1.052  -0.388   1.096  -0.489  -0.413  -5.572   0.281  -1.573 
  9 A  -1.973  -0.623  -2.307  -5.474  -8.115  -3.942  -3.100  -6.464  -1.698   3.149   1.817  -4.909   0.573   1.343  -7.282   0.582  -0.636  -1.610   3.164   1.438 
