DRB1_0451

Last position-specific scoring matrix computed       
            A       R       N       D       C       Q       E       G       H       I       L       K       M       F       P       S       T       W       Y       V 
  1 A  -8.894  -7.164  -9.549 -11.048  -9.727  -8.625 -10.542 -10.714  -8.301   3.424   2.950 -10.498   2.242   4.131  -9.599 -10.203  -8.534   3.057   2.332   1.351 
  2 A  -2.753   1.933   1.012  -3.796  -3.937   2.662  -3.136  -2.926   2.085  -0.450  -0.645   2.420   1.314  -5.368  -3.897   1.918  -0.090  -8.080  -1.962   0.771 
  3 A  -0.767   1.363  -1.601  -7.256  -6.149   1.823  -3.170  -1.638   1.249  -0.340   1.126  -2.250   2.372  -0.465  -1.923   0.802   0.308   2.908   3.119  -1.058 
  4 A  -1.763  -8.832  -6.532  -1.548  -9.954  -0.495  -2.343  -4.221  -9.630   2.128   3.830  -5.670   3.705  -0.258 -10.803   0.336  -0.545  -5.366  -4.667   0.162 
  5 A  -2.804   0.854   0.649  -3.470   2.524   0.869  -1.238  -3.675   0.352   0.152   0.167   0.130  -1.327  -0.243   1.398   0.056   0.941  -1.040   1.841   0.279 
  6 A   0.545  -4.323   4.236  -1.720  -3.792  -4.832  -5.516  -2.634  -6.369  -1.501  -3.831  -3.558  -1.242 -12.112   2.619   3.747   3.287  -9.413 -11.387  -0.881 
  7 A   0.520  -2.892   3.047  -2.516 -11.048   0.806  -1.058  -9.012  -4.848   0.142   3.042  -5.871   1.552  -3.289   1.383   1.283  -2.938  -4.804  -1.673  -1.908 
  8 A  -0.647   1.185  -3.079  -1.081  -4.954   1.496  -1.434  -0.444  -1.423  -1.699   1.926  -0.220   1.725  -1.888   3.529  -0.116  -0.318  -5.126  -1.259  -2.989 
  9 A   0.556   0.661   1.264   0.244  -5.952  -0.434  -1.436   0.435   1.761  -1.695  -1.755  -1.037  -1.382  -2.904  -1.813   3.286   1.337  -1.842  -1.091  -1.481 
