DRB1_1409

Last position-specific scoring matrix computed       
            A       R       N       D       C       Q       E       G       H       I       L       K       M       F       P       S       T       W       Y       V 
  1 A  -9.270  -5.827  -8.528 -12.279  -9.731  -8.398 -10.480 -10.439  -7.477   2.297   1.744  -8.174   1.044   5.392  -8.516 -10.101  -8.474   3.859   5.127  -0.664 
  2 A  -3.835   2.138   0.954  -5.071  -2.218   2.252  -3.254  -2.757   2.692  -0.631   0.085   2.728  -0.394  -1.496  -8.260   1.355   0.160  -4.414  -0.713  -0.092 
  3 A  -1.004   3.064  -0.037  -8.745  -4.324   0.896  -2.680  -3.401   1.968  -0.539   1.495  -0.226   1.390  -1.221  -5.118   0.447   0.494   0.713   1.112  -0.667 
  4 A  -0.684  -4.876   0.353  -0.147  -9.064  -0.072  -1.609  -1.802  -3.934   0.996   2.953  -3.586   3.401  -3.206  -8.623   1.740  -0.594  -6.942  -5.357   0.248 
  5 A  -1.669   2.705  -1.111  -5.935   0.791   0.726  -1.833  -3.763  -0.173  -0.133  -0.035   1.522  -0.528  -0.854   2.187   0.313   0.662  -2.307   0.724  -0.394 
  6 A   1.065   1.055   3.516  -7.894  -4.694  -5.754  -5.386  -0.219  -2.479  -2.400  -2.748   0.112  -0.273 -10.052   0.499   3.157   2.891  -6.453 -10.389  -0.830 
  7 A  -0.038  -0.448   2.896  -5.329 -11.262  -0.232  -2.717  -7.871  -3.427   0.729   2.764  -4.596   2.351  -2.680   0.913   0.371  -2.285  -4.940   0.052   0.142 
  8 A   1.055   2.461  -3.615  -3.787  -5.144   0.738  -1.681  -2.019  -1.052  -2.417   1.549   1.318   1.149  -0.380   0.901   0.438   0.592  -5.807   0.113  -3.120 
  9 A   1.137  -0.251   1.426  -2.884  -6.495  -0.512  -2.405  -0.231   0.045  -0.324  -1.637  -1.473  -0.028  -1.995  -1.624   3.584   1.378  -2.131   0.288  -0.751 
