DRB1_1602

Last position-specific scoring matrix computed       
            A       R       N       D       C       Q       E       G       H       I       L       K       M       F       P       S       T       W       Y       V 
  1 A  -5.319  -2.422  -4.776  -6.593  -4.977  -5.551  -6.386  -6.483  -4.306   2.703   2.228  -5.779   1.575   3.990  -7.085  -4.815  -4.594   3.253   3.860   1.185 
  2 A  -1.629   1.954  -0.337  -2.521  -0.865   2.309  -0.865  -4.584   2.661  -0.531  -0.551   2.213   1.397  -2.353  -5.066   0.334  -0.451  -1.988   1.404   0.289 
  3 A   0.525   2.690  -1.123  -6.855  -5.340   0.110  -3.647  -0.642   2.638   0.218   0.492   0.086  -0.375  -0.591  -2.108   0.393   0.517  -0.136   1.558  -1.607 
  4 A  -4.094  -3.606  -4.025 -10.876  -6.710  -2.868  -5.116  -3.502  -2.637   2.459   3.422  -1.946   4.605   1.605 -10.673  -0.877  -4.033  -0.416  -1.012   0.615 
  5 A  -0.520   3.119  -2.772  -7.930  -0.552   0.948  -1.753  -1.054  -2.488  -2.889  -0.268   3.043  -1.140  -1.914   0.473   1.312   0.439  -3.148   0.637  -1.564 
  6 A   2.182  -2.657   4.123  -6.365  -6.761  -7.070  -7.320   1.054  -3.579  -5.286  -2.808  -5.522  -2.555 -11.367  -2.091   4.951   1.432  -3.977  -9.211  -5.261 
  7 A  -1.800   1.898   0.505  -6.739  -9.687   0.347  -3.755  -4.084  -0.546   0.242   1.622  -0.212   1.685   0.432   1.040   0.260  -2.627   2.480   2.862  -1.036 
  8 A   0.804   3.068  -2.572  -5.161  -2.150  -2.380  -2.066  -0.411  -1.160  -1.157   0.726  -0.598  -1.181  -1.061   0.489   0.876   1.809  -5.536  -0.269  -0.107 
  9 A   0.511   2.338   0.826  -5.749  -7.203  -3.394  -5.394   0.085  -0.278  -0.456  -0.105   1.467  -0.713  -3.568  -4.124   2.475   1.437  -4.593  -3.070   0.347 
