DRB1_0412

Last position-specific scoring matrix computed       
            A       R       N       D       C       Q       E       G       H       I       L       K       M       F       P       S       T       W       Y       V 
  1 A  -8.311  -5.640  -7.520  -9.875  -7.000  -7.670  -9.933  -8.998  -6.901   3.650   2.231  -8.898   2.217   4.424  -7.250  -8.827  -7.696   3.280   1.971   1.630 
  2 A  -3.004   0.669   0.760  -4.954  -4.408   1.857  -4.604  -3.602   0.949   1.814   0.384   1.486   2.908  -5.220  -7.112   0.630  -0.421  -4.333  -2.294   2.118 
  3 A  -1.091   1.507  -1.529  -7.735  -7.390   1.342  -4.065  -0.849   2.343  -0.033   1.394  -1.588   1.650  -1.916  -2.452   1.687  -0.487   2.483   2.042  -0.514 
  4 A  -0.776  -5.827  -5.011  -1.696  -9.094  -3.040  -2.089  -3.277  -6.769   1.952   2.855  -4.549   2.855   0.872 -10.788   1.971   1.110  -4.109  -2.468   0.438 
  5 A  -2.683   0.627   0.124  -5.473   2.131   0.263  -1.345  -4.400   0.393  -0.390  -0.363   1.345  -2.708   0.700   1.288   0.159   1.422  -2.822   2.923   0.088 
  6 A   0.729  -2.945   4.557  -2.475  -4.967  -3.796  -4.717  -3.230  -6.983  -2.333  -4.560  -1.804  -2.496 -12.607   1.881   4.215   2.660  -8.486 -12.234  -1.011 
  7 A   1.366  -1.127   2.208  -3.933 -11.148   0.566  -2.466  -6.826  -4.575   0.608   1.919  -4.433   1.643  -1.784   3.399   0.768  -2.947  -3.357  -1.368  -0.742 
  8 A  -1.331   0.206  -3.945  -1.991  -5.140   0.372  -1.537   0.007  -1.924  -0.244   2.735  -2.257   1.271  -1.102   3.447  -1.069  -0.824  -5.102  -0.351  -1.434 
  9 A  -0.755  -0.769   0.243   1.215  -6.307  -1.940  -0.910  -0.856  -0.168   0.870   0.559  -3.100  -0.835  -2.215  -3.615   2.654   0.807  -1.851  -0.294   0.996 
