DRB1_1338

Last position-specific scoring matrix computed       
            A       R       N       D       C       Q       E       G       H       I       L       K       M       F       P       S       T       W       Y       V 
  1 A  -3.259  -2.897  -3.875  -6.617  -3.996  -1.352  -4.220  -6.340  -5.459   3.153   2.587  -4.436   2.475   2.379  -3.345  -4.971  -3.979   2.617   2.714   1.288 
  2 A  -2.210   0.880   1.977  -4.302  -4.653   2.970  -2.807  -1.654   0.803   1.757  -0.495   1.802  -0.798  -2.664  -6.039   0.422  -0.057  -2.789  -2.588   1.017 
  3 A  -2.586   1.734   0.278  -5.139  -6.712   2.855  -2.226  -6.099   3.349   0.893   1.338   1.130   2.123  -3.398  -1.182  -1.560  -1.985  -1.098   0.629  -0.139 
  4 A  -0.495  -2.988   3.311   0.189  -8.663  -0.231  -2.039  -0.624  -0.855   1.615   0.137  -3.388   0.273  -4.372  -7.797   2.054   0.687  -7.201  -2.625   1.065 
  5 A   0.794  -0.030   1.256  -5.375  -0.464   0.059  -1.384  -3.654   0.458   0.099  -2.064   2.086  -0.960  -0.670   0.438   1.681   0.844  -4.633   1.487  -0.249 
  6 A   0.601  -0.510   3.829  -4.535  -5.572  -2.974  -3.943  -0.789  -3.678  -2.686  -4.786  -1.301   0.281 -11.175   1.320   3.911   3.064  -6.697  -8.950  -1.250 
  7 A   0.280  -2.138   3.206  -1.787  -7.667  -0.934  -3.991  -3.675  -1.767   1.674   0.027  -2.430   0.744  -4.223  -0.411   0.404  -1.240  -4.294  -1.218   3.009 
  8 A   0.511   1.405  -3.364  -3.507  -5.353  -0.942  -2.027  -1.308  -2.666  -0.413   2.701   0.271   0.304   0.046   1.942  -0.974  -1.139  -6.370   0.651  -1.676 
  9 A  -4.786  -7.739  -5.816  -9.300  -9.536  -6.689  -6.066 -10.281  -5.093   4.494   2.990  -9.397   1.326   0.258 -10.786  -4.462  -2.585  -5.643   0.863   2.649 
