DRB1_0715

Last position-specific scoring matrix computed       
            A       R       N       D       C       Q       E       G       H       I       L       K       M       F       P       S       T       W       Y       V 
  1 A  -4.337  -4.832  -5.898  -7.099  -2.662  -4.633  -5.734  -6.039  -4.710   1.326   2.464  -7.342   0.732   5.102  -5.635  -4.973  -4.674   2.609   4.011   0.479 
  2 A  -3.197   0.870   1.661  -3.619  -0.245   1.704  -2.009  -4.693   1.645  -0.277   0.108   1.750   3.499  -4.639  -9.639   1.546   0.794  -0.764  -2.413   0.400 
  3 A   0.735   0.918  -1.597  -3.400  -3.023   0.333  -1.168  -1.572   3.393  -0.639   0.522   0.419  -0.504  -1.894  -0.786   2.102  -0.926  -0.525   0.724  -0.661 
  4 A   1.018  -1.141  -2.450  -6.688  -7.848  -2.298  -1.419  -3.918  -1.615   1.144  -0.632  -2.628  -0.263  -2.203  -4.778   3.920   2.891  -4.463  -3.216   1.463 
  5 A   1.023   1.462  -1.094  -5.941  -2.263  -0.747  -0.524  -2.799  -1.063  -1.410  -0.316   2.023  -2.652  -1.201   1.039   1.801   0.771  -4.340   0.500   0.389 
  6 A   3.030  -3.652   2.526  -4.359  -3.620  -4.257  -2.146  -1.025  -2.222  -5.163  -6.774  -6.735  -6.172 -10.545   2.628   4.990   0.907  -5.144  -7.632  -2.955 
  7 A  -1.070   1.572   0.367  -4.780  -6.404   0.553  -3.762  -0.812   0.794  -0.811   0.867   0.346   1.444  -0.081  -0.615   1.561  -0.337   0.771   1.286  -0.116 
  8 A   0.168   1.438  -3.035  -1.887  -2.140  -0.829  -1.146  -0.909  -1.029  -0.567   1.196   0.292   0.246  -0.061   1.447   1.042   1.015  -3.727  -0.355  -0.947 
  9 A  -5.723  -3.179  -6.841  -9.856  -9.014  -7.765  -8.368  -6.900  -6.332   3.436   3.467  -7.307   0.921   0.063 -10.364  -3.789  -1.467  -4.384  -1.199   3.429 
