DRB1_0303

Last position-specific scoring matrix computed       
            A       R       N       D       C       Q       E       G       H       I       L       K       M       F       P       S       T       W       Y       V 
  1 A  -6.076  -5.604 -10.647  -9.604  -4.900  -7.633  -9.046  -8.555  -6.552   2.789   3.700  -8.940   2.755   2.854  -6.576  -6.290  -5.470   0.992   0.527   2.266 
  2 A  -4.583   0.160   1.107  -2.548  -4.781   1.511  -5.034  -1.518  -0.432   1.673   2.284   1.063   0.905  -0.891  -7.195  -0.786  -1.119  -3.040  -2.417   1.228 
  3 A  -0.960   1.247  -0.314  -4.176  -3.484   0.396  -0.433  -1.493   0.549  -0.084   0.124  -0.894   2.227  -1.705  -2.238   1.532   0.765   2.100   1.245   0.779 
  4 A  -0.946  -4.809   0.284   6.216  -8.675  -3.443   0.837  -4.745  -2.401  -6.376  -3.196  -2.295  -3.289  -7.525  -7.500   3.288  -0.556 -12.084  -8.869  -5.817 
  5 A  -3.224   1.321   1.231  -0.918  -0.249   0.743   0.269  -2.033   0.718  -0.439   0.339   0.127  -0.060   0.594   0.203  -0.485   0.268  -1.971   1.220   0.088 
  6 A  -0.706   2.860   0.318  -0.986  -2.698  -0.359  -1.811  -2.271  -0.917  -2.173  -1.750   2.341  -1.129  -5.901   3.149   0.816   0.834  -4.576  -4.525   0.383 
  7 A   0.812  -2.785   1.383  -1.013  -7.638   0.776  -1.895  -3.475  -2.469  -0.126   2.462  -2.576   2.437  -3.634   0.647   1.249  -0.248  -8.330  -1.775  -0.134 
  8 A   0.507   1.588  -1.340  -1.737  -3.025   1.527  -0.636  -1.951  -1.016  -1.505   1.788   0.096   2.954  -1.363   1.010  -0.781  -0.858  -4.133  -1.230  -0.861 
  9 A  -1.059   4.721  -1.949  -4.770  -6.325  -1.065  -3.111  -3.471   0.348  -1.218  -0.483  -1.032   0.058   1.009  -5.645   1.440  -0.656  -2.374   3.359  -1.532 
