DRB1_1216

Last position-specific scoring matrix computed       
            A       R       N       D       C       Q       E       G       H       I       L       K       M       F       P       S       T       W       Y       V 
  1 A  -7.680  -7.781 -10.904 -12.440  -6.730  -8.675  -9.589  -8.991  -7.136   2.313   0.142  -9.457  -0.515   6.125  -7.737 -10.247  -8.576   3.499   5.274  -0.714 
  2 A  -2.872   1.551   1.878  -4.509  -1.867   1.365  -3.197  -3.659   2.133   1.166  -0.601   2.564   0.546  -4.059  -9.741   1.446   0.805  -2.165  -3.012   0.265 
  3 A  -0.813   1.959  -0.274  -7.494  -2.991   0.898  -2.973  -1.931   3.349  -1.111   1.536   0.470   0.124  -1.774  -3.444   1.158  -0.794   2.112   0.118  -0.100 
  4 A   1.393  -0.798  -0.116  -6.479  -8.037  -0.491  -2.380  -2.086  -1.246   0.560   1.809  -3.031   2.232  -2.231  -5.231   2.474  -0.424  -7.670  -3.985   1.604 
  5 A   0.263   2.084  -0.948  -7.226  -0.972  -0.146  -1.964  -3.021   0.026  -0.841   0.455   2.597  -1.194  -2.339   2.362   1.139   0.254  -5.777  -0.504  -1.649 
  6 A   2.267   2.946   0.759  -7.246  -4.042  -1.988  -2.553  -1.024  -0.038  -2.759  -3.935   1.086  -0.189  -7.712   3.245   2.492  -0.675  -4.927  -4.871  -1.683 
  7 A   0.796   2.928   1.074  -5.683  -8.601   1.455  -3.725  -2.293   0.212  -0.016   0.951  -1.170   2.295  -1.776   0.455  -0.023  -1.409  -2.567   0.003  -0.723 
  8 A   0.066   1.222  -3.380  -3.119  -5.364   0.845  -0.901  -0.590  -2.513  -0.849   2.208   0.159   1.730   0.236   0.354   0.276  -0.125  -3.916   0.613  -2.332 
  9 A  -0.330  -3.378  -1.877  -4.726 -10.420  -1.884  -2.613  -1.736  -2.756   2.804   1.920  -4.995   0.210  -1.536  -6.741   1.351  -0.658  -3.196  -0.521   2.755 
