DRB1_1356

Last position-specific scoring matrix computed       
            A       R       N       D       C       Q       E       G       H       I       L       K       M       F       P       S       T       W       Y       V 
  1 A  -7.152  -4.303  -7.941 -10.966  -6.815  -5.553  -8.530  -8.507  -6.558   3.289   2.473  -7.124   1.407   4.056  -7.427  -7.757  -6.380   2.471   4.339   0.640 
  2 A  -3.740   1.753   0.674  -3.399  -2.436   1.702  -2.825  -3.427   2.709  -0.250  -0.492   3.041  -0.333  -0.747  -6.537   1.555   0.534  -3.070  -0.119  -0.551 
  3 A  -1.269   3.202  -0.159  -7.566  -3.800   0.167  -3.007  -4.404   1.937  -0.220   1.644   1.258   0.305  -1.616  -4.476  -0.103  -0.059   0.162   0.209   0.101 
  4 A  -1.583  -4.792   1.218  -4.972  -7.646  -1.387  -4.681  -2.015  -3.088   1.202   3.635  -3.785   3.512  -3.050 -11.527   1.327  -2.682  -8.404  -5.238   1.033 
  5 A  -0.536   3.539  -1.524  -7.592  -0.520   0.978  -2.910  -2.250  -0.474  -0.501  -0.849   2.503   0.502  -2.879   1.802  -0.055   0.149  -4.035  -0.103  -0.871 
  6 A   0.515   3.492   3.137  -9.714  -4.671  -4.575  -5.114  -0.339  -0.564  -2.482  -2.763   1.597   0.552  -7.372  -0.607   2.513   1.428  -5.729  -5.813  -2.169 
  7 A  -0.326   0.544   2.145  -5.976  -9.176   0.244  -5.158  -5.914  -2.589   1.182   3.082  -3.471   2.516  -3.260  -0.632  -0.466  -1.702  -4.387  -0.392   0.289 
  8 A   1.719   2.514  -2.541  -4.849  -5.262   0.257  -2.070  -1.410  -1.024  -2.340   1.168   1.454   0.788  -0.578  -0.006   0.334   0.477  -5.353   0.707  -2.601 
  9 A   0.318  -0.697   0.915  -4.498  -8.023  -0.774  -2.469  -1.067   0.365   0.748  -0.409  -1.220   0.126  -0.797  -4.208   3.269   1.437  -2.308   1.115   0.099 
