DRB1_1002

Last position-specific scoring matrix computed       
            A       R       N       D       C       Q       E       G       H       I       L       K       M       F       P       S       T       W       Y       V 
  1 A  -9.228  -7.872 -10.115 -13.640  -9.009 -11.518 -12.696 -10.930  -9.642   3.040   3.179 -12.458   2.346   4.156 -12.157 -12.084  -9.249   3.047   2.519   1.451 
  2 A  -1.042   2.390   1.639  -3.701  -2.844   2.562  -1.745  -2.778   1.943  -0.370  -1.101   2.217   0.468  -5.015  -3.584   1.004  -0.781  -5.794  -2.017   0.780 
  3 A  -0.018   0.638  -1.398  -7.749  -6.183   2.842  -3.906  -1.250   1.893   0.011   1.089  -3.211   3.525  -1.159  -0.426  -0.440  -0.383   2.107   2.359  -1.121 
  4 A  -0.373  -7.228  -4.511  -6.044  -8.488   0.972  -2.237  -5.147  -5.624   2.212   3.876  -5.651   4.367  -1.624  -7.803  -2.027  -2.192  -7.705  -5.085   0.585 
  5 A  -0.009   0.883   0.498  -3.132  -0.060   0.846  -0.969  -0.936   0.024  -0.494   1.062  -0.530  -0.334  -1.071   1.583   0.384  -0.202  -2.964   0.994  -0.460 
  6 A   2.494  -4.642   3.385  -1.918  -6.841  -4.085  -5.912  -0.088  -3.020  -2.243  -4.557  -4.136  -1.009 -12.009   4.251   3.178   1.646 -10.440 -10.601  -3.043 
  7 A   1.832  -1.421   2.880  -2.429 -10.818   1.578  -0.305  -5.497  -1.802  -0.673   1.660  -4.171   0.766  -3.867  -0.038   2.170  -1.879  -3.275  -0.601  -1.346 
  8 A   0.348   2.389  -2.736  -1.856  -2.999   1.160  -1.585  -0.447  -0.972  -1.828   2.055  -0.580   1.627  -1.021   2.006  -0.340  -1.796  -5.752  -0.690  -2.251 
  9 A   1.105   0.930  -0.518  -4.864  -7.239  -0.996  -4.293   0.024  -1.167   0.570   1.409  -2.341   1.435  -2.502  -5.353   1.963   1.170  -4.775  -2.548   0.913 
