DRB1_1318

Last position-specific scoring matrix computed       
            A       R       N       D       C       Q       E       G       H       I       L       K       M       F       P       S       T       W       Y       V 
  1 A  -6.092  -4.660  -8.834 -10.395  -6.423  -6.208 -10.288  -8.088  -6.409   3.952   2.462  -8.096   2.230   3.101  -7.065  -6.756  -5.390   1.984   2.194   2.180 
  2 A  -3.264   1.375   0.145  -2.752  -3.092   0.674  -3.537  -2.837   1.292   1.712   0.252   2.475   0.857  -1.728  -4.611   0.948   0.138  -1.136  -1.083   0.600 
  3 A  -0.550   2.642  -0.452  -7.530  -3.682  -1.286  -3.771  -1.341   1.444  -0.345   0.632   0.510  -0.314  -1.662  -3.655   1.299   0.782   2.404  -0.014   0.995 
  4 A  -0.084  -1.848  -0.642  -4.781  -4.331  -2.563  -3.796  -1.828  -1.629  -0.306   3.524  -0.855   2.984  -0.388  -7.534   1.829  -3.343  -5.112  -3.629   0.163 
  5 A  -1.881   3.622  -1.454  -6.081  -0.356   0.780  -2.633  -0.736  -0.214  -0.918   0.518   2.182   0.485  -2.262   1.071  -0.714  -0.264  -3.571   0.155  -1.223 
  6 A  -0.964   5.692  -0.398  -7.435  -5.584  -3.386  -5.463  -2.393  -0.329  -3.607  -3.283   3.712  -0.510  -7.247   1.057   0.385  -2.459  -5.921  -6.691  -4.008 
  7 A   0.940   1.407   0.003  -6.464  -7.660   0.610  -5.234  -4.266  -2.426   0.797   2.783  -1.771   2.445  -2.906   1.597  -0.366  -1.921  -4.351  -0.953  -0.818 
  8 A   0.829   1.719  -1.692  -4.695  -3.125   1.219  -2.563  -1.248  -0.490  -1.833   1.782   0.478   1.974  -1.017   0.365   0.058   0.339  -5.342   0.004  -0.853 
  9 A   0.760   2.934  -0.261  -5.233  -7.152  -0.886  -3.783   0.600   0.103  -1.405  -1.238   0.263  -0.860  -2.292  -5.149   3.346   0.403  -2.497   0.282  -0.921 
