DRB1_1412

Last position-specific scoring matrix computed       
            A       R       N       D       C       Q       E       G       H       I       L       K       M       F       P       S       T       W       Y       V 
  1 A  -8.347  -9.310 -12.573 -13.299  -8.501  -8.763 -11.541 -12.268 -10.888   3.752   2.901 -11.551   3.100   3.204  -9.765 -11.799  -9.448   2.783   1.517   2.221 
  2 A  -4.145   1.958   1.207  -5.483  -5.463   1.860  -4.889  -3.102   0.149   1.622   0.169   3.085   0.895  -4.613  -6.494   0.285  -1.633  -4.070  -4.285   1.647 
  3 A  -1.796   2.504   0.420  -8.109  -5.186   1.213  -3.422  -2.451   2.288   0.251   0.087  -0.336   2.661  -3.072  -2.482   0.435   0.405   2.447   0.738   0.896 
  4 A   0.767  -1.107   1.028  -1.150  -8.930   0.494  -0.853  -2.760  -1.848   0.435   2.371  -0.458   2.335  -3.469  -8.027   1.480  -0.157  -8.640  -4.765  -0.247 
  5 A  -1.852   2.075   1.069  -4.787  -0.049   1.048  -1.658  -1.679   0.871  -0.333   0.436   1.175  -0.605  -0.177   0.194  -0.030  -0.024  -3.064   1.639  -0.497 
  6 A  -0.204   3.594   1.692  -6.195  -7.202  -2.686  -6.722  -1.850  -1.243  -4.188  -3.612   3.159  -0.723 -11.914   3.826   2.003   0.263  -9.943 -10.834  -2.500 
  7 A   2.267  -0.777   2.655  -3.869  -9.733   0.957  -3.713  -4.748  -1.946   0.335   1.722  -2.352   1.153  -4.750   1.827   0.711  -2.184  -6.323  -1.311  -0.570 
  8 A  -0.086   2.410  -4.081  -4.926  -4.395   1.762  -2.510  -3.315  -1.094  -1.657   3.019   0.175   2.120  -1.147   1.027  -1.645  -1.300  -6.990  -0.504  -1.615 
  9 A  -0.306   2.548  -2.069  -7.584  -8.796  -1.965  -5.722   0.200  -0.959   1.125   1.271  -2.681   1.932   0.290  -7.014   1.545  -0.499  -2.199   1.453   0.170 
