DRB1_1339

Last position-specific scoring matrix computed       
            A       R       N       D       C       Q       E       G       H       I       L       K       M       F       P       S       T       W       Y       V 
  1 A  -3.368  -3.469  -5.341  -8.991  -4.688  -2.216  -5.105  -6.778  -5.815   3.191   3.027  -5.450   2.821   1.476  -4.635  -5.709  -4.588   2.104   2.295   1.995 
  2 A  -2.335   1.255   1.684  -4.395  -3.373   3.056  -2.765  -1.993   0.622   1.512  -0.837   2.384  -1.477  -2.558  -4.952   0.326   0.500  -3.531  -3.001   0.791 
  3 A  -1.898   1.537   0.717  -4.628  -5.701   2.528  -1.907  -6.523   3.050   1.018   1.117   1.216   2.263  -3.236  -0.959  -1.808  -1.568  -2.281   0.505   0.110 
  4 A  -0.498  -2.888   3.672  -0.775  -7.494   0.150  -2.315  -0.232  -0.280   1.502   0.349  -2.968   0.260  -4.334  -6.233   2.042  -0.139  -7.933  -2.627   0.782 
  5 A   1.114  -0.047   1.389  -4.800  -0.585  -0.189  -1.844  -2.155   0.075   0.257  -1.970   1.678   0.047  -0.735  -0.229   1.901   0.492  -3.929   1.160  -0.264 
  6 A   0.831  -0.437   3.639  -4.158  -6.012  -3.023  -3.929   0.092  -4.023  -3.122  -3.907  -1.436   0.080 -10.364   1.481   3.812   3.012  -6.688  -7.849  -2.089 
  7 A  -0.063  -3.098   3.171  -1.617  -7.521  -1.818  -4.299  -3.955  -1.835   1.854   0.584  -2.204   0.079  -4.245  -1.058   0.277  -0.752  -4.348  -1.535   3.110 
  8 A   0.994   1.012  -2.819  -3.981  -5.041  -1.249  -2.225  -1.614  -2.555  -0.400   2.653   0.798   0.257  -0.129   1.463  -0.646  -0.764  -8.029  -0.009  -1.186 
  9 A  -4.109  -7.001  -6.236 -11.558  -9.371  -6.206  -6.760  -9.706  -5.535   4.266   3.149  -9.347   2.057   0.282 -11.165  -4.225  -2.312  -7.062   0.778   2.552 
