DRB1_0453

Last position-specific scoring matrix computed       
            A       R       N       D       C       Q       E       G       H       I       L       K       M       F       P       S       T       W       Y       V 
  1 A  -7.431  -4.548  -6.029  -8.907  -6.543  -6.064  -8.171  -7.433  -6.107   3.626   2.863  -7.038   2.440   3.321  -7.936  -6.730  -6.542   2.700   2.224   1.516 
  2 A  -1.885   1.571   0.341  -3.482  -2.485   2.182  -2.698  -3.448   2.260   0.181  -0.135   2.145   1.974  -3.344  -4.959   0.540  -0.340  -4.759  -0.048   1.271 
  3 A   0.142   1.568  -1.456  -7.416  -5.974   1.511  -3.460  -2.188   1.935   0.680   1.326  -1.520   2.029  -0.702  -1.632   0.287   0.294   0.234   2.242  -1.127 
  4 A  -2.004  -8.306  -4.532  -4.864  -8.688  -2.282  -4.023  -3.538  -7.101   2.673   3.671  -5.723   4.167   0.273 -11.971  -0.207  -1.247  -3.590  -2.983   0.736 
  5 A  -1.560   1.324  -0.174  -4.847   1.766   0.644  -1.625  -2.198  -0.355  -0.440  -0.491   0.988  -0.563  -0.279   1.005   0.345   1.007  -0.922   2.290   0.490 
  6 A   0.952  -5.170   5.359  -4.124  -6.221  -7.197  -7.317  -1.964  -7.553  -3.331  -4.796  -5.117  -2.911 -12.241  -0.215   4.248   3.451  -7.424 -12.166  -3.295 
  7 A   0.224  -1.904   2.558  -4.363  -9.833  -0.618  -2.381  -6.776  -3.585   1.012   3.021  -4.338   1.252  -1.863   1.406   0.601  -2.654  -2.086  -0.171  -0.550 
  8 A   0.715   1.708  -2.735  -2.719  -3.639   0.018  -1.779   0.001  -0.755  -1.529   1.571  -0.264   0.324  -0.757   2.733  -0.027   0.394  -4.415  -0.869  -1.844 
  9 A   0.128   0.410   0.998  -1.905  -6.191  -1.102  -2.403  -0.013   1.048  -0.086   0.001  -0.409   0.248  -1.865  -2.849   2.368   1.866  -1.645  -0.511  -0.215 
