DRB1_1462

Last position-specific scoring matrix computed       
            A       R       N       D       C       Q       E       G       H       I       L       K       M       F       P       S       T       W       Y       V 
  1 A  -8.107  -8.340 -11.919 -13.652  -7.168  -8.088 -11.966 -11.019  -8.554   4.096   2.802  -9.875   1.711   4.067  -8.493 -10.261  -8.708   2.616   1.466   1.177 
  2 A  -3.131   1.366   2.522  -4.899  -5.775   2.338  -4.760  -1.231   1.267   1.620  -1.175   1.651   0.179  -5.811  -5.284   1.924  -0.274  -3.805  -4.429   0.912 
  3 A  -2.995   1.243  -2.141  -8.519  -6.439   1.317  -3.601  -2.463   2.382  -0.411   2.248  -1.237   1.609  -1.056  -1.685   0.435  -3.388   4.787   1.941   0.378 
  4 A  -0.174  -4.640   0.186   1.783 -11.040  -1.004  -1.498  -2.463  -3.289   0.689   2.078  -4.543   1.263  -0.727  -9.728   3.144  -0.589 -10.156  -3.000   0.043 
  5 A  -0.695   1.015   0.428  -6.210   1.084   0.983  -0.882  -3.961   2.047  -0.013   0.511   1.105  -1.344  -1.158   1.457   0.820   0.524  -5.430   0.994  -1.265 
  6 A   0.618   1.777   1.251  -2.258  -2.746  -2.031  -2.809  -3.219  -2.092  -0.647  -3.885   1.287   1.526 -10.804   4.243   2.387   0.454  -5.366  -9.054  -0.723 
  7 A   1.746  -0.377   2.351  -2.414 -11.941   2.689  -3.472  -4.755  -3.257   0.261   1.593  -5.734   2.568  -4.179   0.802   1.354  -2.493  -4.893  -2.045  -0.584 
  8 A  -0.672   0.426  -3.141  -1.290  -7.070   1.568  -1.495   0.608  -4.121  -1.512   2.720  -1.835   2.594  -1.943   2.455  -0.935  -2.211  -4.385   0.742  -2.560 
  9 A  -1.676  -1.322  -1.826  -1.261 -11.502  -2.292  -2.174  -4.459  -0.396   2.298   2.193  -5.721  -1.293  -0.118  -8.574   1.680  -1.146  -2.554   0.449   2.517 
