DRB1_1473

Last position-specific scoring matrix computed       
            A       R       N       D       C       Q       E       G       H       I       L       K       M       F       P       S       T       W       Y       V 
  1 A  -7.481  -7.825 -12.524 -12.629  -7.183  -9.581 -10.632  -9.700  -8.055   3.825   1.640 -10.318   1.742   4.753  -6.895  -9.797  -7.164   3.548   2.594   1.574 
  2 A  -4.076   1.563   1.356  -4.886  -4.224   1.243  -4.599  -3.141   1.323   2.364  -0.439   2.158   0.996  -6.081  -6.959   1.638   0.115  -1.838  -3.668   0.900 
  3 A  -1.613   1.805  -0.284  -8.307  -4.991   0.068  -3.068  -1.220   3.303  -1.144   0.564  -0.687   0.922  -2.013  -2.726   1.655  -0.508   4.104   1.584   0.623 
  4 A   1.507  -1.226  -1.379  -4.085  -7.170  -1.147  -2.080  -2.432  -1.733   0.102   1.975  -1.031   1.864  -0.775  -6.239   3.046  -0.479 -10.195  -3.940   0.664 
  5 A  -2.103   2.311  -0.193  -6.095   0.389   0.674  -1.391  -3.119   1.268  -0.344   1.062   1.973  -1.329  -1.612   1.487   0.381   0.479  -6.280   0.429  -1.783 
  6 A   0.286   4.501  -0.334  -6.069  -3.723  -2.267  -4.277  -4.146  -0.976  -3.436  -5.301   3.312  -0.775 -12.286   4.157   1.484  -2.042  -8.495  -9.821  -2.822 
  7 A   1.678   1.813   0.535  -5.145 -10.035   2.076  -4.281  -4.119  -1.818   0.370   1.975  -2.097   2.443  -2.419   1.011   0.117  -2.218  -4.946  -1.207  -1.069 
  8 A  -1.016   0.889  -3.311  -2.437  -4.768   2.030  -1.573  -0.737  -1.834  -1.231   2.878  -1.211   2.425  -0.998   1.152  -1.064  -0.530  -4.902   0.027  -1.268 
  9 A  -0.418   1.382  -1.510  -2.241 -10.494  -1.110  -2.270  -0.466  -0.592   1.143   1.085  -1.644  -0.204  -0.448  -6.092   2.027  -0.740  -1.347   0.599   1.424 
