DRB1_0903

Last position-specific scoring matrix computed       
            A       R       N       D       C       Q       E       G       H       I       L       K       M       F       P       S       T       W       Y       V 
  1 A  -5.679  -6.377 -10.848 -10.627  -6.984  -6.285 -10.101  -8.021  -5.980   2.232   0.911  -8.310   1.606   5.219  -5.596  -8.858  -6.627   3.974   5.382   0.175 
  2 A  -1.934   0.504   2.685  -5.534  -0.606   0.637  -4.635  -0.157   2.193   1.504  -1.644   1.275  -0.582  -3.746  -8.614   1.139   1.081  -0.706  -2.744   0.957 
  3 A   0.166   1.828  -3.043  -5.977  -2.714   1.561  -1.235  -2.346   2.857  -1.144   1.518   1.188   1.145  -2.239  -1.322   1.654  -1.615  -1.704  -0.421  -1.362 
  4 A   2.519  -3.398  -3.186  -3.497 -10.522  -3.017  -2.722  -0.617  -0.644  -0.076   0.200  -7.125   0.307   0.545  -2.132   3.643  -1.255  -3.095  -0.679   1.361 
  5 A   0.228  -0.079  -0.364  -6.745   0.090  -0.703  -0.705  -4.752   0.490  -0.911   0.312   2.580  -0.478  -3.225   1.159   2.827   0.671  -4.212  -0.536  -1.576 
  6 A   2.760   0.954  -1.517  -4.932  -4.237  -2.098  -0.523   0.634  -4.577  -4.537  -6.228  -1.597  -3.159 -11.351   4.075   3.574   0.406  -5.192  -8.093  -1.324 
  7 A   0.618   1.625   1.077  -1.783  -8.445  -1.763  -2.093  -0.979  -1.656   0.077   0.971  -1.160   1.767  -2.757   1.725   0.291  -1.797  -2.966  -2.260   1.366 
  8 A  -0.957  -0.631  -3.602  -0.854  -5.294   0.946   1.011  -0.098  -3.671  -2.329   1.891   0.502   1.365   1.491   2.602  -0.046  -0.431  -3.897  -1.538  -4.016 
  9 A  -0.518  -3.896  -5.099  -3.636  -9.107  -2.392  -3.126  -4.878  -6.439   2.550   2.917  -6.290  -0.417  -3.753 -10.687  -0.377  -2.161  -5.094  -0.579   3.774 
