DRB1_1464

Last position-specific scoring matrix computed       
            A       R       N       D       C       Q       E       G       H       I       L       K       M       F       P       S       T       W       Y       V 
  1 A  -7.618  -6.866 -13.273 -12.836  -8.688  -8.254 -11.237 -11.213  -9.241   4.149   3.520  -9.592   2.484   1.965  -7.828 -10.811  -8.794   1.864   0.372   1.850 
  2 A  -3.807   1.599   2.386  -3.296  -6.565   2.151  -4.597  -0.766   1.405   1.372  -0.934   2.287  -1.007  -3.959  -4.784   1.610  -0.133  -4.236  -3.485   0.207 
  3 A  -2.237   1.821  -1.990  -8.677  -6.741   1.006  -3.611  -3.798   2.111   0.484   2.227  -0.081   1.621  -0.907  -2.152  -0.364  -2.241   3.119   1.713   0.450 
  4 A  -0.739  -5.032   1.163   0.558 -10.589  -1.946  -3.094  -1.585  -1.572   0.378   2.717  -3.325   1.566  -1.274 -10.858   3.170  -2.603 -12.342  -3.795   0.344 
  5 A  -0.845   2.245   0.180  -5.523   0.506   0.788  -1.667  -2.521   1.890   0.091   0.196   1.403   0.015  -2.472   0.865   0.645   0.179  -4.237   0.664  -0.927 
  6 A   0.255   3.645   0.743  -3.268  -3.739  -2.453  -3.327  -2.580  -1.588  -1.420  -3.839   1.976   1.236 -10.219   3.437   2.231   0.666  -7.582  -8.479  -2.144 
  7 A   1.172  -0.710   2.316  -3.109 -10.926   1.387  -4.775  -5.333  -4.610   0.986   2.741  -5.507   2.437  -6.512  -0.023   0.780  -1.858  -6.836  -3.024  -0.093 
  8 A   0.958   1.450  -2.330  -2.858  -5.432   1.279  -1.657  -0.362  -2.224  -2.554   2.281   0.144   2.452  -1.422   1.961  -0.868  -1.754  -6.790   0.177  -2.600 
  9 A  -0.744   0.618  -1.439  -5.053  -8.575  -1.293  -4.111  -4.014   0.608   1.492   2.010  -3.517   0.243   0.282  -9.603   1.838  -0.847  -2.008   1.784   1.737 
