DRB1_1164

Last position-specific scoring matrix computed       
            A       R       N       D       C       Q       E       G       H       I       L       K       M       F       P       S       T       W       Y       V 
  1 A  -8.148  -5.927  -9.084 -11.707  -8.081  -7.940  -9.920 -10.359  -7.948   2.976   1.793  -9.160   1.997   4.694  -9.404  -8.641  -7.537   3.433   4.798   0.633 
  2 A  -4.342   2.280   0.646  -4.924  -3.112   1.900  -3.672  -3.192   1.358   0.344  -0.161   3.331  -0.470  -1.541  -7.975   1.071  -0.228  -2.382  -1.578   0.540 
  3 A  -1.676   3.807   0.619  -7.982  -3.783   0.226  -3.371  -3.729   2.040  -0.553   0.367   1.586   0.764  -2.634  -4.974   0.508   0.196   0.579  -0.437   0.195 
  4 A   0.009  -1.225   1.952  -2.205  -8.545   0.304  -1.978  -1.371  -2.025   0.459   2.531  -1.007   2.671  -4.209  -7.922   1.627  -1.029  -9.559  -5.171   0.121 
  5 A  -0.976   3.125  -0.928  -7.014  -0.887   0.435  -2.579  -2.916  -0.176  -0.377  -0.277   2.367   0.049  -0.888   1.413   0.592   0.150  -3.600   0.624  -0.938 
  6 A   0.256   3.938   1.565  -9.523  -5.327  -4.403  -5.739  -0.489  -1.313  -3.752  -2.719   2.496  -0.541  -9.765   1.952   2.694   0.733  -7.862  -8.069  -2.474 
  7 A   0.859   0.464   2.323  -5.795 -10.548  -0.155  -4.569  -5.213  -2.157   1.191   1.927  -2.602   2.119  -3.383   1.623   0.071  -1.792  -6.307  -0.011   0.582 
  8 A   1.047   2.295  -3.772  -5.927  -6.051   0.801  -2.696  -3.419  -1.963  -1.735   2.322   1.183   1.310  -0.472   0.128   0.145   0.270  -6.796   0.596  -2.399 
  9 A   0.667  -0.025  -0.250  -6.510  -7.829  -1.621  -4.400   0.245  -1.311   1.202   0.091  -2.720   0.732  -1.073  -4.737   3.203   0.780  -1.802   1.087   0.436 
