DRB1_1001

Last position-specific scoring matrix computed       
            A       R       N       D       C       Q       E       G       H       I       L       K       M       F       P       S       T       W       Y       V 
  1 A  -9.946  -8.216 -10.670 -13.400 -10.807 -11.963 -11.066 -11.954  -7.919   0.960   1.819 -12.210   1.174   5.963 -13.149 -11.736 -10.677   3.963   5.188  -1.079 
  2 A  -1.179   2.684   1.629  -4.934  -1.175   2.685  -1.287  -3.013   2.540  -1.956  -1.292   2.241  -0.469  -2.863  -6.118   1.284   0.110  -5.137  -1.102  -0.091 
  3 A  -0.017   1.562   0.100  -5.711  -3.564   3.035  -2.562  -1.822   2.280  -1.112   0.684  -1.977   3.057  -0.956  -1.062   0.090   0.106   0.958   1.753  -1.948 
  4 A   0.015  -5.289  -1.788  -3.017  -7.130   2.696  -0.660  -4.166  -3.518   2.342   2.824  -4.516   3.863  -4.518  -3.588  -1.743  -0.399  -6.629  -5.513   0.623 
  5 A   0.724   0.407   0.161  -3.566  -0.497   0.524  -1.001  -2.501  -0.586  -0.131   0.684  -0.590  -0.481  -0.239   2.258   1.190  -0.022  -2.385   0.489  -0.485 
  6 A   2.594  -7.174   2.847  -4.499  -6.956  -4.899  -4.909   0.913  -2.589  -2.176  -3.979  -6.045  -1.787 -11.392   3.387   3.655   2.037  -7.413  -9.896  -1.800 
  7 A   0.708  -0.809   3.404  -2.286  -8.413   0.768   0.313  -5.365  -0.239  -0.680   0.927  -4.155   0.949  -2.725  -0.186   2.118  -0.798  -3.345   0.283  -0.400 
  8 A   0.757   2.465  -2.972  -2.015  -3.490   1.034  -1.395  -2.124  -1.364  -1.599   1.840   0.279   1.036  -0.417   1.452   0.828  -0.934  -4.201  -0.556  -3.197 
  9 A   1.501  -1.731  -0.159  -4.001  -5.424  -0.987  -3.506  -0.357  -2.232   1.243   0.952  -4.040   1.602  -2.218  -2.919   2.435   1.455  -3.756  -2.695   0.917 
