DRB1_0901

Last position-specific scoring matrix computed       
            A       R       N       D       C       Q       E       G       H       I       L       K       M       F       P       S       T       W       Y       V 
  1 A  -5.536  -5.847 -10.307 -10.183  -8.078  -6.433 -10.063  -7.669  -6.230   1.957   0.984  -8.559   2.060   4.974  -5.739  -8.865  -6.330   4.285   5.536   0.427 
  2 A  -1.551   0.390   2.614  -6.177  -0.719   0.493  -5.160   0.729   2.276   1.372  -1.871   1.107  -1.364  -3.714  -7.516   1.210   0.924  -0.560  -2.761   0.923 
  3 A   0.178   1.988  -3.478  -6.651  -2.977   1.820  -1.364  -2.262   2.620  -1.334   1.585   1.293   1.389  -2.322  -1.089   1.627  -2.089  -2.015  -0.272  -1.708 
  4 A   2.260  -4.820  -3.681  -2.096 -10.012  -3.412  -2.674  -0.177  -0.575  -0.212   0.431  -8.523   0.376   1.121  -1.484   3.446  -2.183  -3.042   0.041   1.304 
  5 A  -0.151  -0.363  -0.215  -6.402   0.415  -0.666  -0.683  -5.118   0.885  -0.870   0.288   2.311  -0.188  -3.574   1.306   3.169   0.756  -4.240  -0.654  -1.963 
  6 A   2.800   0.422  -2.337  -4.349  -4.681  -2.327  -0.207   0.883  -5.022  -4.255  -6.214  -1.947  -2.689 -11.142   4.085   3.553   0.427  -6.333  -8.400  -1.012 
  7 A   0.875   1.250   1.379  -0.855  -9.404  -2.444  -1.402  -1.575  -2.319   0.299   0.831  -2.228   1.744  -3.198   2.405   0.262  -1.923  -4.091  -3.049   1.323 
  8 A  -1.317  -1.128  -3.433  -0.552  -7.067   1.134   1.309   0.053  -4.077  -2.809   1.898   0.485   1.279   1.585   3.034  -0.200  -0.976  -4.174  -1.993  -4.690 
  9 A   0.426  -4.321  -4.585  -2.452  -9.505  -1.688  -2.330  -5.330  -6.257   2.124   2.751  -6.714  -0.645  -5.058 -10.445   0.124  -2.152  -6.276  -1.300   3.801 
