DRB1_1461

Last position-specific scoring matrix computed       
            A       R       N       D       C       Q       E       G       H       I       L       K       M       F       P       S       T       W       Y       V 
  1 A  -6.701  -6.614 -10.636 -12.931  -5.818  -7.037 -10.652  -8.967  -7.621   3.683   2.241 -10.237   2.100   4.175  -7.160  -8.874  -6.587   3.798   2.240   1.702 
  2 A  -2.551   1.509   2.362  -5.450  -5.815   2.254  -5.188  -1.321   0.407   1.855  -1.124   1.591   0.314  -6.895  -5.359   1.567  -0.423  -2.352  -5.387   1.434 
  3 A  -2.454   1.263  -1.468  -6.943  -6.421   1.520  -3.038  -1.680   2.961  -0.602   1.114  -0.961   2.201  -1.714  -0.843   0.890  -2.726   4.768   2.194   0.195 
  4 A   0.642  -2.149  -0.284   1.885 -10.226   0.496   0.171  -2.342  -1.973   0.141   0.680  -1.902   0.547  -1.196  -6.540   2.996   0.291  -9.357  -2.513  -0.098 
  5 A  -1.129   0.451   0.770  -4.767   1.155   0.621  -0.284  -4.371   2.258  -0.421   0.768   1.125  -2.284  -0.580   0.816   1.347   0.319  -5.678   1.308  -1.507 
  6 A   0.625   1.507  -0.162  -1.703  -3.781  -1.590  -2.924  -3.110  -2.460  -1.895  -4.164   1.447   0.234 -12.154   5.473   2.275  -0.534  -7.174  -9.945  -0.883 
  7 A   2.295   0.342   2.252  -1.799 -11.164   2.340  -2.423  -3.885  -2.648  -0.128   0.803  -4.471   2.040  -3.721   1.175   1.403  -2.598  -5.330  -1.487  -0.792 
  8 A  -1.899   0.587  -4.488  -1.858  -6.637   2.053  -1.595  -0.813  -4.141  -1.507   3.295  -1.601   2.848  -1.848   2.461  -1.256  -2.146  -5.674  -0.141  -2.147 
  9 A  -1.348  -0.017  -2.668  -2.233 -10.205  -2.340  -3.371  -2.803  -1.810   2.240   2.667  -5.448  -0.505  -0.285  -7.783   0.705  -2.451  -3.085   0.146   2.599 
