DRB1_1142

Last position-specific scoring matrix computed       
            A       R       N       D       C       Q       E       G       H       I       L       K       M       F       P       S       T       W       Y       V 
  1 A  -7.104  -5.317  -8.282 -10.943  -7.609  -5.865  -9.988  -9.169  -8.312   4.147   3.464  -7.629   2.256   1.718  -8.118  -8.162  -6.607   1.104   0.647   1.883 
  2 A  -3.197   1.285   0.772  -2.442  -4.094   1.531  -3.338  -2.696   2.027   1.240   0.012   2.375   0.427  -1.133  -3.741   1.018   0.054  -3.210  -0.416   0.177 
  3 A  -1.287   2.452  -0.863  -7.570  -5.026   0.145  -3.646  -3.404   1.418   0.486   1.801   0.440   0.821  -1.286  -3.268  -0.343   0.128   1.612   0.964   0.697 
  4 A  -2.262  -6.328   0.591  -4.489  -7.774  -3.234  -5.038  -2.858  -3.506   0.865   4.152  -3.698   3.483  -1.187 -12.441   1.266  -4.028  -7.328  -4.358   0.500 
  5 A  -1.148   3.427  -0.733  -5.656   0.036   1.394  -2.586  -1.094  -0.048  -0.848  -0.352   2.069   0.622  -3.302   1.125  -0.488   0.290  -3.580   0.219  -0.814 
  6 A  -0.616   4.245   2.754  -6.055  -5.218  -3.271  -4.687  -1.829  -0.365  -1.877  -2.903   2.572   1.097  -7.754   0.202   1.828   0.796  -5.827  -5.834  -2.848 
  7 A   0.465  -0.124   1.536  -4.944  -8.634   1.216  -4.592  -5.896  -3.053   0.962   3.189  -3.218   2.476  -4.228  -0.109  -0.193  -1.845  -5.005  -1.541  -0.013 
  8 A   1.527   2.484  -1.491  -4.246  -3.722   0.395  -2.003  -0.631  -0.652  -2.417   1.346   0.794   1.443  -1.273   0.529  -0.395  -0.403  -5.829   0.658  -1.650 
  9 A  -0.014   1.627   0.422  -4.455  -6.986  -0.830  -3.377  -1.336   1.038  -0.080   0.125  -0.214   0.188  -0.615  -5.281   2.921   0.925  -2.456   1.335  -0.323 
