DRB1_1447

Last position-specific scoring matrix computed       
            A       R       N       D       C       Q       E       G       H       I       L       K       M       F       P       S       T       W       Y       V 
  1 A -11.478 -10.631 -12.591 -13.448 -10.766 -12.400 -12.083 -12.965  -9.184   1.358   2.388 -12.497   1.328   5.908 -12.015 -12.693 -10.813   2.927   4.616  -0.778 
  2 A  -5.275   1.460   0.982  -5.772  -2.701   1.995  -5.046  -3.500   1.797   0.588   1.834   2.461   0.364  -1.133 -11.124   0.156  -0.611  -4.950  -1.685   0.431 
  3 A  -1.243   2.661   0.222  -7.342  -3.870   0.917  -0.981  -2.578   1.597  -1.104   0.952  -0.536   1.804  -2.333  -4.575   1.184   1.028   1.359   0.942  -0.149 
  4 A   0.412  -4.295   1.794   3.310 -11.113  -0.542   0.920  -3.280  -3.126  -0.966   0.849  -3.041   1.660  -6.212  -7.378   2.643   0.820 -10.497  -8.438  -1.298 
  5 A  -2.497   2.277  -0.100  -4.014  -0.320   0.592  -0.796  -3.913  -0.495   0.005   0.208   1.217  -0.812   0.275   2.136  -0.217   0.455  -2.702   0.866   0.088 
  6 A   0.847   1.875   2.883  -6.173  -4.229  -3.402  -4.556  -0.589  -1.743  -3.034  -3.141   1.107  -0.924  -9.056   1.926   2.373   2.690  -7.052  -8.071  -0.124 
  7 A   0.524  -1.251   3.065  -4.185 -10.434   0.385  -2.356  -7.025  -2.119  -0.160   2.429  -3.574   3.007  -3.077   0.418   0.800  -1.146  -7.023  -0.464  -0.062 
  8 A   1.244   2.628  -4.161  -3.103  -4.766   1.140  -1.865  -2.708  -1.475  -1.671   1.663   1.079   1.759  -0.509   0.519   0.101   0.077  -6.793  -0.387  -2.720 
  9 A   0.591   2.048   0.444  -3.906  -6.662  -0.584  -2.425  -1.870   0.183  -0.370  -0.964  -1.920   0.342  -0.654  -3.481   3.405   0.815  -1.554   2.089  -0.953 
