DRB1_0806

Last position-specific scoring matrix computed       
            A       R       N       D       C       Q       E       G       H       I       L       K       M       F       P       S       T       W       Y       V 
  1 A  -7.186  -5.835 -10.301 -11.471  -7.033  -8.483 -10.696  -9.216  -5.875   3.646   1.071  -9.300   2.345   4.779  -6.672  -8.220  -6.822   3.822   2.990   1.729 
  2 A  -3.210   1.639   0.708  -5.198  -4.290   1.041  -4.828  -2.943  -0.352   2.513  -0.023   2.177   1.488  -5.388  -6.373   0.762  -0.347  -2.178  -3.940   1.710 
  3 A  -1.204   2.497   0.188  -7.978  -5.283  -0.231  -3.440  -0.214   2.383  -0.995  -0.667  -0.396   0.864  -3.446  -3.022   2.174   0.316   3.894   0.638   0.585 
  4 A   1.575  -0.146  -1.932  -3.662  -6.365  -0.523  -1.630  -2.005  -2.057  -0.066   2.104   0.105   1.871  -1.151  -6.008   2.479  -0.372  -6.539  -3.330  -0.284 
  5 A  -2.512   2.482  -0.497  -5.309  -0.037   0.720  -1.681  -3.024   1.105  -0.720   0.773   2.024  -1.556  -0.283   1.371   0.043   0.652  -4.534   1.307  -1.528 
  6 A   0.072   4.590  -0.762  -5.493  -5.700  -2.135  -4.462  -3.152  -2.186  -3.815  -4.473   3.851  -1.952 -12.275   3.651   1.384  -2.152  -9.106  -8.720  -2.695 
  7 A   2.335   1.320   0.693  -4.423  -9.168   1.249  -3.569  -3.710  -2.713   0.176   1.164  -1.904   1.584  -2.485   3.218   0.093  -2.232  -5.600  -1.533  -1.249 
  8 A  -1.449   0.725  -3.764  -3.852  -4.812   1.938  -2.243  -2.057  -1.653  -0.591   3.233  -1.394   2.710  -1.122   1.265  -1.493  -0.495  -5.373   0.010  -0.933 
  9 A   0.586   1.266  -1.240  -2.242  -7.681  -1.121  -2.846   1.274  -1.614   0.355   0.161  -1.866  -0.127  -1.883  -4.461   2.857  -0.114  -2.222   0.180   0.555 
