DRB1_1402

Last position-specific scoring matrix computed       
            A       R       N       D       C       Q       E       G       H       I       L       K       M       F       P       S       T       W       Y       V 
  1 A  -9.949  -7.337  -9.558 -12.858  -9.756  -8.862 -11.037 -10.975  -8.373   1.837   1.818  -8.942   0.923   5.690  -9.461 -10.470 -10.262   3.738   5.164  -0.987 
  2 A  -3.865   2.133   1.324  -5.013  -2.206   2.178  -3.414  -3.283   2.664  -0.717   0.125   2.869  -0.206  -1.657  -8.381   1.304   0.102  -4.825  -1.209  -0.104 
  3 A  -1.135   2.855   0.072  -8.595  -3.678   1.258  -2.342  -3.481   1.969  -0.738   1.572  -0.328   1.867  -1.631  -4.857   0.303   0.528   0.778   1.147  -0.656 
  4 A  -0.141  -4.464   0.489  -0.434  -9.071   0.573  -1.143  -2.227  -3.362   0.997   2.730  -3.646   3.242  -4.307  -8.096   1.457   0.023  -6.603  -5.888   0.568 
  5 A  -1.333   2.386  -0.612  -5.178   0.120   0.791  -1.684  -3.788  -0.135  -0.106   0.096   1.365  -0.643  -0.625   2.232   0.381   0.434  -2.397   0.619  -0.102 
  6 A   1.283   0.587   3.516  -8.253  -4.656  -4.849  -5.144   0.052  -1.864  -2.413  -2.979  -0.102  -0.366  -9.586   1.103   2.988   2.831  -6.464  -9.587  -0.794 
  7 A   0.210  -0.172   3.182  -4.574 -11.293  -0.015  -2.457  -7.235  -2.115   0.371   2.559  -3.902   2.251  -2.904   0.324   0.697  -1.941  -6.263  -0.196  -0.084 
  8 A   0.966   2.738  -4.250  -3.658  -5.392   0.970  -1.813  -2.647  -1.041  -2.124   1.717   1.490   1.134  -0.264   0.470   0.293   0.105  -5.888   0.148  -3.420 
  9 A   0.910  -0.171   0.967  -3.238  -6.039  -0.292  -2.315  -0.535  -0.009   0.315  -0.858  -1.875   0.469  -1.426  -2.085   3.227   1.257  -2.183   0.525  -0.155 
