DRB1_1156

Last position-specific scoring matrix computed       
            A       R       N       D       C       Q       E       G       H       I       L       K       M       F       P       S       T       W       Y       V 
  1 A  -7.075  -5.248  -8.593 -10.520  -7.477  -8.014 -10.447  -8.019  -7.231   3.898   2.565  -8.526   1.889   3.796  -7.611  -7.284  -6.057   1.660   2.208   1.755 
  2 A  -3.203   1.384   0.621  -3.057  -2.892   0.823  -3.320  -3.605   2.307   1.100   0.001   2.665   0.984  -2.332  -4.983   1.485   0.174  -2.243  -0.452   0.112 
  3 A  -0.588   2.273  -0.584  -7.431  -3.430  -0.653  -4.008  -1.826   1.738  -0.221   1.101  -0.129   0.192  -0.964  -4.254   0.901   0.912   2.164   0.700   0.926 
  4 A  -0.448  -4.853  -1.371  -7.016  -5.598  -3.404  -5.353  -2.838  -3.839   0.645   4.051  -3.152   3.529  -0.862  -9.825   1.441  -3.516  -7.255  -5.143   0.703 
  5 A  -1.547   3.556  -1.206  -6.396  -0.163   0.964  -2.749  -1.286  -0.480  -0.703   0.443   2.029   0.110  -2.803   1.494  -0.900   0.047  -3.465   0.242  -0.862 
  6 A   0.082   4.710   1.804  -7.166  -4.030  -3.320  -5.225  -1.815  -0.145  -2.474  -2.823   2.945   0.139  -7.329   0.805   1.466  -0.363  -5.485  -5.950  -3.082 
  7 A   0.405   1.289   0.628  -6.627  -8.893   1.017  -4.785  -5.936  -2.387   0.559   3.308  -2.154   2.665  -2.741   0.146  -0.447  -2.110  -4.559  -0.739  -1.269 
  8 A   0.994   1.797  -1.935  -4.030  -3.417   1.259  -1.761  -0.757  -0.248  -2.088   1.534   0.497   1.847  -1.013   0.622   0.116   0.503  -5.259  -0.159  -1.722 
  9 A   0.352   2.407   0.359  -3.808  -7.297  -0.484  -3.261   0.623   0.649  -1.158  -1.633   0.638  -0.701  -1.671  -5.026   3.235   0.743  -1.922   0.293  -1.163 
