DRB1_1443

Last position-specific scoring matrix computed       
            A       R       N       D       C       Q       E       G       H       I       L       K       M       F       P       S       T       W       Y       V 
  1 A  -9.134  -8.812 -13.356 -13.658 -10.510  -9.686 -12.460 -13.130 -10.634   4.236   3.274 -10.915   2.747   2.494  -9.785 -11.996 -10.095   2.354   0.313   1.878 
  2 A  -3.753   2.110   1.963  -4.229  -6.861   2.428  -4.490  -1.352   0.933   1.182  -0.432   2.550  -0.184  -5.576  -3.909   1.404  -1.120  -8.187  -4.873   0.710 
  3 A  -2.042   1.741  -0.913  -8.458  -5.987   1.348  -3.134  -2.805   1.465   0.212   1.176  -1.787   2.758  -1.210  -2.174  -0.076  -0.523   4.020   2.452   0.705 
  4 A  -0.065  -5.179  -0.262   1.242  -8.978   0.358  -1.488  -2.424  -3.393   0.381   2.938  -2.251   2.251  -2.328  -9.185   2.340  -1.572  -9.667  -4.628  -0.425 
  5 A  -2.157   2.013   1.044  -4.181   0.808   1.358  -1.300  -2.919   1.533   0.086   0.729   0.468  -0.591  -1.162   0.856  -0.079   0.367  -3.634   1.110  -0.760 
  6 A  -0.458   3.320   0.786  -2.577  -5.008  -2.400  -5.066  -3.099  -1.883  -1.267  -3.269   2.324   0.805 -10.884   4.165   1.559   0.970  -8.710  -9.067  -1.214 
  7 A   1.859  -2.103   2.473  -2.629 -10.984   1.869  -3.364  -6.803  -4.224   0.372   2.694  -4.639   1.992  -6.561   0.492   1.118  -2.384  -8.298  -2.887  -1.076 
  8 A  -0.075   1.982  -2.685  -2.548  -4.939   2.386  -1.562  -1.529  -1.655  -2.752   2.495  -0.073   2.871  -1.853   2.240  -1.463  -2.182  -6.612  -0.218  -2.722 
  9 A   0.062   2.811  -0.708  -4.110  -8.261  -0.199  -3.446  -0.574   0.963  -0.041   0.247  -1.688   0.138  -0.169  -6.093   2.706  -0.321  -2.324   1.394  -0.538 
