DRB1_0805

Last position-specific scoring matrix computed       
            A       R       N       D       C       Q       E       G       H       I       L       K       M       F       P       S       T       W       Y       V 
  1 A  -7.903  -4.668  -8.240  -9.413  -7.941  -7.161  -9.055  -8.117  -5.584   2.390  -0.560  -7.832  -0.122   6.081  -6.691  -7.754  -6.964   3.750   5.305  -0.955 
  2 A  -3.228   1.862   0.860  -4.586  -2.225   1.271  -3.053  -3.908   2.250   0.442  -0.348   2.674   0.985  -2.845  -7.507   1.898   0.614  -1.840  -1.254   0.126 
  3 A  -1.296   2.838   0.117  -8.077  -3.602  -0.269  -3.125  -2.051   2.331  -1.477   0.852   0.794  -0.751  -1.730  -4.516   1.942   0.267   2.472   0.171   0.148 
  4 A   0.707  -1.732  -1.483  -6.364  -6.485  -0.904  -2.982  -1.867  -3.239   0.521   2.967  -2.630   2.534  -2.024  -6.570   2.242  -0.191  -7.734  -4.347   0.947 
  5 A  -1.384   3.211  -1.967  -7.367  -0.298   0.308  -2.899  -4.288   0.110  -0.555   0.070   2.614  -1.452  -1.671   2.654   0.160   0.672  -4.648   0.140  -1.466 
  6 A   1.191   4.173   1.018  -9.033  -2.969  -2.892  -3.880  -1.437  -0.926  -2.374  -3.464   2.639  -0.703  -9.040   1.273   2.140  -0.424  -4.851  -6.067  -1.402 
  7 A   0.628   2.696   0.815  -6.747  -9.325   1.292  -3.734  -4.711  -1.250   0.420   1.933  -2.052   2.575  -1.507   1.652  -0.620  -1.859  -3.712  -0.250  -1.326 
  8 A  -0.267   1.209  -3.374  -3.135  -4.996   1.394  -0.984  -0.883  -1.714  -1.173   2.055   0.265   1.562  -0.438   0.523   0.084   1.148  -3.847   0.679  -2.102 
  9 A   0.369  -1.907   0.507  -1.099  -7.316  -0.303  -0.929   0.735  -0.779   0.530  -1.092  -1.909  -1.525  -2.694  -1.925   3.509   0.856  -1.479  -0.125   0.244 
