DRB1_1465

Last position-specific scoring matrix computed       
            A       R       N       D       C       Q       E       G       H       I       L       K       M       F       P       S       T       W       Y       V 
  1 A  -6.896  -5.089  -9.168 -11.424  -7.285  -7.459 -10.808  -9.834  -6.881   4.336   3.119  -8.128   1.633   2.784  -7.366 -10.239  -7.568   1.296   0.483   1.793 
  2 A  -2.994   1.067   1.344  -2.534  -5.535   1.418  -3.677  -1.929   1.604   1.857   0.091   1.529   1.533  -2.449  -4.434   1.287  -0.007  -5.008  -1.550   0.431 
  3 A  -1.763   1.829  -1.958  -9.417  -6.483   0.662  -3.923  -1.957   0.921   0.173   2.319  -0.210   0.416  -1.152  -3.697   0.578  -0.650   3.389   1.574   0.195 
  4 A  -2.691 -10.072  -1.687  -2.607  -9.385  -5.854  -6.051  -3.716  -4.486   0.917   4.170  -7.838   3.184   0.631 -12.532   2.268  -3.659 -10.841  -4.128   0.447 
  5 A  -1.335   2.862  -0.827  -5.531   0.249   1.503  -2.137  -2.281   0.494  -0.893  -0.025   2.128  -1.031  -3.450   2.251  -0.340   0.865  -4.497   0.806  -1.321 
  6 A   0.364   3.272   3.008  -3.199  -4.223  -1.928  -3.254  -3.326  -1.724  -0.354  -3.817   2.106   1.528  -8.282  -0.494   2.273   1.222  -5.582  -6.172  -1.966 
  7 A   0.901   0.170   1.542  -4.358  -8.999   2.501  -3.992  -6.214  -4.871   0.529   2.798  -5.281   2.928  -4.522   1.360   0.276  -2.391  -3.955  -2.757  -0.969 
  8 A   0.479   1.339  -1.617  -1.851  -5.053   0.522  -1.728   0.815  -1.478  -1.207   1.612  -0.890   2.072  -0.960   1.744  -0.993  -1.385  -5.147   1.414  -1.453 
  9 A  -0.468  -0.359   1.075   0.052  -6.593  -0.996  -0.694  -3.554   0.785  -0.127   0.357  -1.588  -2.055  -2.298  -5.991   3.310   0.928  -3.394   0.585   1.024 
