DRB1_1427

Last position-specific scoring matrix computed       
            A       R       N       D       C       Q       E       G       H       I       L       K       M       F       P       S       T       W       Y       V 
  1 A  -9.574  -6.504 -11.109 -12.023  -9.368  -9.534 -10.927 -10.530  -6.849   2.003   0.466  -9.756   1.142   5.896  -9.785  -9.223  -7.743   3.631   5.425  -0.315 
  2 A  -3.742   2.294   0.491  -5.860  -1.616   1.307  -3.739  -4.550   1.550  -0.276  -0.035   3.503   0.300  -2.377  -8.293   1.422   0.100  -2.260  -1.704   0.496 
  3 A  -0.767   3.313   0.593  -8.076  -2.878  -0.470  -3.264  -1.911   1.645  -1.258  -0.097   0.778   0.186  -1.631  -4.950   1.670   1.148   1.355  -0.432   0.232 
  4 A   1.178   0.106  -0.311  -4.921  -5.747   0.713  -2.021  -1.827  -2.009  -0.021   2.522  -0.353   2.786  -3.615  -4.140   1.301  -0.538  -6.782  -5.745   0.142 
  5 A  -1.421   3.100  -1.243  -6.367  -0.978   0.354  -2.587  -2.809  -0.388  -0.525   0.618   1.809  -0.331  -0.362   1.815   0.418  -0.002  -3.257   0.158  -0.631 
  6 A   1.011   3.837   0.665  -9.796  -4.189  -3.757  -5.243  -0.090  -0.867  -3.910  -2.088   2.534  -1.584  -9.499   2.449   2.270  -0.488  -5.645  -6.782  -1.777 
  7 A   0.835   1.894   1.508  -5.843  -8.062   0.009  -3.413  -3.797  -0.908   0.388   1.779  -1.156   2.020  -1.732   1.786  -0.039  -1.496  -4.286   0.596  -1.128 
  8 A   0.261   1.934  -4.332  -5.376  -4.662   1.735  -1.911  -3.478  -1.143  -1.433   2.046   0.841   1.662  -0.398  -0.160   0.820   1.247  -4.939  -0.309  -1.998 
  9 A   1.270   1.045  -0.254  -6.123  -7.724  -0.873  -4.432   2.083  -1.731  -0.398  -1.896  -1.604   0.044  -2.574  -2.569   3.533   0.849  -1.407  -0.657  -0.698 
