DRB1_1418

Last position-specific scoring matrix computed       
            A       R       N       D       C       Q       E       G       H       I       L       K       M       F       P       S       T       W       Y       V 
  1 A  -9.014  -8.920 -12.523 -13.632  -9.804  -9.485 -13.043 -12.926 -10.432   4.028   3.475 -10.613   2.785   2.587  -9.474 -11.546  -9.887   2.226   0.511   1.698 
  2 A  -3.484   2.360   2.240  -4.039  -7.083   2.570  -4.144  -1.793   1.416   0.627  -0.993   2.812  -0.481  -6.064  -3.671   1.608  -1.018  -8.897  -4.894   0.294 
  3 A  -2.269   1.673  -0.799  -9.214  -5.772   1.991  -3.264  -3.465   1.620   0.219   1.418  -1.553   2.919  -1.730  -1.647  -0.401  -0.751   3.784   2.234   0.554 
  4 A   0.008  -5.005  -0.184  -0.578  -8.741   0.805  -1.754  -3.257  -3.197   0.861   3.358  -2.943   2.728  -2.395 -10.085   1.422  -1.634 -11.667  -5.239   0.225 
  5 A  -1.031   1.892   1.187  -4.261   0.355   1.641  -1.324  -2.333   1.585   0.017   0.631   0.372  -0.551  -1.708   0.976   0.056   0.134  -4.298   0.665  -0.887 
  6 A   0.103   2.918   1.396  -2.827  -5.374  -1.993  -4.841  -2.671  -0.991  -1.207  -3.645   2.113   1.124 -10.932   4.280   1.447   0.739 -10.374  -9.399  -1.497 
  7 A   1.886  -1.258   3.007  -2.397 -11.861   2.414  -3.003  -6.359  -3.005  -0.004   2.393  -4.822   1.694  -6.848  -0.357   1.343  -2.456  -8.269  -2.759  -1.557 
  8 A  -0.100   2.370  -3.133  -2.681  -5.038   2.493  -1.685  -1.748  -1.364  -2.538   2.489   0.152   2.518  -1.790   1.776  -1.139  -2.570  -6.280   0.056  -2.826 
  9 A   0.113   2.211  -0.717  -4.369  -8.435  -0.506  -3.417  -1.002   0.640   0.517   1.011  -2.237   1.058  -0.119  -5.889   2.307  -0.143  -2.499   0.785   0.092 
