DRB1_1515

Last position-specific scoring matrix computed       
            A       R       N       D       C       Q       E       G       H       I       L       K       M       F       P       S       T       W       Y       V 
  1 A  -5.221  -2.815  -5.673  -8.163  -5.002  -5.965  -7.230  -7.127  -4.861   2.959   2.488  -6.592   1.720   3.579  -8.403  -5.394  -4.171   2.823   3.540   1.667 
  2 A  -1.412   1.843  -1.077  -2.479  -1.143   1.722  -0.924  -3.587   2.430   0.276  -0.213   1.825   0.980  -1.676  -4.780   0.122  -0.333  -0.407   1.725   0.392 
  3 A   0.618   2.727  -1.583  -7.011  -4.842  -1.312  -4.300  -0.005   1.875   0.642   0.686  -0.094  -1.255  -0.200  -2.317   0.544   0.371   0.279   0.997  -1.026 
  4 A  -5.138  -3.167  -4.549 -10.064  -7.130  -4.459  -5.452  -3.241  -1.531   1.639   3.349  -1.359   4.599   3.064 -10.963  -0.884  -6.273   0.472  -0.370   0.229 
  5 A  -1.073   3.494  -3.558  -7.520  -0.902   0.978  -1.926   0.038  -2.225  -3.518  -0.069   3.161  -0.770  -3.115   0.408   1.410  -0.212  -4.042  -0.122  -2.366 
  6 A   2.167  -0.327   3.331  -4.923  -5.475  -6.192  -6.034   1.428  -2.846  -4.524  -1.467  -4.107  -1.427  -7.776  -1.880   4.635   0.652  -2.040  -7.328  -4.505 
  7 A  -2.213   2.285  -0.333  -6.936 -10.665   0.175  -3.873  -3.331  -1.342   0.347   1.644  -0.656   2.091   0.516   0.956   0.230  -2.888   2.674   2.894  -0.832 
  8 A   0.864   2.844  -1.357  -5.536  -1.978  -2.709  -2.723   0.147  -1.378  -1.471   0.228  -0.757  -1.238  -1.271   0.029   1.386   1.852  -5.007  -0.112   0.379 
  9 A   1.093   3.458   0.864  -6.618  -7.727  -3.886  -6.838  -0.267  -0.389  -1.867  -1.151   2.104  -2.997  -4.879  -5.187   2.776   1.113  -5.665  -4.240  -0.205 
