DRB1_0465

Last position-specific scoring matrix computed       
            A       R       N       D       C       Q       E       G       H       I       L       K       M       F       P       S       T       W       Y       V 
  1 A  -8.395  -7.067  -9.359 -11.534  -9.471  -8.637 -11.097  -9.576  -8.827   3.375   2.948 -10.044   2.474   3.906 -10.179  -9.837  -9.344   2.874   2.109   1.828 
  2 A  -2.438   1.579   0.822  -4.501  -3.497   2.487  -3.264  -3.406   1.695   0.547   0.075   2.009   1.649  -3.927  -4.944   0.913  -0.506  -7.109  -0.808   1.493 
  3 A  -0.288   1.466  -1.746  -7.198  -6.310   1.397  -2.879  -1.125   1.211   0.296   0.954  -2.508   2.788  -0.979  -1.619   0.701   0.491   1.953   2.608  -0.902 
  4 A  -1.238  -8.310  -5.659  -0.438  -8.476  -0.934  -2.221  -3.585  -7.191   2.056   3.327  -5.032   3.901   0.684  -9.954   0.605  -0.172  -3.683  -2.512  -0.269 
  5 A  -2.719   1.068   0.174  -3.841   2.298   0.833  -0.632  -3.409   0.188  -0.602  -0.141   0.465  -0.975  -0.110   1.317   0.235   0.827   0.012   2.464   0.224 
  6 A   0.561  -6.027   4.769  -2.174  -5.557  -6.447  -6.510  -2.259  -7.629  -3.391  -4.553  -5.740  -3.653 -12.293   1.996   4.246   3.542  -8.450 -12.235  -2.022 
  7 A   0.371  -2.904   2.909  -2.535 -10.437  -0.634  -0.948  -8.266  -5.564   0.428   2.960  -5.027   1.720  -2.630   1.896   0.916  -2.657  -3.871  -1.247  -1.164 
  8 A  -0.222   1.083  -2.733  -1.567  -5.129   0.996  -1.827  -0.220  -1.150  -2.145   1.716   0.041   1.688  -1.648   3.760  -0.080  -0.046  -4.827  -1.789  -2.648 
  9 A   0.920   1.566   0.791  -0.988  -5.967  -0.387  -2.259   0.058   1.591  -1.582  -1.098  -0.584  -0.595  -3.113  -1.882   2.957   1.665  -1.880  -1.019  -1.523 
