DRB1_0437

Last position-specific scoring matrix computed       
            A       R       N       D       C       Q       E       G       H       I       L       K       M       F       P       S       T       W       Y       V 
  1 A  -6.764  -5.336  -6.328  -8.935  -6.548  -5.826  -8.229  -7.769  -7.509   3.436   3.210  -7.202   2.745   2.835  -7.879  -7.685  -7.398   2.800   2.361   1.503 
  2 A  -2.250   1.793   0.778  -4.385  -3.024   2.765  -2.624  -2.965   2.017  -0.139  -0.402   2.598   0.691  -2.956  -4.455   0.236  -0.463  -5.631  -0.444   1.322 
  3 A  -0.254   1.958  -1.186  -6.393  -6.664   1.943  -2.428  -3.177   1.673   1.139   1.031  -0.885   2.799  -1.286  -0.961  -0.395  -0.279  -0.436   2.212  -1.371 
  4 A  -1.772  -7.036  -1.937  -1.100  -8.736  -0.215  -2.542  -2.672  -5.373   2.628   3.177  -3.756   3.698  -0.504 -10.333  -0.160  -0.824  -3.476  -2.186   0.360 
  5 A  -1.145   0.910   0.347  -4.734   1.968   0.900  -1.669  -2.394  -0.249  -0.242  -0.848   0.704  -0.096   0.355   0.493   0.645   0.667  -0.239   2.273   0.392 
  6 A   0.364  -5.924   5.291  -4.258  -7.113  -7.501  -7.535  -1.332  -7.345  -4.351  -4.984  -6.175  -3.903 -12.631   0.475   4.226   3.865  -8.430 -12.224  -3.298 
  7 A   0.192  -3.029   3.259  -2.745  -9.859  -1.794  -2.166  -7.454  -4.457   0.878   3.008  -5.105   1.030  -3.483   1.021   0.691  -2.575  -3.975  -0.619   0.127 
  8 A   0.894   1.878  -3.114  -3.303  -4.163  -0.098  -2.450  -1.157  -0.894  -2.219   1.787   0.830   0.449  -0.844   2.964  -0.124   0.364  -5.196  -0.984  -2.283 
  9 A   0.299   1.157   0.724  -3.644  -6.175  -1.234  -3.179  -0.263   1.119   0.230   0.230  -0.802   1.225  -1.140  -2.286   2.002   1.541  -1.697   0.278  -0.454 
