DRB1_0821

Last position-specific scoring matrix computed       
            A       R       N       D       C       Q       E       G       H       I       L       K       M       F       P       S       T       W       Y       V 
  1 A  -9.205  -5.317  -9.918 -11.455  -8.621  -8.878 -10.319  -9.599  -5.634   1.937  -0.199 -10.281   1.629   5.730  -9.392  -9.915  -7.948   4.176   5.701  -0.145 
  2 A  -3.422   2.584   0.247  -6.252  -1.588   1.459  -4.403  -3.566   0.397   0.115  -0.199   3.340   0.588  -2.937  -8.119   1.086  -0.106  -1.550  -1.691   1.066 
  3 A  -0.637   3.681   0.731  -7.397  -3.624  -0.482  -3.166  -1.298   1.657  -1.543  -1.374   0.912   0.187  -2.075  -3.954   1.810   1.180   1.549  -0.299  -0.117 
  4 A   1.239   1.204  -0.939  -4.163  -5.811   1.329  -1.445  -1.201  -1.385  -0.149   1.742   1.130   2.423  -3.173  -2.648   0.995  -0.867  -5.093  -4.404  -0.600 
  5 A  -1.658   3.033  -1.329  -5.542  -0.938   0.126  -2.426  -3.134  -0.188  -0.707   0.665   1.851  -0.643   0.263   1.387   0.641   0.058  -2.650   0.933  -0.990 
  6 A   1.023   3.555  -0.239  -7.573  -4.926  -3.414  -4.947   0.001  -1.773  -4.435  -1.692   2.545  -2.701 -10.129   3.292   2.419  -0.631  -6.249  -7.262  -1.868 
  7 A   1.332   1.841   1.060  -5.791  -8.098  -0.190  -3.236  -3.443  -1.246   0.415   1.052  -0.791   1.467  -1.393   2.837  -0.116  -1.748  -3.833   0.946  -1.021 
  8 A  -0.334   1.674  -4.451  -5.196  -4.585   1.742  -2.272  -4.283  -1.491  -1.532   2.367   0.765   1.630  -0.715   0.597   0.773   1.450  -5.444  -0.457  -1.640 
  9 A   1.611   1.469  -0.855  -7.099  -8.472  -1.031  -5.555   3.004  -2.952  -1.060  -2.291  -1.525  -0.251  -3.557  -1.997   3.322   0.234  -1.876  -1.226  -1.165 
