DRB1_1610

Last position-specific scoring matrix computed       
            A       R       N       D       C       Q       E       G       H       I       L       K       M       F       P       S       T       W       Y       V 
  1 A  -5.161  -2.462  -4.783  -6.866  -5.194  -5.220  -6.166  -5.974  -4.556   3.057   2.479  -5.628   1.465   3.425  -7.137  -4.799  -4.295   2.780   3.681   1.264 
  2 A  -1.610   1.867  -0.417  -2.299  -1.080   2.135  -0.901  -4.515   2.724  -0.265  -0.533   2.120   1.171  -1.952  -4.909   0.457  -0.315  -1.862   1.550   0.151 
  3 A   0.396   2.799  -1.338  -7.237  -5.175  -0.494  -4.092  -0.834   2.339   0.350   0.838   0.537  -0.629  -0.441  -2.602   0.166   0.293   0.226   1.485  -1.350 
  4 A  -5.049  -4.256  -3.944 -12.265  -6.369  -4.049  -6.216  -3.531  -2.348   2.290   3.664  -2.734   4.598   1.924 -11.342  -0.921  -5.454  -0.722  -1.076   0.617 
  5 A  -0.404   3.450  -3.365  -8.462  -0.789   0.984  -2.248  -0.887  -2.454  -2.919  -0.382   3.332  -1.057  -3.148   0.533   0.955   0.337  -4.201   0.211  -1.731 
  6 A   2.080  -0.509   3.984  -6.234  -5.969  -6.241  -6.569   1.077  -2.498  -4.444  -2.253  -3.990  -1.387  -9.568  -2.619   4.647   1.196  -3.746  -7.742  -5.112 
  7 A  -2.067   2.088   0.141  -7.241  -9.629   0.336  -4.609  -4.139  -0.751   0.483   1.938  -0.488   2.045   0.083   0.688   0.007  -2.500   2.408   2.604  -0.664 
  8 A   1.113   2.956  -2.207  -5.525  -2.402  -2.738  -2.171  -0.204  -1.061  -1.334   0.447  -0.425  -1.088  -1.035   0.191   0.926   1.719  -5.362  -0.039   0.123 
  9 A   0.663   2.084   0.945  -5.564  -7.127  -3.171  -4.858  -0.439   0.185  -0.404  -0.083   1.389  -1.141  -3.803  -4.255   2.661   1.485  -4.529  -2.839   0.404 
