DRB1_1349

Last position-specific scoring matrix computed       
            A       R       N       D       C       Q       E       G       H       I       L       K       M       F       P       S       T       W       Y       V 
  1 A  -7.706  -4.728  -7.961 -10.069  -6.562  -7.204  -9.202  -8.115  -6.114   2.834   0.749  -7.274   0.135   5.776  -6.595  -6.900  -6.106   2.978   4.670  -0.422 
  2 A  -3.431   1.631   0.744  -3.707  -2.474   1.098  -2.778  -4.297   2.793   0.251  -0.089   2.593   1.187  -1.878  -7.281   1.996   0.603  -2.434  -0.378  -0.651 
  3 A  -1.336   2.545  -0.247  -7.646  -3.737  -0.479  -3.304  -2.181   1.843  -1.349   1.510   0.869  -1.267  -1.164  -5.435   1.807   0.328   2.151   0.325   0.167 
  4 A  -0.380  -3.852  -1.465  -6.486  -6.214  -2.992  -4.419  -2.614  -4.163   0.833   3.622  -4.198   2.775  -1.650  -9.352   2.230  -0.812  -8.168  -5.400   1.266 
  5 A  -1.371   3.448  -2.348  -7.389  -0.109   0.614  -3.632  -3.564  -0.210  -0.595  -0.076   2.696  -0.961  -2.468   2.660  -0.220   0.738  -4.918  -0.072  -1.505 
  6 A   0.934   4.114   1.871  -9.112  -2.774  -3.291  -3.900  -1.906  -0.511  -1.640  -3.359   2.720  -0.118  -6.931  -0.174   1.936   0.037  -4.450  -4.889  -1.496 
  7 A   0.080   2.398   0.586  -7.515  -9.849   1.583  -4.095  -5.325  -1.638   0.318   2.678  -2.524   3.058  -1.629   0.869  -0.743  -1.817  -3.277  -0.371  -1.692 
  8 A   0.434   1.260  -2.639  -2.694  -4.871   1.074  -1.100  -0.327  -1.149  -1.043   1.351   0.395   1.682  -0.742   0.301   0.355   1.111  -3.414   0.922  -2.033 
  9 A  -0.058  -1.596   1.362  -0.652  -7.428  -0.277  -0.489  -0.573   0.379   0.030  -1.629  -0.950  -2.033  -2.270  -2.285   3.708   1.264  -1.789   0.143  -0.131 
