DRB1_0324

Last position-specific scoring matrix computed       
            A       R       N       D       C       Q       E       G       H       I       L       K       M       F       P       S       T       W       Y       V 
  1 A  -5.763  -5.086  -9.486 -10.560  -5.331  -7.094  -9.212  -8.952  -7.242   3.149   3.903  -8.623   2.574   1.870  -6.464  -6.406  -5.230   0.292   0.194   2.209 
  2 A  -4.253  -0.251   0.849  -2.733  -4.855   1.189  -5.109  -1.669  -0.119   2.044   2.324   0.723   0.681  -0.240  -6.462  -0.984  -0.740  -2.528  -1.670   1.073 
  3 A  -1.079   1.702  -0.707  -4.865  -4.282  -0.145  -0.849  -1.688   0.295   0.231   0.687  -0.104   1.559  -1.526  -2.536   1.304   0.727   1.864   0.863   0.809 
  4 A  -1.306  -5.044   1.110   5.614  -8.199  -4.373   0.079  -3.448  -1.521  -4.670  -1.090  -2.243  -1.582  -5.162  -8.287   3.831  -1.340 -10.627  -7.047  -4.568 
  5 A  -3.167   2.189   0.508  -1.731  -0.276   0.848  -0.258  -1.796   0.302  -0.863   0.178   0.716   0.687  -0.055   0.637  -0.598   0.317  -1.784   1.204   0.240 
  6 A  -0.846   3.635   0.716  -1.316  -2.942  -0.602  -2.021  -2.121  -0.848  -2.146  -2.101   2.505  -0.736  -6.264   2.123   1.065   1.102  -4.374  -4.330  -0.578 
  7 A   0.495  -2.300   0.870  -2.229  -7.987   0.452  -2.836  -4.885  -3.720   0.413   3.033  -3.308   2.901  -3.867   0.375   0.801  -0.328  -7.136  -1.792   0.134 
  8 A   1.087   1.743  -0.881  -2.246  -3.526   0.975  -1.366  -1.554  -1.119  -1.843   1.388   0.542   2.878  -1.607   1.107  -0.486  -0.563  -5.851  -0.813  -0.789 
  9 A  -0.769   4.743  -1.373  -5.008  -6.784  -1.057  -3.074  -3.911   1.040  -1.970  -0.934  -0.537  -0.489   0.177  -6.845   2.019  -0.385  -2.632   3.261  -1.507 
