DRB1_1472

Last position-specific scoring matrix computed       
            A       R       N       D       C       Q       E       G       H       I       L       K       M       F       P       S       T       W       Y       V 
  1 A  -8.159  -8.403 -12.472 -12.812  -9.760  -8.674 -12.183 -11.190 -10.171   4.335   3.591  -9.773   2.420   1.644  -9.134 -10.638  -8.540   1.437  -0.481   1.873 
  2 A  -3.661   1.582   1.899  -3.084  -6.367   2.168  -4.232  -1.018   1.503   1.428  -0.566   2.235  -0.699  -3.326  -3.714   1.377  -0.066  -4.673  -3.362   0.351 
  3 A  -1.955   1.891  -1.505  -8.406  -6.110   0.635  -3.721  -3.135   1.497   0.460   2.019  -0.226   1.414  -0.830  -2.409  -0.204  -1.088   3.340   1.682   0.644 
  4 A  -0.952  -6.220   0.775  -0.314  -8.517  -1.718  -3.342  -2.114  -2.184   0.328   3.317  -3.496   2.434  -0.982 -11.136   2.764  -3.410 -11.294  -5.006   0.273 
  5 A  -1.114   2.622   0.095  -5.128   0.215   1.005  -1.818  -2.009   1.418  -0.140   0.452   1.278   0.419  -2.982   1.227   0.064   0.262  -4.118   0.349  -0.964 
  6 A  -0.164   4.077   0.821  -3.561  -4.162  -2.418  -3.916  -2.927  -1.258  -1.110  -3.351   2.598   1.467 -10.242   3.000   1.498   0.411  -7.538  -7.688  -2.402 
  7 A   1.264  -0.652   2.032  -3.632  -9.957   1.761  -4.554  -6.041  -4.062   0.913   2.964  -5.315   2.452  -6.280  -0.334   0.595  -1.919  -6.797  -3.205  -0.481 
  8 A   1.056   1.712  -1.960  -3.159  -4.918   1.371  -1.853  -0.346  -1.874  -2.426   2.034   0.189   2.540  -1.678   1.579  -0.599  -1.581  -6.590   0.295  -2.266 
  9 A  -0.094   1.641  -0.573  -3.971  -7.647  -0.648  -3.496  -2.471   1.103   0.345   0.963  -1.660  -0.073  -0.356  -7.398   2.747  -0.152  -2.004   1.491   0.874 
