DRB1_0448

Last position-specific scoring matrix computed       
            A       R       N       D       C       Q       E       G       H       I       L       K       M       F       P       S       T       W       Y       V 
  1 A -10.211  -6.648  -9.091 -11.501  -9.199  -8.982  -9.466 -10.385  -6.220   1.933   1.243  -9.162   0.193   6.137  -8.548  -9.795  -8.598   4.053   4.542  -0.687 
  2 A  -2.200   1.247   0.360  -4.580  -2.058   1.989  -2.268  -2.779   2.532  -0.117   0.867   1.326   1.398  -2.072  -7.490   1.377   0.236  -5.275   0.192   0.514 
  3 A  -1.014   1.513  -1.055  -6.249  -5.305   1.596  -2.205  -1.206   1.510  -1.297   1.792  -1.485   1.175  -0.866  -3.795   1.731   0.294   1.893   2.224  -1.586 
  4 A  -1.522  -7.909  -4.546   0.650  -9.060  -1.729  -0.965  -3.393  -8.094   1.961   2.978  -5.799   3.404  -0.158  -9.163   1.255   0.747  -3.274  -4.844   0.321 
  5 A  -2.579   0.983  -1.116  -4.243   1.659   0.786  -1.147  -5.159  -0.441  -0.007  -0.225   1.106  -1.826   0.660   2.671   0.125   1.349  -1.220   1.963  -0.302 
  6 A   0.933  -5.192   4.346  -4.498  -3.160  -5.824  -5.015  -2.218  -6.169  -1.134  -4.139  -4.130  -1.513 -12.013  -0.933   4.001   3.517  -7.984 -10.327   0.463 
  7 A  -0.050  -1.598   2.571  -3.057 -10.795   0.858  -0.588  -7.989  -2.993   0.154   2.225  -5.489   2.592  -0.551   1.787   0.705  -1.915  -2.264  -0.011  -0.530 
  8 A  -0.534   0.683  -3.143  -0.571  -4.791   0.178  -0.987   0.223  -1.925  -0.156   1.736  -1.089   1.020  -0.763   2.634   0.153  -0.154  -3.586   0.066  -1.601 
  9 A   0.131  -2.759   1.912   2.841  -4.786  -0.926   0.711  -2.627   0.351  -1.029  -1.901  -2.711  -2.903  -3.965  -1.144   3.295   1.622  -1.866  -1.459  -1.084 
