DRB1_1367

Last position-specific scoring matrix computed       
            A       R       N       D       C       Q       E       G       H       I       L       K       M       F       P       S       T       W       Y       V 
  1 A  -4.792  -3.984  -5.137  -8.398  -5.507  -2.960  -5.373  -6.830  -5.918   3.024   3.206  -5.637   2.682   2.157  -5.890  -5.942  -5.382   2.534   3.210   1.271 
  2 A  -2.072   1.629   1.249  -4.362  -3.120   3.341  -2.217  -2.560   1.638   0.499  -0.400   2.194  -1.496  -1.342  -4.994   0.186   0.220  -3.531  -1.059   0.566 
  3 A  -1.664   2.044   0.225  -4.483  -6.274   2.785  -1.778  -5.961   2.933   0.944   1.128   1.011   2.360  -2.476  -0.841  -1.741  -1.345  -2.536   0.942  -1.169 
  4 A  -1.104  -4.449   2.902  -1.172  -7.614   0.639  -2.032  -0.711  -1.821   2.275   1.392  -3.761   1.927  -3.687  -7.494   0.926  -0.183  -6.414  -3.211   1.130 
  5 A   0.865   0.661   0.999  -5.357  -0.136  -0.109  -1.697  -2.570  -0.211   0.132  -1.831   1.184   0.117  -0.568   0.491   1.605   0.762  -2.219   1.230   0.219 
  6 A   0.406  -2.669   4.683  -5.027  -7.350  -5.493  -5.397   0.057  -5.222  -3.942  -4.404  -3.999  -1.023 -11.940   0.613   4.058   3.680  -9.028  -9.907  -3.102 
  7 A  -0.406  -2.933   3.483  -2.800  -7.942  -2.297  -3.962  -5.867  -2.448   1.799   1.141  -3.712   0.647  -3.937  -1.262   0.561  -1.086  -4.415  -0.428   2.930 
  8 A   1.830   1.892  -2.804  -4.431  -4.788  -1.741  -3.062  -1.539  -1.895  -1.351   2.109   0.823  -0.198  -0.569   2.050   0.093  -0.776  -7.958  -0.205  -1.917 
  9 A  -1.243  -4.611  -2.145  -8.498  -7.801  -4.226  -4.630  -5.144  -2.294   3.190   2.504  -6.302   2.369   0.513  -6.793  -0.897  -0.046  -2.560   1.314   2.272 
