DRB1_1360

Last position-specific scoring matrix computed       
            A       R       N       D       C       Q       E       G       H       I       L       K       M       F       P       S       T       W       Y       V 
  1 A  -7.832  -5.531  -8.894 -11.317  -8.158  -6.431  -9.145 -10.073  -7.234   2.803   1.976  -8.175   1.430   4.896  -8.061  -8.446  -7.933   3.371   4.905  -0.122 
  2 A  -4.407   2.232   1.048  -4.686  -2.792   2.271  -3.144  -3.824   2.550  -0.847  -0.594   3.372  -0.306  -1.930  -7.754   1.558   0.163  -3.513  -0.895  -0.349 
  3 A  -1.449   3.281   0.521  -8.248  -3.486   0.783  -2.945  -4.731   2.390  -0.456   1.129   0.863   1.098  -1.551  -5.033   0.136   0.121   0.271   0.582  -0.089 
  4 A  -0.640  -3.262   1.076  -3.437  -8.684   0.386  -2.832  -1.876  -3.515   1.288   3.084  -2.828   3.222  -4.021  -9.380   1.178  -0.845  -7.501  -5.428   0.909 
  5 A  -0.894   3.099  -0.925  -7.110  -0.083   0.690  -2.697  -3.305  -0.209  -0.041  -0.489   1.924  -0.286  -1.192   1.897   0.396   0.325  -3.517   0.494  -0.427 
  6 A   0.864   2.250   3.176  -9.666  -4.397  -4.926  -6.223  -0.041  -1.346  -2.825  -2.658   1.020  -0.087  -9.164   0.820   3.122   2.049  -6.072  -8.513  -1.619 
  7 A   0.247   0.269   2.796  -5.453 -11.224   0.129  -4.003  -6.342  -2.276   0.977   2.679  -3.492   2.161  -3.237  -0.015   0.204  -2.108  -5.248   0.026   0.102 
  8 A   1.228   2.541  -3.748  -4.975  -5.613   0.654  -2.168  -2.535  -1.086  -2.201   1.804   1.398   0.724  -0.453   0.367   0.364   0.652  -6.073   0.391  -3.114 
  9 A   0.403  -0.731   0.669  -4.749  -6.866  -0.925  -2.904  -0.144  -0.265   1.020  -0.461  -1.994   0.662  -0.773  -3.116   3.125   1.439  -1.503   0.863  -0.025 
