DRB1_1523

Last position-specific scoring matrix computed       
            A       R       N       D       C       Q       E       G       H       I       L       K       M       F       P       S       T       W       Y       V 
  1 A  -4.484  -2.285  -4.306  -7.001  -4.199  -5.502  -7.067  -5.866  -5.889   3.404   3.059  -5.674   2.150   1.727  -7.037  -5.248  -3.833   2.019   0.725   2.448 
  2 A  -0.824   1.712  -0.775  -2.254  -2.135   1.772  -1.180  -2.680   1.726   1.136  -0.421   0.885   1.219  -2.037  -2.680  -0.517  -0.431  -0.662   1.345   1.159 
  3 A   0.803   2.049  -2.777  -6.645  -7.832  -0.995  -4.528   0.201   1.532   1.580   0.988  -0.499  -0.178  -0.301  -0.584  -0.161  -0.601  -0.390   1.652  -1.304 
  4 A  -6.492  -6.026  -5.989  -8.943  -8.901  -5.516  -5.806  -3.279  -1.476   1.719   3.150  -2.907   4.135   4.172 -12.271  -0.804  -7.029   0.921   1.756  -0.748 
  5 A  -0.479   2.746  -2.309  -5.992   0.035   1.261  -0.951   0.548  -1.417  -4.237   0.057   2.487  -0.524  -2.915  -0.448   1.556   0.095  -3.915   0.466  -1.977 
  6 A   2.213  -3.028   3.892  -2.428  -9.198  -6.325  -6.886   0.640  -5.101  -4.586  -2.704  -6.563  -1.979  -9.038  -1.638   5.075   1.186  -2.472  -8.834  -6.040 
  7 A  -1.314   1.076   0.060  -4.756  -9.554   0.359  -2.962  -2.972  -2.312   0.441   1.516  -1.119   1.552  -0.534   1.879   1.088  -2.675   3.169   2.363  -0.255 
  8 A   0.806   2.574  -0.789  -4.466  -1.681  -3.408  -2.277   1.042  -1.149  -1.379   0.351  -1.111  -1.205  -1.321   1.107   0.489   0.758  -6.363   0.020   0.685 
  9 A   0.509   3.501   0.195  -6.411  -5.312  -4.746  -6.453  -1.406   0.376  -1.133   0.629   1.501  -2.068  -4.509  -7.580   2.029   1.094  -6.935  -4.127   0.948 
