DRB1_0818

Last position-specific scoring matrix computed       
            A       R       N       D       C       Q       E       G       H       I       L       K       M       F       P       S       T       W       Y       V 
  1 A  -6.764  -4.648  -6.907  -8.884  -6.023  -3.618  -6.893  -8.147  -6.089   2.930   1.188  -6.567   1.320   5.027  -6.280  -7.032  -6.963   4.589   4.646  -0.482 
  2 A  -3.158   1.357   1.848  -4.577  -3.365   2.465  -3.348  -2.784   1.668   0.876  -0.530   2.598   0.690  -3.264  -8.325   0.983  -0.203  -1.762  -2.086   0.904 
  3 A  -2.561   3.019   0.212  -7.998  -5.182   1.504  -2.666  -3.874   3.414  -0.537   1.236   1.320   0.720  -2.928  -3.748   0.792  -1.716   1.302   0.470  -0.489 
  4 A  -0.189  -1.518   1.301  -1.709  -9.432   0.113  -1.199  -1.813  -2.174   1.115   1.573  -2.206   1.801  -3.684  -8.078   2.372   1.070  -7.076  -3.270   0.932 
  5 A  -0.537   2.334  -0.815  -7.588  -0.436   0.074  -1.722  -5.093   0.346  -0.595  -1.201   2.679  -1.972  -0.537   1.611   1.196   0.997  -4.557   1.440  -0.820 
  6 A   0.820   2.253   2.881  -6.585  -5.356  -3.103  -4.555  -1.317  -1.812  -2.648  -3.993   1.204  -0.468 -11.650   1.655   3.733   1.554  -8.600  -8.593  -1.447 
  7 A   0.840   1.348   2.801  -4.388 -10.680   1.160  -4.147  -4.271  -1.066   0.934   0.740  -2.062   1.765  -2.792   1.478   0.248  -2.637  -3.893   0.113   0.597 
  8 A  -0.357   2.366  -4.696  -4.686  -6.493   0.125  -1.824  -2.261  -2.655  -1.279   2.846   0.486   0.840  -0.430   1.113  -0.578  -0.135  -5.306   1.213  -2.478 
  9 A  -1.131  -3.308  -1.498  -3.836  -7.400  -2.776  -3.442  -2.341  -2.986   3.295   1.761  -5.851   0.472   0.142  -5.211   1.059  -0.378  -1.984   0.983   2.122 
