DRB1_0709

Last position-specific scoring matrix computed       
            A       R       N       D       C       Q       E       G       H       I       L       K       M       F       P       S       T       W       Y       V 
  1 A  -4.210  -4.322  -5.377  -6.775  -2.300  -4.118  -5.055  -5.519  -4.366   1.366   2.261  -6.566   0.800   5.041  -5.224  -4.427  -4.180   2.918   4.028   0.384 
  2 A  -3.110   0.926   1.788  -3.684  -0.288   1.844  -2.183  -4.427   1.742  -0.428  -0.191   1.783   3.376  -4.564  -8.873   1.681   0.904  -0.399  -2.274   0.263 
  3 A   0.519   1.050  -1.601  -3.637  -3.282   0.517  -1.455  -1.943   3.515  -0.531   0.664   0.477  -0.491  -1.756  -0.775   1.956  -1.159  -0.179   1.006  -0.641 
  4 A   0.781  -1.188  -2.494  -6.553  -8.008  -2.245  -1.738  -3.603  -1.679   1.381  -0.434  -2.884  -0.314  -2.056  -5.539   3.872   2.874  -4.275  -2.996   1.519 
  5 A   0.937   1.505  -1.342  -6.414  -1.936  -0.752  -0.537  -3.044  -0.999  -1.365  -0.404   2.075  -2.954  -1.233   1.035   1.944   0.945  -4.887   0.527   0.321 
  6 A   3.011  -3.406   2.481  -4.464  -3.665  -4.439  -2.294  -1.065  -2.382  -4.939  -6.806  -6.449  -5.367 -11.309   2.537   5.049   0.877  -5.156  -7.705  -2.898 
  7 A  -1.020   1.697   0.510  -5.185  -7.086   0.598  -3.660  -1.084   0.710  -0.617   0.875   0.111   1.508  -0.095  -0.603   1.492  -0.590   0.943   1.280   0.074 
  8 A   0.156   1.510  -3.084  -1.870  -2.205  -0.923  -1.201  -0.873  -1.022  -0.452   1.207   0.147   0.275  -0.014   1.657   0.956   0.965  -3.664  -0.259  -1.156 
  9 A  -5.586  -3.863  -6.766  -9.173  -8.531  -7.781  -8.271  -6.524  -6.037   3.492   3.475  -7.577   0.814  -0.030 -10.492  -3.578  -1.584  -5.035  -1.365   3.437 
