DRB1_1330

Last position-specific scoring matrix computed       
            A       R       N       D       C       Q       E       G       H       I       L       K       M       F       P       S       T       W       Y       V 
  1 A  -6.194  -3.679  -6.928  -8.808  -4.711  -4.274  -7.074  -8.063  -5.800   3.701   2.436  -5.588   1.180   3.829  -5.447  -6.372  -5.771   2.923   3.302   0.630 
  2 A  -3.614   1.150   1.480  -3.394  -3.431   1.992  -2.887  -2.974   2.382   1.175  -0.109   2.203   0.839  -1.469  -7.360   1.262  -0.073  -2.349  -0.454  -0.090 
  3 A  -2.366   2.821  -0.963  -8.992  -5.337   0.650  -3.381  -4.684   2.664   0.107   2.334   1.521  -0.229  -2.154  -4.407  -0.080  -1.550   0.657   0.453  -0.237 
  4 A  -1.816  -4.653   1.315  -3.676  -9.802  -3.389  -4.300  -2.323  -2.824   1.560   3.030  -4.521   2.406  -2.033 -12.477   2.573  -1.192  -6.646  -3.636   1.469 
  5 A  -0.254   3.020  -1.804  -8.635  -0.632   0.969  -2.836  -3.271  -0.131  -1.013  -1.424   3.189  -0.661  -2.943   1.803   0.382   0.949  -4.796   0.642  -1.133 
  6 A   0.475   3.286   3.456  -6.822  -4.578  -3.580  -4.289  -1.915  -1.512  -1.891  -3.986   1.525   0.817  -8.768  -1.254   3.184   1.532  -5.735  -6.425  -2.333 
  7 A  -0.069   1.048   1.919  -5.524  -9.684   1.370  -5.638  -5.361  -2.357   1.263   2.339  -2.870   2.866  -2.890   0.138  -0.684  -2.542  -2.744  -0.640   0.889 
  8 A   1.118   2.145  -2.892  -3.706  -5.374  -0.461  -1.885  -0.194  -1.839  -1.324   1.710   0.505   0.797  -0.715   0.668  -0.197   0.055  -5.334   1.509  -2.113 
  9 A  -1.348  -3.320   0.182  -3.133  -8.676  -2.893  -2.109  -4.165  -0.408   2.599   1.330  -3.092  -0.315  -0.210  -6.903   2.004   0.588  -3.052   1.614   1.882 
