DRB1_0815

Last position-specific scoring matrix computed       
            A       R       N       D       C       Q       E       G       H       I       L       K       M       F       P       S       T       W       Y       V 
  1 A  -7.652  -5.774  -8.412  -9.841  -8.315  -6.245  -8.703  -9.645  -7.615   2.417   1.067  -9.976   2.659   5.056  -7.595  -7.963  -7.636   4.193   4.974   0.602 
  2 A  -3.440   2.271   1.023  -7.021  -2.415   2.482  -4.309  -2.575  -0.363   0.719  -0.582   3.169  -0.379  -4.069  -9.714   0.377  -0.530  -2.512  -3.390   1.843 
  3 A  -1.292   3.632   0.687  -6.986  -4.070   0.960  -2.703  -2.953   2.672  -0.512  -0.823   1.277   2.153  -3.164  -3.013   0.786  -0.229   0.462  -0.687   0.060 
  4 A   0.955   0.849   1.683  -0.791  -8.709   1.986  -0.416  -0.843  -1.231   0.132  -0.074   0.598   1.010  -5.905  -4.010   1.289   0.765  -6.258  -4.542  -0.397 
  5 A  -0.648   1.679   0.108  -5.785  -1.075  -0.125  -1.357  -4.077   0.794  -0.250  -0.197   1.834  -1.501   0.898   0.545   1.536   0.211  -3.400   1.604  -0.769 
  6 A   0.994   1.728   1.069  -6.856  -7.112  -4.049  -5.282  -0.094  -2.460  -4.279  -2.097   1.530  -2.436 -10.943   3.897   3.463   0.981  -7.809  -8.411  -1.652 
  7 A   1.635  -0.102   2.580  -3.893  -8.937  -0.604  -3.526  -2.677  -1.101   0.884  -0.408  -1.507   0.573  -2.265   2.558   0.705  -1.795  -5.487   0.565   1.005 
  8 A  -0.296   2.093  -5.677  -6.238  -6.133   0.729  -3.004  -5.920  -2.934  -1.084   3.173   0.648   1.390  -0.456   0.721   0.001   0.319  -8.453  -0.142  -2.032 
  9 A   0.138  -0.902  -3.477  -9.404  -8.593  -3.054  -7.044   0.194  -4.843   2.837   1.591  -6.215   2.161  -0.332  -5.807   1.191  -0.585  -2.157   0.385   1.799 
