DRB1_1419

Last position-specific scoring matrix computed       
            A       R       N       D       C       Q       E       G       H       I       L       K       M       F       P       S       T       W       Y       V 
  1 A  -9.702  -8.108 -10.199 -13.064 -10.217  -8.721  -9.752 -13.065  -9.390   1.450   2.228 -11.582   1.431   5.433 -10.749 -11.298  -9.273   3.873   5.332  -0.994 
  2 A  -4.419   2.198   1.281  -5.982  -2.248   2.499  -3.714  -3.252   2.434  -1.076   0.521   2.932  -1.072  -1.367 -10.551   0.859  -0.084  -4.520  -0.949   0.222 
  3 A  -1.135   3.129   0.194  -6.898  -4.031   1.404  -1.153  -4.057   2.128  -0.471   0.991   0.004   2.272  -1.929  -4.159   0.407   0.256  -0.175   0.829  -0.923 
  4 A  -0.251  -3.395   1.621   2.308  -9.940   0.957   0.065  -1.803  -2.434   0.390   1.366  -2.600   2.361  -5.748  -6.463   1.815   0.569  -7.416  -6.034  -0.505 
  5 A  -1.712   2.028  -0.140  -4.808   0.205   0.690  -0.984  -3.711  -0.231  -0.314  -0.180   0.870  -0.517   0.166   1.880   0.959   0.595  -1.710   0.869   0.179 
  6 A   0.854  -0.933   3.707  -7.921  -5.008  -6.162  -6.073   0.456  -2.525  -3.572  -2.844  -1.271  -1.757 -11.030   1.342   3.471   3.413  -6.744  -9.948  -0.815 
  7 A  -0.218  -1.252   3.656  -3.699  -9.823  -1.206  -2.258  -7.241  -2.476   0.198   2.326  -4.375   2.217  -3.355   0.349   0.931  -1.823  -7.318   0.273   0.793 
  8 A   1.206   2.789  -4.625  -3.876  -5.053   0.550  -2.433  -3.711  -1.150  -2.391   1.797   1.579   0.585  -0.303   0.894   0.740   0.314  -6.802  -0.466  -3.523 
  9 A   0.991   0.630   0.772  -4.980  -6.568  -1.045  -3.002  -0.977  -0.286   0.501  -0.686  -1.886   1.365  -0.328  -2.078   2.840   1.081  -1.653   1.422  -0.362 
