DRB1_0825

Last position-specific scoring matrix computed       
            A       R       N       D       C       Q       E       G       H       I       L       K       M       F       P       S       T       W       Y       V 
  1 A  -5.811  -4.833  -7.338  -8.739  -4.578  -3.631  -6.399  -8.234  -5.262   2.502   1.258  -6.832   0.773   5.189  -4.740  -6.386  -5.973   4.476   4.647  -0.270 
  2 A  -2.780   1.120   2.188  -4.407  -2.825   2.453  -3.138  -2.513   1.068   0.955  -0.363   2.052   0.495  -3.232  -9.093   1.285   0.183  -1.729  -2.503   0.934 
  3 A  -1.934   2.071  -0.291  -6.074  -5.315   1.427  -1.804  -3.813   3.546  -0.333   1.527   1.020   0.570  -2.130  -2.508   1.053  -2.054   1.657   0.419  -0.410 
  4 A   0.186  -0.423   1.618  -0.486 -10.248   0.042  -0.643  -1.074  -1.410   0.466  -0.400  -1.447  -0.359  -3.737  -6.832   3.060   1.646  -7.212  -3.123   0.900 
  5 A   0.253   1.160  -0.223  -6.696  -0.302  -0.267  -0.903  -4.719   0.634  -0.598  -1.297   2.510  -2.708  -0.326   1.601   1.716   0.822  -4.235   1.218  -0.805 
  6 A   1.629   0.256   2.270  -5.001  -3.929  -2.581  -3.237  -1.444  -2.585  -2.686  -4.216  -0.298  -0.902 -12.072   2.874   4.118   1.760  -6.346  -9.128  -1.068 
  7 A   0.705   0.930   2.576  -2.700  -9.198   0.819  -3.163  -2.548  -0.445   0.736  -0.142  -2.068   1.710  -2.136   1.397   0.919  -1.588  -3.115   0.339   0.792 
  8 A  -0.486   0.840  -4.032  -3.326  -5.647  -0.467  -1.850  -1.679  -2.716  -0.406   2.841  -0.324   1.185   0.181   1.318  -0.016  -0.092  -4.218   1.194  -1.420 
  9 A  -3.799  -6.534  -5.442  -6.129  -8.493  -6.106  -5.780  -6.439  -6.053   4.151   2.739  -9.375   0.125   0.681  -9.687  -2.328  -2.578  -2.721   0.302   3.171 
