DRB1_0822

Last position-specific scoring matrix computed       
            A       R       N       D       C       Q       E       G       H       I       L       K       M       F       P       S       T       W       Y       V 
  1 A  -7.207  -5.858 -10.483 -11.559  -6.866  -9.110 -10.433  -9.170  -6.002   3.628   1.049  -9.497   2.357   4.705  -6.587  -8.068  -6.972   3.709   3.226   1.799 
  2 A  -3.235   1.600   0.767  -5.035  -4.333   1.040  -5.366  -3.019  -0.312   2.562   0.071   2.121   1.508  -5.237  -6.430   0.596  -0.584  -2.320  -3.652   1.813 
  3 A  -1.210   2.584   0.187  -8.059  -5.477  -0.377  -3.438  -0.221   2.391  -1.000  -0.801  -0.189   0.935  -3.180  -2.876   2.163   0.408   3.596   0.563   0.578 
  4 A   1.442   0.050  -1.639  -3.657  -6.490  -0.438  -1.639  -1.830  -1.818  -0.101   2.059   0.036   1.940  -1.006  -6.022   2.539  -0.485  -6.561  -3.285  -0.411 
  5 A  -2.483   2.441  -0.451  -5.328  -0.361   0.625  -1.599  -2.916   1.203  -0.899   0.861   2.058  -1.603  -0.380   1.433   0.183   0.499  -4.222   1.306  -1.533 
  6 A   0.027   4.642  -0.728  -5.374  -6.057  -2.226  -4.575  -3.013  -2.248  -4.221  -4.591   3.745  -2.366 -12.320   3.719   1.616  -2.065  -9.132  -8.944  -2.965 
  7 A   2.261   1.270   0.674  -4.442  -9.006   1.108  -3.798  -3.665  -2.523   0.270   1.099  -1.952   1.689  -2.522   3.265   0.103  -2.153  -5.622  -1.316  -0.990 
  8 A  -1.079   0.818  -3.545  -3.927  -4.645   1.792  -2.305  -1.998  -1.654  -0.700   3.155  -1.208   2.563  -1.269   1.418  -1.236  -0.310  -5.823  -0.128  -0.993 
  9 A   0.549   1.413  -1.264  -2.886  -8.066  -1.152  -3.242   1.307  -1.617   0.445   0.229  -1.853   0.067  -1.829  -4.651   2.777  -0.156  -2.499   0.040   0.693 
