DRB1_1448

Last position-specific scoring matrix computed       
            A       R       N       D       C       Q       E       G       H       I       L       K       M       F       P       S       T       W       Y       V 
  1 A  -8.694  -7.914 -11.477 -12.579  -7.916  -7.182 -10.113 -10.571  -6.601   1.301   0.797  -9.957  -0.399   6.327  -8.231  -9.925  -8.524   4.585   5.142  -1.853 
  2 A  -2.361   0.938   2.455  -4.608  -2.444   2.295  -3.115  -2.039   1.687   0.671   0.015   1.603   0.302  -2.826 -10.319   1.663   0.399  -2.454  -2.894   0.312 
  3 A  -1.830   1.392  -1.062  -5.704  -4.647   1.868  -1.652  -2.719   2.948  -1.023   2.107  -0.252   0.987  -1.340  -2.284   1.127  -1.958   2.834   0.944  -0.642 
  4 A   0.458  -2.946   1.072   1.812 -10.153  -0.613   0.003  -1.860  -2.657   0.425   0.061  -4.208   0.051  -3.185  -6.228   3.244   1.553  -6.518  -4.279   0.482 
  5 A   0.179   0.636  -0.475  -5.632   0.145  -0.264  -0.443  -4.911   0.431  -0.349  -0.549   1.520  -1.920  -0.603   2.485   1.708   0.948  -4.070   0.919  -0.632 
  6 A   1.983  -1.480   1.987  -4.303  -3.067  -2.371  -1.805  -1.109  -2.619  -1.658  -4.548  -1.617  -0.150 -10.406   2.804   3.697   2.038  -6.027  -7.401   0.039 
  7 A   0.520   0.815   2.889  -2.074  -9.529   1.361  -1.569  -3.805  -0.413  -0.101   0.241  -3.572   2.320  -1.923   0.851   1.460  -1.728  -3.207   0.294   0.256 
  8 A  -0.577   0.286  -3.927  -1.316  -5.673   0.252  -0.996  -0.488  -3.632  -0.189   2.477  -0.727   1.933   0.339   1.698   0.234  -0.862  -3.272   0.558  -2.516 
  9 A  -1.559  -5.538  -2.373  -1.930  -6.591  -3.606  -2.676  -6.061  -3.646   3.188   2.365  -8.255  -0.695  -0.378  -6.882   0.325  -1.134  -2.357   0.518   3.072 
