DRB1_0458

Last position-specific scoring matrix computed       
            A       R       N       D       C       Q       E       G       H       I       L       K       M       F       P       S       T       W       Y       V 
  1 A  -9.269  -6.449  -8.602 -10.027 -10.020  -8.462  -9.922  -8.840  -7.741   3.248   2.153  -9.616   2.603   4.572  -8.505  -8.922  -8.726   3.294   3.063   1.582 
  2 A  -2.961   1.543   0.228  -5.831  -2.716   1.869  -4.015  -3.656   1.344   0.667   0.100   2.608   2.265  -4.616  -6.758   0.578  -0.499  -4.966  -1.408   1.970 
  3 A  -0.045   2.148  -0.846  -7.122  -5.365   0.882  -3.528  -1.056   1.782  -0.051   0.097  -2.120   2.387  -1.363  -2.444   1.305   1.089   1.631   2.007  -0.433 
  4 A   0.233  -5.022  -3.966  -1.534  -8.198  -0.533  -1.666  -2.911  -7.003   1.811   2.958  -2.697   3.564  -1.092  -7.266   0.903   0.784  -4.513  -4.225   0.106 
  5 A  -3.077   1.186   0.195  -4.205   2.047   0.339  -1.788  -3.495   0.243  -0.259   0.210   0.559  -1.351   0.583   1.368  -0.070   0.775  -0.768   2.563   0.335 
  6 A   1.179  -3.044   4.303  -3.557  -5.934  -5.726  -6.159  -1.627  -6.962  -3.321  -4.044  -1.954  -3.343 -12.688   2.900   3.816   3.062  -7.764 -12.304  -1.512 
  7 A   1.403  -2.409   2.581  -4.859 -11.150  -0.971  -1.819  -8.353  -5.069   0.288   2.648  -4.583   1.494  -2.489   3.169   0.655  -2.931  -5.161  -0.883  -1.360 
  8 A  -0.147   1.129  -3.714  -2.283  -4.737   1.280  -2.087  -1.512  -0.925  -1.889   2.261  -0.361   1.548  -1.272   3.342  -0.150   0.635  -5.599  -1.573  -2.508 
  9 A   0.687   1.838   0.377  -2.973  -6.253  -0.784  -3.803   2.035   0.198  -1.392  -1.960  -1.092  -0.051  -2.738  -2.096   3.223   1.272  -1.774  -0.730  -1.917 
