DRB1_0408

Last position-specific scoring matrix computed       
            A       R       N       D       C       Q       E       G       H       I       L       K       M       F       P       S       T       W       Y       V 
  1 A -10.030  -6.425  -9.142 -10.000 -10.701  -8.906  -9.175  -9.934  -6.977   1.322   1.534  -8.531   0.855   5.867  -9.251  -8.101  -8.493   4.222   5.106  -0.761 
  2 A  -2.361   1.993   0.209  -5.536  -0.904   2.144  -2.021  -3.156   2.689  -1.275   0.363   2.089   0.509  -1.581  -7.316   1.055   0.009  -4.363   0.805   0.464 
  3 A  -0.173   1.963  -0.385  -5.779  -4.488   1.405  -2.140  -1.545   1.442  -0.937   0.996  -1.632   1.983  -0.460  -2.809   1.342   1.036   0.481   1.967  -1.762 
  4 A  -0.541  -7.568  -3.158   0.521  -8.492   0.214  -0.801  -2.507  -6.631   1.837   2.918  -4.368   3.885  -1.548  -5.823   0.145   0.476  -3.194  -5.292  -0.083 
  5 A  -2.325   0.967  -0.700  -3.460   1.570   0.668  -1.306  -4.512  -0.703  -0.080  -0.006   0.334  -0.735   0.749   2.125   0.603   0.917  -0.041   1.693   0.405 
  6 A   1.210  -8.068   4.491  -5.792  -5.106  -7.470  -6.630  -0.932  -7.273  -2.831  -3.849  -6.646  -3.074 -12.247  -0.730   4.130   3.974  -7.774 -11.527  -0.730 
  7 A  -0.425  -2.095   3.210  -3.339 -10.580  -0.850  -0.464  -8.450  -3.083   0.131   2.464  -5.113   1.985  -1.199   1.342   1.093  -1.576  -3.375   0.430  -0.473 
  8 A   0.580   1.518  -3.058  -1.602  -3.914   0.290  -1.603  -1.181  -1.312  -1.551   1.412   0.385   0.715  -0.500   2.360   0.826   0.753  -3.758  -0.836  -1.937 
  9 A   1.417  -0.597   1.960  -0.693  -4.726  -0.457  -1.733  -0.276   0.333  -1.675  -2.773  -1.499  -0.966  -3.400  -0.131   3.543   2.162  -1.915  -1.187  -2.105 
