DRB1_1309

Last position-specific scoring matrix computed       
            A       R       N       D       C       Q       E       G       H       I       L       K       M       F       P       S       T       W       Y       V 
  1 A  -5.781  -4.120  -7.570 -10.807  -6.718  -5.100  -9.400  -7.523  -8.997   4.052   3.684  -6.971   2.679  -0.752  -7.454  -8.037  -5.860   1.214  -0.629   2.280 
  2 A  -1.783   1.126   0.695  -2.781  -4.720   2.084  -3.464  -1.029   1.090   1.893  -0.338   1.434  -0.891  -0.925  -3.202  -0.047  -0.569  -2.594  -0.169   1.219 
  3 A  -1.507   2.608  -2.877  -9.285  -8.501   0.404  -4.345  -3.798   1.120   2.210   2.100   0.669   1.238  -1.636  -1.700  -1.726  -1.872   0.093   1.123  -0.177 
  4 A  -4.587  -6.139   1.382   0.110  -9.326  -3.374  -4.265  -1.106  -1.275   1.198   3.108  -2.941   2.988   0.880 -12.458   2.005  -4.699  -3.928  -0.649  -0.736 
  5 A  -0.885   2.567  -0.232  -6.111   0.744   1.090  -1.622  -0.849   0.159  -1.599  -0.892   2.179   1.058  -2.393  -0.039   0.786   0.822  -3.098   1.032  -0.951 
  6 A   0.025   1.845   3.783  -2.376  -7.206  -4.910  -5.128  -0.405  -3.632  -2.204  -2.551  -0.629   0.614  -9.453  -0.192   3.888   2.321  -4.877  -8.505  -3.561 
  7 A   0.001  -1.592   1.576  -4.012  -9.248  -0.811  -5.027  -5.570  -4.993   1.741   2.788  -4.254   1.873  -4.684   0.913   0.204  -2.913  -3.333  -0.859   1.825 
  8 A   1.780   2.677  -1.066  -5.445  -5.416  -1.723  -2.643   0.102  -2.090  -2.560   1.242   0.653   0.774  -1.702   1.906  -0.619  -0.835  -8.289   0.261  -1.006 
  9 A   0.215   1.950  -0.053  -6.638  -7.293  -2.509  -4.947  -3.312   1.200   0.476   1.720  -0.538  -0.025  -1.361  -7.147   1.836   0.182  -4.879   1.043   1.018 
