DRB1_1455

Last position-specific scoring matrix computed       
            A       R       N       D       C       Q       E       G       H       I       L       K       M       F       P       S       T       W       Y       V 
  1 A  -7.387  -6.852 -12.224 -12.953  -6.375  -7.648 -11.274  -9.809  -8.881   3.557   2.200 -10.715   2.261   4.367  -7.895  -9.028  -6.846   3.700   2.265   1.803 
  2 A  -3.222   0.695   1.968  -6.047  -5.683   1.532  -6.089  -1.015  -0.212   2.484  -0.030   1.464   0.231  -5.415  -7.915   0.838  -0.812  -2.538  -5.697   2.143 
  3 A  -2.111   1.742  -0.870  -6.917  -5.903   1.312  -2.871  -1.118   2.521  -0.440   1.065  -0.542   2.026  -2.302  -1.385   1.329  -2.496   3.952   1.400   0.315 
  4 A   0.852  -2.890   0.390   2.511 -10.818  -1.098  -0.484  -1.861  -2.816  -0.203   0.852  -2.951   0.518  -1.271  -7.772   3.293   0.227  -8.139  -3.561  -0.607 
  5 A  -1.546   0.578   0.948  -5.101   1.039   0.222  -0.942  -4.158   1.795  -0.027   0.621   1.210  -1.867   0.176   1.084   0.811   0.424  -4.934   1.827  -1.174 
  6 A   0.421   2.331   0.613  -2.446  -4.208  -1.363  -3.196  -2.773  -3.209  -1.832  -4.211   2.160   0.292 -11.157   4.375   2.178   0.534  -5.070  -9.755  -0.409 
  7 A   2.573  -0.919   2.418  -2.729 -11.788   0.900  -3.223  -4.702  -4.104   0.262   0.847  -5.941   2.082  -3.648   2.744   0.947  -2.518  -6.324  -1.818  -0.036 
  8 A  -1.296  -0.080  -4.671  -2.528  -7.238   1.709  -2.415  -0.848  -3.836  -0.686   3.392  -1.920   2.842  -0.775   2.320  -1.829  -1.864  -6.402  -0.049  -1.901 
  9 A  -0.764  -0.393  -2.454  -1.670  -9.294  -2.017  -2.489  -2.797  -2.429   2.112   2.208  -6.229  -0.308  -0.466  -7.561   1.511  -1.818  -3.030   0.857   2.459 
