DRB1_1429

Last position-specific scoring matrix computed       
            A       R       N       D       C       Q       E       G       H       I       L       K       M       F       P       S       T       W       Y       V 
  1 A  -9.798  -8.223 -10.924 -12.617 -11.583  -8.731 -11.944 -11.158  -9.519   3.632   3.379 -10.177   2.624   3.251  -9.378 -10.902  -9.690   1.974   1.330   1.851 
  2 A  -3.436   1.410   1.444  -3.289  -5.631   1.953  -4.130  -2.518   1.594   1.434   0.653   2.110   1.072  -3.493  -5.430   0.609  -1.038  -7.622  -2.341   1.131 
  3 A  -1.149   1.734  -1.028  -9.504  -5.930   1.165  -3.229  -2.347   1.829   0.375   1.483  -1.793   2.677  -1.616  -2.792  -0.089   0.364   2.588   1.766   0.450 
  4 A  -0.340  -7.236   0.184  -0.397 -10.175  -1.807  -1.682  -3.104  -3.873   0.677   3.543  -4.279   3.381  -1.785 -10.737   1.788  -1.353 -10.131  -6.101  -0.217 
  5 A  -2.040   2.166   0.711  -4.209   0.347   1.304  -1.052  -1.986   0.492  -0.653   0.632   0.929  -0.426  -1.501   1.475  -0.285  -0.008  -2.923   1.462  -0.391 
  6 A   0.457   2.507   3.364  -3.539  -6.009  -2.879  -5.196  -1.587  -2.005  -2.281  -4.064   1.447   0.248 -10.850   2.655   2.401   2.060  -9.065  -9.771  -2.119 
  7 A   1.293  -1.359   2.576  -4.305 -10.366   1.276  -3.540  -7.212  -3.798   0.188   2.991  -4.934   2.603  -5.027   0.143   0.687  -2.588  -6.057  -1.883  -0.436 
  8 A   1.036   2.487  -2.253  -3.232  -4.294   1.520  -1.894  -0.966  -0.968  -2.158   2.080  -0.110   1.805  -1.572   1.555  -0.906  -1.220  -7.409  -0.405  -2.242 
  9 A   0.099   2.688  -0.252  -4.592  -7.204  -0.511  -3.475  -0.922   0.736  -0.060   0.300  -0.928   1.066  -1.170  -6.489   2.410   0.570  -2.973   0.827   0.048 
