DRB1_1607

Last position-specific scoring matrix computed       
            A       R       N       D       C       Q       E       G       H       I       L       K       M       F       P       S       T       W       Y       V 
  1 A  -5.106  -2.219  -4.389  -6.237  -4.406  -4.602  -5.890  -6.052  -4.232   2.743   2.515  -5.613   1.700   3.483  -7.170  -4.670  -4.092   3.224   3.554   1.270 
  2 A  -1.546   1.944  -0.190  -2.402  -0.951   2.512  -0.811  -4.251   2.499  -0.519  -0.771   2.109   1.272  -2.576  -5.001   0.222  -0.446  -1.387   1.384   0.515 
  3 A   0.435   2.747  -1.362  -7.013  -6.387   0.060  -3.816  -0.929   2.872   0.685   0.597   0.476  -0.306  -0.553  -1.607   0.135  -0.060  -0.515   1.365  -1.835 
  4 A  -4.436  -3.222  -3.676 -10.672  -7.054  -2.667  -5.025  -3.152  -1.847   2.643   3.076  -1.363   4.345   1.841 -10.601  -0.640  -4.273  -0.017  -0.274   0.729 
  5 A  -0.159   2.960  -2.925  -8.117  -0.739   0.821  -1.905  -0.956  -2.323  -3.077  -0.328   3.123  -1.223  -1.945   0.325   1.516   0.380  -3.746   0.658  -1.535 
  6 A   2.207  -3.669   4.182  -6.263  -7.371  -7.832  -7.455   1.106  -4.066  -6.301  -2.988  -6.633  -2.846 -11.614  -2.263   5.150   1.218  -5.062  -9.532  -6.394 
  7 A  -2.159   1.868   0.401  -6.537  -9.918   0.109  -4.051  -3.523  -0.340   0.547   1.321  -0.070   1.372   0.344   0.868   0.471  -2.648   2.517   2.991  -0.378 
  8 A   0.848   3.152  -2.830  -5.875  -2.488  -3.119  -2.424  -0.640  -1.260  -1.229   0.880  -0.485  -1.347  -0.997   0.487   0.688   1.728  -5.467  -0.165   0.267 
  9 A   0.291   2.130   0.301  -6.556  -6.656  -3.957  -6.013  -0.672  -0.419   0.384   0.952   1.089  -0.303  -2.949  -4.963   1.749   1.279  -4.742  -3.050   1.208 
