DRB1_0435

Last position-specific scoring matrix computed       
            A       R       N       D       C       Q       E       G       H       I       L       K       M       F       P       S       T       W       Y       V 
  1 A  -9.446  -5.634  -8.970  -9.290  -9.806  -8.214  -7.895  -9.771  -6.598   1.664   2.188  -7.907   1.284   5.228  -9.125  -8.186  -8.548   3.904   5.113  -0.329 
  2 A  -2.481   2.015  -0.067  -5.913  -0.928   2.048  -2.260  -3.075   2.900  -1.633   0.522   2.253  -0.457  -0.424  -7.891   0.585   0.034  -3.900   1.220   0.365 
  3 A  -0.091   2.422  -0.693  -5.789  -4.524   1.110  -1.629  -2.255   1.313  -0.456   1.069  -0.805   1.797  -0.384  -2.950   1.131   0.772  -0.691   1.834  -2.057 
  4 A  -1.121  -7.049  -2.084   1.847  -7.648   0.015  -0.352  -2.138  -5.058   1.364   2.566  -3.194   3.742  -1.300  -5.975   0.896  -0.114  -2.882  -4.501  -0.393 
  5 A  -2.283   1.533  -1.005  -4.042   1.620   0.894  -1.240  -3.808  -0.858  -0.363  -0.337   0.493   0.139   0.347   1.891   0.885   0.881   0.450   1.296   0.451 
  6 A   1.044  -7.819   4.574  -6.199  -6.417  -7.834  -7.043  -0.471  -7.993  -3.722  -3.764  -6.933  -3.890 -12.257  -2.073   4.320   4.126  -7.335 -12.259  -1.470 
  7 A  -1.309  -2.030   3.323  -3.601 -11.218  -1.827  -0.983  -8.473  -4.614   0.325   2.855  -5.198   2.038  -2.049   0.989   1.075  -1.949  -3.999   0.746  -0.155 
  8 A   0.891   1.857  -2.727  -2.419  -4.382  -0.258  -1.958  -1.666  -1.119  -2.165   1.048   1.355   0.263  -0.779   2.229   1.202   1.099  -4.167  -1.128  -2.080 
  9 A   1.555   0.642   2.080  -1.865  -4.951  -0.523  -2.649  -0.730   0.899  -2.320  -2.816  -0.754  -0.975  -3.101  -0.329   3.405   2.076  -1.437  -0.347  -2.344 
