DRB1_1347

Last position-specific scoring matrix computed       
            A       R       N       D       C       Q       E       G       H       I       L       K       M       F       P       S       T       W       Y       V 
  1 A  -8.688  -5.956 -10.637 -11.368  -8.349  -8.380 -10.280  -9.618  -5.986   2.282   0.439  -9.525   1.260   5.668  -9.545  -8.105  -7.559   3.684   5.474  -0.240 
  2 A  -3.831   2.274   0.165  -5.653  -1.626   1.206  -3.684  -4.025   1.514  -0.101  -0.040   3.341   0.363  -2.299  -7.339   1.491   0.129  -1.576  -1.322   0.615 
  3 A  -0.620   3.547   0.500  -7.803  -3.266  -0.877  -3.536  -1.759   1.473  -1.386  -0.340   0.936  -0.266  -1.608  -4.869   1.738   1.149   1.337  -0.355   0.141 
  4 A   0.806   0.074  -0.544  -4.860  -5.483   0.365  -2.089  -1.330  -2.137   0.046   2.639   0.064   2.865  -3.069  -4.172   1.344  -1.109  -5.622  -5.381   0.010 
  5 A  -1.592   3.317  -1.715  -6.610  -0.550   0.207  -2.912  -2.787  -0.373  -0.597   0.587   1.934  -0.225  -0.332   1.714   0.246   0.023  -2.726   0.338  -0.821 
  6 A   0.799   3.982   0.468  -9.005  -3.994  -4.095  -5.185  -0.146  -1.064  -3.930  -1.884   2.637  -1.706  -9.022   2.136   2.428  -0.516  -4.755  -6.847  -1.961 
  7 A   0.685   1.851   1.178  -5.846  -8.875  -0.137  -3.667  -4.384  -1.590   0.655   1.860  -1.478   2.120  -1.479   2.263  -0.133  -1.746  -3.669   0.721  -1.020 
  8 A   0.231   1.702  -3.771  -5.343  -4.462   1.544  -2.173  -2.967  -1.084  -1.643   1.964   0.861   1.639  -0.651   0.212   0.944   1.497  -5.487   0.009  -1.908 
  9 A   1.403   1.199  -0.092  -5.906  -8.125  -1.171  -4.825   2.388  -1.683  -0.939  -2.599  -1.115  -0.703  -3.209  -2.312   3.751   0.808  -1.798  -1.060  -1.387 
