DRB1_0443

Last position-specific scoring matrix computed       
            A       R       N       D       C       Q       E       G       H       I       L       K       M       F       P       S       T       W       Y       V 
  1 A  -8.787  -5.464  -7.860  -9.836  -8.819  -7.850  -8.352  -9.248  -6.240   1.946   1.952  -8.041   0.788   5.454  -8.126  -7.570  -8.225   3.916   4.797  -0.245 
  2 A  -2.302   1.977  -0.189  -5.130  -0.941   1.822  -2.210  -3.274   2.851  -1.013   0.463   1.922   0.398  -0.723  -7.293   1.096   0.162  -3.740   1.053   0.234 
  3 A  -0.037   2.063  -0.604  -6.252  -4.319   1.129  -2.710  -1.925   1.332  -0.673   1.388  -1.097   1.355  -0.229  -3.131   1.119   1.111   0.167   1.738  -1.712 
  4 A  -1.359  -8.235  -3.238  -0.454  -8.306  -0.917  -1.532  -2.571  -6.475   1.896   3.398  -5.219   4.179  -0.899  -7.865   0.405  -0.570  -3.332  -5.798   0.180 
  5 A  -2.023   1.651  -1.132  -3.927   1.309   0.849  -1.553  -4.009  -1.032  -0.238  -0.089   0.933  -0.331  -0.015   2.235   0.444   0.809  -0.608   1.540   0.345 
  6 A   1.397  -5.586   4.583  -5.795  -4.884  -7.472  -6.308  -0.837  -6.418  -2.335  -3.827  -5.391  -1.988 -11.564  -2.209   4.093   3.780  -8.770 -11.156  -1.058 
  7 A  -0.828  -1.563   2.880  -4.269  -9.960  -0.694  -1.205  -7.930  -3.337   0.404   2.822  -5.578   2.312  -1.126   0.998   0.961  -1.761  -3.071   0.488  -0.487 
  8 A   0.918   1.692  -2.391  -1.844  -3.930  -0.024  -1.505  -0.719  -1.201  -1.520   0.979   0.463   0.427  -0.591   1.936   1.050   0.806  -3.963  -0.594  -1.733 
  9 A   1.245  -0.590   2.143  -0.711  -4.716  -0.503  -1.901  -0.805   0.642  -1.825  -2.516  -1.150  -1.376  -3.648  -0.697   3.707   2.190  -1.950  -1.088  -1.909 
