DRB1_1407

Last position-specific scoring matrix computed       
            A       R       N       D       C       Q       E       G       H       I       L       K       M       F       P       S       T       W       Y       V 
  1 A  -8.875  -8.607 -12.050 -13.222  -7.806  -7.055  -9.967 -10.845  -6.750   2.443   1.089 -10.149   0.088   6.035  -8.430 -10.897  -9.520   4.395   4.634  -1.292 
  2 A  -3.101   1.696   2.925  -5.373  -4.454   2.910  -3.801  -1.490   1.933  -0.065  -1.021   2.218  -0.889  -5.326  -8.971   2.125   0.093  -3.812  -4.950  -0.073 
  3 A  -2.772   1.692  -0.708  -6.374  -4.731   1.811  -2.050  -3.305   3.086  -1.391   2.063  -0.160   1.166  -1.059  -2.700   0.646  -2.754   3.794   1.715  -0.525 
  4 A   0.169  -2.518   0.968   1.990 -10.845   0.679  -0.503  -2.715  -3.155   0.489   0.675  -3.247   0.178  -3.272  -6.579   3.092   0.875  -9.088  -4.503   0.595 
  5 A  -0.218   1.056  -0.679  -6.153   0.636  -0.040  -0.641  -5.911   1.204   0.402  -0.262   1.458  -1.743  -0.925   2.501   1.459   0.619  -4.689   0.650  -0.985 
  6 A   1.246   0.792   0.993  -4.201  -2.701  -2.714  -2.063  -1.882  -1.856  -0.951  -3.790   0.418   0.840 -10.946   3.851   2.815   1.337  -6.697  -9.805   0.265 
  7 A   0.941   0.775   3.106  -2.049 -11.293   1.986  -2.146  -4.883  -1.590   0.051   0.926  -4.640   2.478  -3.647   0.607   1.314  -2.098  -4.790  -0.519  -0.251 
  8 A  -0.716   0.644  -4.793  -1.889  -7.799   1.104  -0.887  -1.046  -3.982  -1.115   2.779  -0.503   2.785  -0.536   1.686  -0.102  -0.806  -4.034   0.931  -3.534 
  9 A  -0.842  -3.909  -0.861  -0.379  -8.262  -1.782  -1.238  -4.053  -1.918   2.531   1.665  -6.403  -1.507  -0.053  -5.759   1.953  -1.159  -1.758   0.922   2.161 
