DRB1_1147

Last position-specific scoring matrix computed       
            A       R       N       D       C       Q       E       G       H       I       L       K       M       F       P       S       T       W       Y       V 
  1 A  -6.283  -4.330  -8.279 -10.192  -6.161  -7.120  -9.928  -7.465  -6.445   3.800   2.858  -7.498   1.834   3.171  -7.122  -6.384  -5.211   1.154   2.323   1.841 
  2 A  -3.127   1.144   0.268  -2.380  -2.972   0.928  -2.834  -3.370   2.288   1.076   0.276   2.394   1.105  -1.438  -4.759   1.214   0.266  -1.632  -0.034  -0.001 
  3 A  -0.640   2.407  -0.960  -7.215  -3.613  -1.043  -3.589  -1.975   1.473  -0.208   1.342   0.532  -0.630  -0.957  -4.280   0.949   0.742   1.753   0.358   0.870 
  4 A  -1.093  -4.704  -1.006  -7.047  -4.879  -3.796  -5.344  -2.998  -3.028   0.363   4.110  -2.894   3.373  -0.229 -11.090   1.560  -4.097  -5.794  -4.607   0.676 
  5 A  -1.368   3.648  -1.528  -6.280  -0.552   0.977  -2.998  -0.896  -0.586  -1.008   0.393   2.241   0.530  -3.511   1.367  -0.733  -0.083  -3.632  -0.115  -0.979 
  6 A  -0.484   5.280   1.353  -7.683  -4.421  -3.288  -4.462  -1.904   0.393  -2.697  -2.935   3.013   0.194  -6.390  -0.241   0.972  -0.841  -4.880  -4.827  -3.684 
  7 A  -0.230   1.653  -0.108  -6.441  -8.355   0.846  -5.071  -5.386  -2.032   0.634   3.358  -1.990   2.944  -2.794  -0.164  -0.710  -2.035  -3.497  -0.653  -0.781 
  8 A   1.364   1.784  -1.594  -4.297  -3.241   0.584  -1.830  -0.506  -0.382  -2.016   1.049   0.846   1.725  -1.226   0.367   0.360   0.509  -5.219   0.353  -1.381 
  9 A   0.251   2.586   0.527  -4.312  -7.060  -0.665  -3.309  -0.300   1.021  -1.209  -1.289   0.898  -1.003  -1.731  -4.917   3.177   0.779  -1.804   0.378  -0.753 
