DRB1_1105

Last position-specific scoring matrix computed       
            A       R       N       D       C       Q       E       G       H       I       L       K       M       F       P       S       T       W       Y       V 
  1 A  -6.777  -3.951  -8.174  -9.846  -6.772  -6.393  -9.480  -7.607  -5.106   2.675   1.080  -7.151   1.042   5.110  -7.671  -6.108  -5.684   2.699   5.217   0.254 
  2 A  -3.570   2.028   0.128  -3.737  -1.603   1.220  -2.557  -3.975   2.522  -0.110  -0.345   3.057   0.079  -1.259  -6.222   1.446   0.554  -1.562   0.078  -0.350 
  3 A  -0.626   3.229  -0.129  -7.311  -2.713  -1.009  -3.491  -2.305   1.656  -0.896   0.779   1.176  -0.917  -1.327  -4.694   1.208   0.920   1.027  -0.215   0.168 
  4 A  -0.216  -1.620  -0.785  -6.996  -4.876  -1.109  -4.258  -1.850  -2.217   0.393   3.464  -1.257   3.394  -1.711  -6.516   1.325  -2.669  -5.889  -4.541   0.830 
  5 A  -1.483   3.842  -2.241  -7.474  -1.185   0.256  -2.940  -2.263  -0.892  -0.971   0.253   2.597  -0.013  -2.264   1.970  -0.199  -0.040  -4.077  -0.326  -1.096 
  6 A   0.684   4.801   1.036  -9.075  -3.943  -3.977  -5.086  -0.470  -0.118  -3.450  -2.464   2.506  -0.740  -7.295   0.508   1.749  -0.666  -5.299  -4.929  -2.620 
  7 A  -0.183   2.464   0.338  -7.534  -8.066   0.124  -4.609  -4.673  -1.241   0.786   2.745  -1.267   2.537  -1.877   0.549  -0.917  -1.820  -3.531   0.255  -0.979 
  8 A   0.953   2.131  -2.488  -5.493  -4.506   0.983  -1.816  -1.624  -0.905  -2.014   1.238   1.288   1.327  -0.753  -0.259   0.795   1.431  -4.530   0.072  -2.050 
  9 A   0.925   1.131   0.558  -4.508  -7.892  -0.443  -2.978   1.247  -0.047  -1.002  -2.093   0.201  -1.143  -2.771  -2.467   3.603   0.987  -1.733  -0.474  -1.022 
