DRB1_0109

Last position-specific scoring matrix computed       
            A       R       N       D       C       Q       E       G       H       I       L       K       M       F       P       S       T       W       Y       V 
  1 A  -8.280  -8.315  -9.504 -12.235  -6.244  -9.588 -11.532  -9.796  -8.284   1.247   1.773 -12.347   1.709   5.478 -12.623 -10.299  -8.533   4.227   5.293  -0.020 
  2 A  -0.162   1.861   0.712  -3.358  -0.390   1.996  -0.572  -3.218   1.167  -0.852   0.282   1.026   0.290  -0.616  -5.756  -0.083  -0.093  -1.796   0.745   0.685 
  3 A   1.239   1.915  -0.197  -5.397  -3.311   2.145  -2.971  -0.559   1.854  -0.470   0.194  -0.367   1.787  -1.877  -0.677   0.926  -0.046   0.153   0.271  -2.409 
  4 A  -0.786  -4.542  -0.553  -4.885  -4.471   0.904  -1.430  -2.549  -1.296   1.812   3.010  -4.343   4.903  -2.238  -3.311  -0.651  -1.475  -4.718  -4.258   0.116 
  5 A   1.590   1.641  -1.417  -3.637  -2.631   0.052  -0.714   0.058  -1.264  -1.996   0.240   0.486  -0.538  -1.740   2.058   1.647  -0.345  -2.757  -0.160  -1.728 
  6 A   3.326  -7.685   2.149  -4.747 -10.283  -5.110  -5.496   2.582  -2.799  -5.557  -4.603  -8.312  -3.985  -8.777   2.844   4.146  -0.020 -11.151  -5.081  -6.079 
  7 A   0.516   0.283   0.950  -3.448  -6.218   0.200  -0.382  -2.465   0.598  -0.624   0.120  -1.710   1.008  -0.909   0.872   1.576   0.146   0.141   1.746   0.547 
  8 A   1.329   2.222  -1.737  -3.337  -1.194  -0.489  -2.608  -1.261  -1.699  -1.094   1.700  -0.489   0.488  -0.639   0.991   1.108  -0.604  -5.069  -0.309  -1.260 
  9 A   1.372  -2.662  -2.036  -8.364  -4.922  -3.956  -7.413  -1.335  -5.551   1.357   2.257  -4.852   1.849  -3.007  -5.698   1.237   1.692  -8.100  -4.224   2.515 
