DRB1_1358

Last position-specific scoring matrix computed       
            A       R       N       D       C       Q       E       G       H       I       L       K       M       F       P       S       T       W       Y       V 
  1 A  -6.650  -5.223  -7.892 -10.504  -5.441  -5.695  -9.038  -8.631  -7.537   4.402   2.982  -7.902   2.325   2.362  -6.351  -8.524  -6.931   1.773   0.592   1.683 
  2 A  -3.444   0.612   1.784  -3.295  -5.635   1.971  -3.580  -2.841   1.230   2.276   0.020   1.660   1.586  -3.416  -5.656   0.937  -0.976  -3.331  -1.832   1.094 
  3 A  -2.338   2.095  -1.489  -8.865  -7.221   0.782  -4.176  -3.126   2.598   0.660   2.008   0.047   0.920  -1.748  -2.790   0.373  -1.395   2.204   1.429   0.518 
  4 A  -1.732  -4.584   0.464  -2.895 -10.585  -3.397  -3.646  -2.722  -2.852   1.363   3.074  -3.843   2.469  -0.504 -12.416   2.700  -0.664  -7.039  -2.613   0.934 
  5 A  -0.743   2.172   0.086  -6.961   0.039   1.305  -1.943  -2.426   0.995  -1.193  -0.394   2.339  -1.743  -2.196   1.297   0.467   0.957  -4.470   1.585  -1.011 
  6 A   0.012   2.902   3.522  -4.408  -4.697  -2.378  -4.602  -3.124  -2.164  -1.699  -4.708   1.813   0.693 -10.446   0.992   3.308   1.569  -6.879  -8.672  -2.839 
  7 A   0.916   0.154   1.832  -4.472  -9.854   1.906  -5.348  -4.811  -2.708   1.069   2.087  -3.282   2.521  -3.814   0.967   0.317  -2.191  -2.829  -1.169   0.476 
  8 A   0.499   1.876  -2.587  -3.643  -4.966  -0.210  -2.041   0.107  -1.643  -1.074   2.357  -0.995   1.261  -1.116   1.621  -1.088  -1.088  -5.310   1.346  -1.312 
  9 A  -2.482  -0.475  -1.003  -3.255  -9.018  -2.854  -3.257  -4.126  -0.393   2.448   2.096  -3.170   0.043   0.425  -9.352   1.091   0.103  -2.943   1.564   1.956 
