DRB1_0103

Last position-specific scoring matrix computed       
            A       R       N       D       C       Q       E       G       H       I       L       K       M       F       P       S       T       W       Y       V 
  1 A  -6.816  -7.848  -9.600 -11.510  -5.687  -6.196  -8.832 -10.529  -7.268   1.917   2.608 -10.790   2.717   4.427  -9.708  -8.302  -6.366   3.225   4.641   1.000 
  2 A  -0.771   1.741   1.420  -3.372  -0.851   2.411  -1.008  -3.415   0.713  -0.166   0.080   1.577   0.398  -1.327  -6.776   0.067  -0.082  -1.622  -0.685   0.852 
  3 A   0.681   2.038   0.262  -3.649  -3.759   2.502  -2.182  -1.653   2.128   0.151  -0.082   0.902   1.661  -2.411  -0.104   0.387  -0.950  -1.118  -0.164  -1.985 
  4 A  -0.035  -3.051   1.089  -5.270  -4.358   0.963  -1.642  -2.063  -0.295   2.185   1.871  -3.768   3.406  -3.495  -3.529   0.279  -0.142  -4.440  -2.939   1.146 
  5 A   2.392   0.801  -0.855  -4.667  -3.001  -0.359  -1.237  -0.452  -1.608  -0.672  -0.284   0.431  -0.481  -0.936   0.859   2.087  -0.362  -3.216  -0.288  -1.022 
  6 A   3.024  -6.395   2.088  -4.897  -8.798  -4.141  -4.783   2.474  -2.009  -6.360  -5.243  -7.418  -4.020  -9.739   3.119   4.206   0.426  -9.845  -4.309  -5.386 
  7 A   0.362  -0.147   0.948  -2.843  -5.046   0.108  -1.920  -1.655   1.248  -0.031  -0.327  -1.050   0.351  -2.049  -0.229   1.551   0.499  -0.789   0.926   1.865 
  8 A   1.398   2.143  -2.693  -4.790  -1.816  -1.134  -3.000  -2.200  -1.739  -0.599   2.180   0.154   0.365  -0.386   0.832   0.421  -0.827  -5.086   0.039  -1.039 
  9 A  -1.717  -7.562  -6.840 -12.868  -9.032  -7.524 -11.061  -6.611  -9.283   3.240   3.524 -10.174   2.690  -1.856 -10.742  -2.555  -0.345  -8.183  -3.074   3.198 
