DRB1_1345

Last position-specific scoring matrix computed       
            A       R       N       D       C       Q       E       G       H       I       L       K       M       F       P       S       T       W       Y       V 
  1 A  -2.729  -3.237  -4.710  -7.349  -3.909  -1.910  -4.825  -6.115  -5.731   3.260   2.876  -4.491   2.327   1.825  -3.684  -5.382  -3.965   2.378   2.234   1.612 
  2 A  -2.299   0.767   1.852  -4.412  -4.502   2.669  -3.167  -1.692   0.706   2.105  -0.310   1.796  -0.929  -2.155  -6.199   0.154   0.184  -2.256  -2.633   0.964 
  3 A  -2.320   1.724  -0.056  -5.595  -6.850   2.437  -2.448  -6.277   3.183   1.046   1.653   1.285   1.879  -3.066  -1.813  -1.720  -2.567  -1.158   0.660   0.230 
  4 A  -0.688  -3.334   3.480  -0.731  -9.223  -0.972  -3.024  -0.553  -0.490   1.612   0.341  -3.287   0.243  -3.203  -8.649   2.557  -0.144  -8.394  -1.523   1.075 
  5 A   1.088   0.318   0.917  -5.916  -0.473  -0.050  -1.931  -2.851   0.196   0.115  -2.019   2.189  -0.433  -1.254   0.370   1.670   0.896  -4.183   1.030  -0.227 
  6 A   0.836   0.236   3.651  -4.361  -4.832  -3.163  -3.639  -0.721  -4.026  -2.554  -4.852  -0.817   0.544 -10.708   1.017   3.797   2.999  -5.711  -8.599  -1.686 
  7 A   0.154  -1.983   2.937  -2.441  -8.683  -1.144  -4.881  -4.130  -2.741   1.987   0.741  -2.638   0.918  -4.392  -0.533   0.045  -1.020  -3.536  -1.405   2.985 
  8 A   0.817   0.824  -2.703  -3.577  -5.253  -1.563  -2.183  -0.889  -3.032  -0.366   2.565   0.469   0.583   0.212   1.625  -0.888  -0.861  -6.912   0.557  -1.195 
  9 A  -4.556  -7.356  -5.673 -10.110  -9.454  -6.574  -6.010 -11.092  -4.777   4.320   3.017  -9.216   0.976   0.303 -12.074  -3.743  -2.477  -5.827   0.916   2.855 
