DRB1_1154

Last position-specific scoring matrix computed       
            A       R       N       D       C       Q       E       G       H       I       L       K       M       F       P       S       T       W       Y       V 
  1 A  -6.109  -4.575  -8.820 -10.563  -6.122  -7.126 -10.525  -8.153  -6.397   3.869   3.010  -8.024   2.077   2.929  -7.424  -6.737  -5.384   1.048   1.548   2.022 
  2 A  -3.342   1.325   0.587  -2.272  -3.315   0.859  -3.151  -3.097   2.025   1.305   0.197   2.357   0.617  -1.738  -4.059   1.487   0.547  -2.040  -0.841  -0.232 
  3 A  -0.964   2.183  -0.795  -6.849  -3.466  -0.858  -3.431  -2.111   1.377  -0.153   1.396   0.380  -0.408  -0.824  -3.862   0.901   0.554   2.580   0.574   0.944 
  4 A  -0.468  -3.663  -0.764  -5.700  -4.207  -2.774  -4.466  -2.569  -2.192   0.008   3.822  -2.261   2.944  -0.610  -9.375   2.161  -3.515  -6.617  -4.770   0.559 
  5 A  -1.356   3.570  -1.166  -5.559  -0.319   1.072  -2.674  -1.048  -0.187  -0.676   0.378   1.983   0.525  -3.591   1.341  -0.819   0.072  -3.994  -0.455  -0.848 
  6 A  -1.105   5.679   0.080  -7.757  -4.515  -2.933  -4.641  -3.120   0.598  -2.483  -3.340   3.429   0.512  -6.815   0.256   0.124  -1.654  -6.601  -4.968  -3.796 
  7 A   0.189   1.613   0.168  -6.001  -8.209   1.234  -5.329  -5.170  -1.631   0.600   3.271  -1.761   2.727  -3.102  -0.426  -0.437  -1.586  -4.582  -1.547  -1.108 
  8 A   0.962   1.933  -1.505  -3.736  -3.257   1.346  -1.591  -0.738  -0.496  -2.172   1.248   0.619   2.230  -1.046   0.347   0.131   0.041  -5.407   0.292  -1.406 
  9 A   0.316   2.608   0.121  -3.828  -7.642  -0.170  -2.884  -0.645   1.117  -1.280  -1.042   0.615  -0.707  -1.217  -5.247   3.154   0.479  -1.373   0.786  -0.811 
