DRB1_1421

Last position-specific scoring matrix computed       
            A       R       N       D       C       Q       E       G       H       I       L       K       M       F       P       S       T       W       Y       V 
  1 A  -7.381  -6.191 -10.061 -11.667  -8.713  -7.806 -10.944 -10.516  -9.311   3.734   3.897  -8.908   2.536   1.393  -8.995  -8.940  -7.675   1.037   0.994   1.826 
  2 A  -3.596   0.970   0.648  -3.052  -4.488   1.910  -4.551  -1.387   1.690   1.451   0.714   1.833  -0.367  -0.569  -4.778   0.109  -0.289  -4.384  -0.411   1.003 
  3 A  -0.953   2.765  -1.409  -8.356  -6.345  -0.012  -2.561  -2.982   0.760   0.960   1.540   0.356   1.701  -1.331  -3.092  -0.281  -0.055   1.204   1.159   0.076 
  4 A  -2.553  -7.425   1.317   2.211  -8.333  -3.123  -2.308  -1.733  -2.402  -0.140   3.060  -3.282   3.188  -0.968 -12.313   2.571  -3.319  -7.733  -4.123  -1.291 
  5 A  -2.270   2.962  -0.471  -4.188   0.658   1.337  -1.558  -1.618   0.289  -0.948  -0.499   1.654   1.067  -1.851   1.175  -0.111   0.519  -2.322   0.754  -0.359 
  6 A  -0.360   2.865   3.321  -3.414  -5.721  -3.802  -4.722  -0.845  -2.058  -2.064  -2.497   1.267   0.291  -8.985   0.770   2.638   2.350  -5.718  -7.305  -1.938 
  7 A   0.025  -2.143   2.169  -4.565  -9.308  -0.126  -4.182  -7.994  -6.361   0.812   3.388  -5.318   2.657  -5.433   0.574   0.191  -2.182  -6.501  -1.654   0.878 
  8 A   1.930   2.551  -1.158  -4.220  -5.438   0.082  -2.570  -1.026  -1.260  -3.038   1.056   1.258   1.639  -1.532   1.555  -0.226  -0.380  -7.834  -0.351  -2.036 
  9 A   0.670   3.110   0.606  -5.229  -6.623  -1.019  -4.351  -2.232   1.385  -1.437  -0.495  -0.254  -0.130  -1.629  -5.853   3.102   0.627  -3.841   1.687  -1.079 
