DRB1_1428

Last position-specific scoring matrix computed       
            A       R       N       D       C       Q       E       G       H       I       L       K       M       F       P       S       T       W       Y       V 
  1 A  -6.225  -6.410 -10.219 -11.256  -5.349  -6.317 -10.012  -8.736  -7.162   3.626   2.226  -9.966   2.110   4.057  -6.641  -8.360  -6.377   3.677   2.506   1.758 
  2 A  -2.710   1.420   2.537  -5.257  -5.933   2.393  -5.253  -1.261   0.464   1.852  -1.045   1.330   0.052  -6.717  -5.364   1.442  -0.484  -2.380  -4.813   1.567 
  3 A  -2.564   1.326  -1.536  -6.553  -6.213   1.500  -2.804  -1.594   3.033  -0.634   0.969  -0.628   2.178  -1.577  -0.511   0.793  -2.532   4.616   2.160   0.142 
  4 A   0.507  -1.989   0.064   2.165 -10.251   0.746   0.278  -2.098  -1.533   0.032   0.345  -1.822   0.357  -1.487  -6.154   3.026   0.205  -8.780  -2.395  -0.296 
  5 A  -1.296   0.219   0.897  -5.077   0.647   0.481   0.048  -4.391   2.464  -0.742   0.913   1.107  -2.356  -0.752   0.907   1.511   0.260  -5.455   1.413  -1.599 
  6 A   0.407   1.556  -0.243  -1.573  -4.053  -1.770  -2.882  -2.946  -2.258  -2.473  -4.476   1.066  -0.240 -12.210   5.712   2.467  -0.297  -6.834  -9.481  -1.229 
  7 A   2.196   0.261   2.148  -1.647 -10.599   2.035  -2.393  -3.670  -2.245  -0.025   0.735  -4.456   2.096  -3.689   0.963   1.569  -2.441  -5.357  -1.175  -0.398 
  8 A  -1.498   0.764  -4.109  -1.732  -6.267   1.909  -1.590  -0.741  -4.272  -1.730   3.177  -1.452   2.756  -2.200   2.637  -0.925  -1.996  -5.569  -0.244  -2.366 
  9 A  -1.435   0.210  -3.037  -3.328 -10.189  -2.299  -4.125  -2.944  -1.848   2.403   2.701  -5.593  -0.304  -0.448  -7.672   0.381  -2.833  -3.067   0.149   2.790 
