DRB1_1315

Last position-specific scoring matrix computed       
            A       R       N       D       C       Q       E       G       H       I       L       K       M       F       P       S       T       W       Y       V 
  1 A  -4.512  -5.285  -7.944 -11.276  -5.498  -3.643  -8.884  -8.414  -9.543   3.824   3.723  -7.661   3.222  -1.132  -7.519  -8.157  -5.771   0.246  -0.752   2.466 
  2 A  -2.434   0.898   1.428  -3.267  -5.786   2.814  -3.772  -1.904   0.054   2.085  -0.509   2.096  -0.887  -1.877  -3.386  -0.118   0.004  -2.543  -2.194   1.157 
  3 A  -2.181   1.589  -0.249  -5.936  -7.630   2.349  -2.660  -5.671   2.105   1.696   1.401   0.735   2.452  -3.000  -0.456  -2.708  -1.811  -0.710   0.867   0.705 
  4 A  -1.280  -3.496   3.314  -1.337  -9.198  -0.305  -2.843  -1.065  -0.623   1.612   1.945  -2.610   1.224  -2.834  -9.606   1.675  -1.324  -8.717  -1.916   0.672 
  5 A   0.499   0.798   1.982  -4.752  -0.136   0.846  -1.726  -0.785   0.228  -0.201  -1.505   1.415   0.859  -1.410  -0.878   0.933   0.320  -4.509   0.741  -0.040 
  6 A  -0.025   1.486   3.739  -3.175  -6.485  -2.428  -3.941  -0.157  -2.924  -2.165  -3.292  -0.004   1.044 -10.880   2.074   3.026   2.354  -5.593  -7.017  -3.060 
  7 A   0.707  -2.888   2.811  -2.265  -7.551  -0.419  -5.073  -4.346  -2.597   1.731   1.517  -2.494   0.483  -5.603  -0.876   0.132  -1.232  -4.454  -2.079   2.649 
  8 A   1.655   2.067  -2.132  -4.799  -3.904  -1.130  -3.138  -1.079  -1.649  -1.245   2.325   0.553   0.500  -1.129   1.505  -1.028  -1.558  -8.054   0.013  -1.009 
  9 A  -2.994  -1.941  -4.453 -11.143  -9.246  -4.657  -6.295  -7.178  -2.048   3.323   3.233  -5.715   2.518   0.714 -11.908  -1.981  -1.512  -4.274   1.662   1.830 
