DRB1_0706

Last position-specific scoring matrix computed       
            A       R       N       D       C       Q       E       G       H       I       L       K       M       F       P       S       T       W       Y       V 
  1 A  -4.231  -4.227  -5.338  -6.878  -2.841  -4.688  -5.348  -5.853  -4.702   1.026   2.260  -7.098   1.003   5.107  -6.158  -4.553  -4.525   2.996   4.323   0.359 
  2 A  -3.082   1.024   1.383  -3.514  -0.283   1.717  -1.757  -5.011   1.924  -0.431  -0.213   1.876   3.492  -3.520  -9.158   1.375   0.586  -0.128  -1.219   0.464 
  3 A   0.564   1.606  -1.025  -4.086  -2.790   0.513  -1.659  -1.424   3.634  -1.002   0.165   0.973  -0.420  -2.351  -0.965   1.940  -0.886  -0.530   0.652  -0.936 
  4 A   0.661  -1.035  -1.629  -7.060  -7.272  -1.979  -1.748  -3.840  -1.231   1.448   0.199  -2.590   0.725  -2.159  -5.028   3.487   2.666  -4.606  -3.236   1.425 
  5 A   1.096   2.098  -1.427  -6.626  -2.541  -0.690  -0.913  -2.476  -1.395  -1.855  -0.658   2.291  -2.593  -1.526   1.083   1.757   0.685  -4.060   0.514   0.230 
  6 A   2.884  -3.725   2.876  -5.016  -4.852  -4.556  -3.119  -0.136  -1.640  -5.685  -7.035  -6.443  -6.401 -12.538   1.985   5.170   0.762  -5.144  -7.214  -3.824 
  7 A  -1.547   1.945   0.527  -5.692  -6.710   0.558  -4.292  -1.106   1.073  -0.824   1.021   0.818   1.402  -0.183  -0.789   1.454  -1.019   0.370   1.388  -0.171 
  8 A   0.306   2.164  -2.855  -2.542  -2.221  -1.010  -1.540  -1.137  -1.006  -0.878   1.119   0.617  -0.238  -0.074   1.358   0.978   1.143  -4.100  -0.683  -1.105 
  9 A  -4.093  -1.788  -5.205  -9.071  -7.631  -6.524  -6.747  -5.182  -3.427   3.013   3.290  -4.846   1.275  -0.298  -8.786  -2.046  -0.434  -3.796  -0.772   3.143 
