DRB1_0831

Last position-specific scoring matrix computed       
            A       R       N       D       C       Q       E       G       H       I       L       K       M       F       P       S       T       W       Y       V 
  1 A  -7.192  -5.974  -9.989 -11.650  -8.480  -7.853 -11.279  -8.984  -6.962   3.881   1.969  -9.225   2.369   4.096  -7.799  -8.329  -6.677   2.595   2.574   1.948 
  2 A  -3.116   1.871   0.487  -3.875  -3.154   1.200  -3.717  -3.682   1.413   1.538  -0.246   2.859   1.121  -3.707  -5.391   0.949  -0.287  -2.330  -1.510   0.939 
  3 A  -0.530   2.438  -0.078  -7.628  -4.285  -0.463  -3.774  -1.419   2.225  -0.309   0.247  -0.339   1.052  -1.779  -3.591   1.132   0.886   2.492   0.714   0.919 
  4 A   0.633  -2.077  -1.386  -6.559  -5.317  -1.362  -3.675  -2.188  -2.603   0.373   3.489  -0.967   3.227  -0.988  -7.292   1.250  -2.436  -6.634  -4.430   0.336 
  5 A  -2.111   3.341  -0.737  -5.704  -0.278   0.794  -2.451  -1.473  -0.206  -0.904   0.764   1.984  -0.329  -1.629   1.256  -0.592  -0.120  -3.366   0.749  -0.920 
  6 A   0.245   4.706   1.143  -6.752  -5.263  -3.115  -5.424  -1.947  -1.079  -3.641  -3.179   3.232  -0.859  -8.761   2.577   1.403  -0.801  -7.383  -7.809  -3.489 
  7 A   1.206   1.285   0.766  -6.220  -9.761   1.039  -4.729  -5.189  -2.188   0.658   2.819  -1.485   2.196  -3.080   1.156  -0.300  -2.434  -4.835  -0.982  -1.239 
  8 A   0.268   1.912  -2.357  -4.503  -3.293   1.735  -2.067  -1.409  -0.530  -2.114   2.285   0.266   1.941  -1.329   0.901  -0.624   0.378  -5.415  -0.552  -1.458 
  9 A   0.487   2.963  -0.658  -4.635  -8.774  -0.749  -3.592   1.619   0.032  -1.143  -1.313   0.313  -0.211  -2.113  -5.075   2.832   0.317  -2.397   0.064  -1.186 
