DRB1_1469

Last position-specific scoring matrix computed       
            A       R       N       D       C       Q       E       G       H       I       L       K       M       F       P       S       T       W       Y       V 
  1 A  -8.592  -6.932  -9.142 -11.850  -7.693  -6.844  -9.053 -10.157  -6.919   2.884   1.438  -8.747   0.335   5.612  -7.657  -9.089  -7.724   3.783   4.521  -0.598 
  2 A  -3.955   1.142   2.030  -4.670  -3.200   2.162  -3.509  -3.173   2.384   0.374   0.154   2.509   0.596  -2.899 -10.305   1.727   0.100  -4.072  -2.149   0.191 
  3 A  -2.216   2.497  -0.224  -8.786  -4.790   1.055  -2.919  -3.827   2.925  -0.870   2.013   0.769   0.370  -1.708  -5.068   0.881  -1.171   1.934   0.616  -0.087 
  4 A  -0.293  -3.759   1.151  -1.565 -10.108  -1.261  -2.217  -2.597  -4.083   1.046   2.284  -4.277   1.728  -2.985 -10.195   2.977   0.632  -9.238  -4.824   1.279 
  5 A  -0.592   2.443  -1.178  -7.657   0.267   0.168  -2.430  -4.409   0.086   0.092  -0.953   2.371  -1.200  -1.334   2.404   0.716   0.868  -4.419   1.004  -0.765 
  6 A   1.172   2.263   2.741  -6.898  -3.618  -3.765  -3.989  -1.764  -1.759  -1.762  -4.147   1.412   0.277 -10.534   1.038   3.080   1.969  -6.154  -8.235  -0.579 
  7 A   0.486   0.952   2.506  -5.330 -12.135   1.266  -4.022  -6.233  -2.365   0.768   2.079  -3.722   2.810  -2.595   0.765   0.229  -2.353  -3.708  -0.326   0.155 
  8 A   0.418   1.174  -4.090  -3.122  -6.431   0.386  -1.812  -1.105  -2.380  -0.577   2.274   0.256   1.839  -0.015   1.038  -0.146   0.202  -5.371   1.098  -2.519 
  9 A  -0.859  -3.779   0.080  -1.423  -7.285  -1.738  -1.413  -3.486  -1.101   2.377   0.898  -4.606  -0.139  -0.051  -5.312   2.461   0.442  -1.633   1.412   1.605 
