DRB1_1467

Last position-specific scoring matrix computed       
            A       R       N       D       C       Q       E       G       H       I       L       K       M       F       P       S       T       W       Y       V 
  1 A  -7.439  -6.029  -7.933 -10.187  -7.225  -5.304  -8.325 -10.219  -8.087   2.609   1.874 -10.270   2.597   4.806  -7.004  -7.969  -7.721   3.890   4.450   0.600 
  2 A  -3.932   2.130   1.394  -5.984  -3.011   2.681  -4.016  -3.247   0.494   0.336  -0.448   3.412   0.115  -3.297  -9.788   0.508  -0.739  -2.856  -3.117   1.274 
  3 A  -1.773   3.308   0.884  -6.609  -4.050   1.621  -2.680  -4.018   2.792  -0.145  -0.090   1.286   2.062  -3.311  -3.112   0.246  -0.394   0.229  -0.139   0.048 
  4 A   0.651  -0.155   2.429  -1.378  -8.896   1.590  -0.716  -1.590  -1.634   0.670   0.910  -0.775   1.535  -6.289  -5.883   1.128   0.836  -8.406  -5.096   0.371 
  5 A  -0.030   1.670   0.417  -6.068  -1.463   0.251  -1.614  -3.669   0.498  -0.178  -0.542   1.899  -1.343   0.377   0.627   1.352   0.247  -3.665   1.418  -0.450 
  6 A   0.963   1.630   2.368  -7.475  -6.555  -3.779  -5.212  -0.000  -1.562  -3.952  -3.091   1.169  -1.815 -11.486   3.244   3.501   1.389  -7.983  -8.189  -1.756 
  7 A   1.240  -0.170   3.117  -3.444  -8.091  -0.071  -3.605  -3.200  -0.159   0.721   0.188  -1.544   0.847  -3.052   1.309   0.759  -1.563  -5.290   0.296   1.173 
  8 A   0.356   2.696  -5.679  -5.479  -6.034   0.555  -2.946  -4.795  -2.516  -1.151   2.900   0.905   0.969  -0.248   0.484  -0.446  -0.408  -7.134   0.085  -2.205 
  9 A  -0.861  -1.525  -3.529 -10.010  -7.900  -4.035  -7.133  -1.307  -4.664   3.176   2.042  -6.294   2.393   0.284  -7.118   0.672  -0.434  -2.359   1.204   1.842 
