DRB1_1136

Last position-specific scoring matrix computed       
            A       R       N       D       C       Q       E       G       H       I       L       K       M       F       P       S       T       W       Y       V 
  1 A  -5.461  -5.763  -8.926 -11.385  -6.307  -5.048  -9.229  -9.715  -9.746   4.058   3.801  -7.930   3.052  -0.715  -9.264  -9.130  -7.237   0.176  -0.680   2.220 
  2 A  -2.728   1.194   1.243  -3.089  -5.786   2.546  -3.784  -1.737   0.772   1.992  -0.511   2.210  -1.255  -1.682  -3.414   0.111  -0.168  -2.959  -1.491   0.950 
  3 A  -2.205   2.258  -0.498  -6.758  -8.031   1.971  -2.909  -5.457   1.968   1.547   1.450   0.809   2.188  -2.565  -1.127  -2.334  -1.516  -0.355   1.119   0.528 
  4 A  -1.841  -4.933   3.074  -1.278  -9.674  -0.896  -3.529  -1.047  -0.954   1.410   2.614  -2.755   2.197  -2.065 -11.077   1.512  -2.520  -9.679  -2.170   0.468 
  5 A  -0.041   1.802   1.365  -5.496   0.320   1.037  -1.829  -1.130   0.630  -0.247  -1.487   1.622   1.005  -1.833  -0.149   0.540   0.552  -4.143   0.811  -0.316 
  6 A  -0.525   2.375   3.643  -3.677  -7.254  -3.418  -4.365  -0.748  -2.855  -2.332  -3.381   0.902   1.149 -10.252   1.587   2.983   2.487  -5.542  -8.005  -3.298 
  7 A   0.714  -2.522   2.895  -3.181  -8.723  -0.509  -5.315  -5.690  -3.558   1.804   2.190  -3.244   1.043  -6.026  -0.674  -0.026  -1.614  -6.793  -2.182   2.170 
  8 A   1.853   2.261  -1.929  -4.507  -4.739  -0.775  -3.300  -0.940  -1.431  -2.024   2.055   0.776   0.773  -1.269   1.731  -0.946  -1.235  -9.200   0.120  -1.722 
  9 A  -1.336  -0.166  -1.912  -8.794  -7.566  -2.972  -5.298  -4.624  -0.227   2.502   2.481  -3.453   2.203   0.624  -8.983   0.249  -0.296  -3.234   2.046   1.250 
