DRB1_1378

Last position-specific scoring matrix computed       
            A       R       N       D       C       Q       E       G       H       I       L       K       M       F       P       S       T       W       Y       V 
  1 A  -5.223  -5.594  -9.774 -10.991  -6.172  -4.724  -9.026  -9.006  -9.133   3.873   3.659  -8.328   3.193   0.141  -7.573  -8.940  -5.904   0.601   0.093   2.265 
  2 A  -3.097   1.094   1.757  -3.625  -6.091   2.636  -4.073  -1.523   0.777   1.971  -0.701   2.413  -1.429  -2.525  -4.520   0.288   0.149  -3.135  -2.264   0.826 
  3 A  -2.148   1.994  -0.501  -6.833  -9.298   1.921  -2.707  -5.492   2.443   1.476   1.550   0.916   2.060  -2.554  -0.974  -2.104  -1.917  -0.496   1.043   0.501 
  4 A  -0.778  -3.474   3.051  -0.775  -9.872  -1.079  -3.126  -0.878  -0.801   1.325   1.670  -2.382   1.035  -2.188  -9.424   2.351  -1.248 -10.607  -1.880   0.682 
  5 A   0.176   1.485   1.190  -5.160   0.176   0.391  -2.015  -1.333   0.570  -0.070  -1.452   1.938   0.293  -1.582  -0.170   1.004   0.509  -4.274   0.933  -0.263 
  6 A   0.054   1.993   3.385  -3.636  -5.915  -3.301  -3.989  -0.731  -3.960  -2.375  -3.924   0.251   0.644 -10.591   2.118   3.345   2.537  -6.196  -8.151  -2.740 
  7 A   0.667  -2.444   2.861  -2.714  -9.513  -0.908  -5.162  -4.792  -3.586   1.813   1.924  -3.239   1.091  -5.415  -0.206   0.045  -1.484  -4.598  -1.868   2.242 
  8 A   1.452   1.606  -2.599  -4.447  -4.985  -0.970  -2.894  -0.868  -1.625  -1.539   2.378   0.632   0.763  -0.794   1.862  -0.770  -0.886  -8.081   0.213  -1.592 
  9 A  -2.524  -1.543  -3.829 -10.351  -9.988  -4.536  -5.798  -6.816  -1.570   3.179   2.957  -5.489   1.959   1.051 -11.607  -1.200  -1.530  -3.649   2.030   1.987 
