DRB1_1204

Last position-specific scoring matrix computed       
            A       R       N       D       C       Q       E       G       H       I       L       K       M       F       P       S       T       W       Y       V 
  1 A  -7.439  -7.058  -9.940 -11.345  -6.606  -7.351 -11.106 -10.365  -9.673   3.876   3.333 -10.912   3.396   1.587  -7.845  -9.391  -7.940   1.503   0.566   2.449 
  2 A  -2.917   1.556   1.303  -3.443  -4.747   2.638  -3.825  -3.160   0.715   1.873  -0.245   2.708   0.646  -3.626  -4.575  -0.471  -1.328  -2.845  -2.308   1.261 
  3 A  -1.891   2.138  -0.568  -7.772  -6.428   1.610  -3.207  -3.111   2.674   0.838   1.102  -0.016   2.734  -3.300  -1.229  -0.667  -0.138   1.244   0.725   0.525 
  4 A  -0.687  -2.082   1.528  -4.442  -6.512   0.288  -2.001  -2.752  -0.208   0.630   2.957  -0.642   3.260  -2.250  -9.465   1.165  -2.142  -6.594  -3.717   0.317 
  5 A  -0.289   2.064   0.770  -5.030  -1.740   1.195  -1.290  -0.251   0.165  -1.365   0.724   1.457  -0.083  -1.725  -0.175   0.702  -0.302  -4.613   0.546  -1.036 
  6 A   0.384   3.694   1.990  -4.570  -9.629  -1.502  -5.519  -1.028   0.327  -3.572  -3.133   1.981   0.482  -9.337   3.449   2.132  -0.138 -10.336  -7.353  -4.021 
  7 A   1.533   0.747   2.079  -3.871  -7.784   1.582  -4.694  -3.264  -0.243   0.237   1.703  -0.869   1.445  -5.175  -0.965   0.723  -1.818  -5.209  -0.883   0.363 
  8 A   0.926   3.533  -2.851  -5.761  -3.789   0.388  -2.670  -1.963  -1.169  -2.135   2.421   0.375   0.951  -1.824   0.439  -1.099  -1.857  -7.768  -0.092  -1.407 
  9 A  -0.998   2.434  -3.733 -10.133  -7.221  -2.512  -7.123  -2.043  -1.470   1.541   2.699  -1.942   2.702  -0.319 -10.425  -0.432  -1.504  -3.919   0.437   1.317 
