DRB1_1130

Last position-specific scoring matrix computed       
            A       R       N       D       C       Q       E       G       H       I       L       K       M       F       P       S       T       W       Y       V 
  1 A  -7.467  -4.873  -8.211 -10.101  -7.771  -6.870  -8.956  -7.894  -6.264   2.574   1.680  -7.496   0.667   5.152  -7.748  -6.628  -6.018   2.505   5.095   0.022 
  2 A  -3.378   1.468  -0.160  -3.409  -1.326   0.750  -2.202  -4.369   3.154  -0.744   0.124   2.582   0.433  -0.434  -6.941   1.899   0.747  -2.538   0.815  -0.677 
  3 A  -0.371   2.664  -0.552  -8.209  -2.496  -0.780  -3.730  -2.241   1.373  -0.997   1.348   0.550  -1.333  -0.180  -4.707   1.475   1.204   0.922   0.183  -0.192 
  4 A  -1.111  -5.258  -1.511  -7.166  -4.392  -2.945  -5.007  -2.585  -4.720   0.919   3.984  -4.360   4.034  -1.633  -9.575   1.186  -2.713  -7.247  -7.832   1.161 
  5 A  -0.964   3.599  -2.472  -6.897   0.006   0.327  -3.070  -2.099  -0.893  -0.782   0.105   1.893   0.192  -2.404   2.393  -0.235   0.195  -3.068  -0.323  -0.458 
  6 A   1.321   2.788   2.879  -8.199  -2.677  -4.532  -4.115   0.171  -0.707  -2.169  -2.065   0.903  -0.148  -6.398  -0.538   2.722   1.108  -4.955  -4.562  -1.656 
  7 A  -0.944   1.310   0.804  -7.430  -9.242  -0.014  -4.220  -5.601  -2.203   0.637   3.271  -3.359   2.985  -1.602  -0.178  -0.051  -1.421  -3.289   0.719  -0.854 
  8 A   1.629   1.518  -2.024  -3.729  -4.123   0.335  -1.697  -0.631  -0.933  -2.157   0.469   0.962   1.073  -0.918   0.071   1.568   1.451  -4.138  -0.113  -2.051 
  9 A   1.022  -0.080   1.612  -3.071  -7.659  -0.516  -2.772   0.359   0.542  -1.581  -3.319  -0.650  -1.262  -3.027  -2.138   4.130   1.812  -1.718  -0.667  -1.344 
