DRB1_0817

Last position-specific scoring matrix computed       
            A       R       N       D       C       Q       E       G       H       I       L       K       M       F       P       S       T       W       Y       V 
  1 A  -7.019  -3.892  -8.595  -9.259  -7.099  -6.759  -8.758  -7.438  -4.718   2.485  -0.258  -7.106   0.633   5.682  -6.429  -6.923  -6.112   3.977   5.269  -0.256 
  2 A  -3.112   1.872   0.497  -5.055  -2.177   0.970  -3.843  -3.220   0.981   1.157   0.010   2.704   0.655  -2.470  -7.539   1.430   0.472  -0.725  -1.589   0.693 
  3 A  -1.199   3.283   0.192  -7.985  -3.772  -0.807  -3.322  -1.454   1.904  -1.390   0.217   1.324  -0.939  -2.542  -4.298   2.084   0.155   2.384  -0.423   0.174 
  4 A   1.010   0.093  -0.952  -4.845  -5.542  -0.831  -2.401  -1.109  -1.353  -0.091   2.385  -0.659   2.131  -1.797  -5.184   2.285  -0.822  -5.521  -3.581   0.332 
  5 A  -1.523   3.240  -1.775  -7.306  -0.630   0.304  -2.539  -3.944   0.110  -0.856   0.138   2.682  -1.001  -0.947   2.220   0.392   0.505  -4.541   0.402  -1.796 
  6 A   0.683   5.061  -0.873  -8.717  -4.619  -2.687  -4.139  -1.721  -1.264  -3.623  -3.492   3.293  -1.616  -8.495   1.781   1.608  -1.874  -5.925  -6.501  -2.534 
  7 A   1.143   2.675   0.370  -6.243  -9.051   0.352  -4.147  -3.415  -1.530   0.582   1.252  -1.273   2.109  -1.711   2.690  -0.740  -1.613  -4.316  -0.071  -0.905 
  8 A  -0.206   1.039  -3.619  -4.479  -5.163   1.330  -1.622  -1.884  -1.905  -0.907   2.399   0.086   1.916  -0.494   0.336   0.203   1.123  -4.550   0.593  -1.441 
  9 A   1.082  -1.015  -0.125  -2.680  -6.779  -0.643  -2.150   1.222  -1.515   0.300  -0.988  -2.179  -1.167  -2.806  -2.537   3.630   0.557  -1.909  -0.120   0.413 
