DRB1_1117

Last position-specific scoring matrix computed       
            A       R       N       D       C       Q       E       G       H       I       L       K       M       F       P       S       T       W       Y       V 
  1 A  -8.575  -8.783 -12.529 -13.229 -10.289  -9.187 -13.051 -13.103 -10.175   4.297   3.315 -10.124   2.717   2.296  -9.930 -11.548 -10.411   2.219   0.416   1.793 
  2 A  -3.437   2.237   2.013  -4.057  -7.309   2.549  -4.247  -1.381   1.208   0.968  -1.045   2.598  -0.406  -5.814  -3.687   1.606  -0.893  -8.955  -4.409   0.572 
  3 A  -2.142   1.952  -0.739  -9.055  -5.809   1.495  -3.524  -3.056   1.547   0.349   1.226  -1.294   2.674  -1.143  -1.987  -0.364  -0.797   3.768   2.384   0.582 
  4 A  -0.374  -5.699  -0.299   0.055  -9.761   0.228  -2.189  -2.565  -3.296   0.892   3.326  -2.895   2.720  -1.970 -10.853   1.895  -1.812 -11.658  -4.502  -0.114 
  5 A  -1.398   2.176   0.876  -4.840   0.686   1.456  -1.501  -2.715   1.595   0.030   0.505   0.561  -0.496  -1.814   1.029   0.087   0.385  -3.983   1.054  -0.907 
  6 A  -0.158   3.037   1.572  -2.743  -5.140  -2.529  -4.803  -3.001  -1.743  -1.346  -3.367   2.151   1.029 -10.928   3.923   1.836   1.232  -9.845  -9.518  -1.612 
  7 A   1.752  -1.583   2.863  -2.820 -11.835   1.876  -3.028  -6.575  -4.305   0.503   2.590  -4.754   1.712  -6.672   0.357   1.068  -2.362  -8.276  -3.093  -1.165 
  8 A   0.076   2.014  -2.591  -2.699  -4.826   2.322  -1.795  -1.484  -1.681  -2.740   2.453   0.173   2.684  -2.202   2.226  -1.131  -2.250  -6.292  -0.070  -2.798 
  9 A   0.241   2.273  -0.417  -4.000  -8.297  -0.377  -3.660  -0.656   0.896   0.271   0.524  -1.879   0.494  -0.515  -6.152   2.676  -0.062  -2.075   0.937  -0.120 
