DRB1_1159

Last position-specific scoring matrix computed       
            A       R       N       D       C       Q       E       G       H       I       L       K       M       F       P       S       T       W       Y       V 
  1 A  -7.251  -6.600  -8.852 -11.460  -8.623  -6.623 -10.691 -10.767  -8.205   4.016   3.528  -8.903   2.720   1.061  -8.402  -8.489  -6.731   0.797   0.651   2.345 
  2 A  -3.815   1.284   1.103  -2.697  -4.549   1.663  -3.511  -2.095   1.499   1.786   0.015   2.544  -1.123  -1.451  -3.956   0.658   0.050  -2.519  -1.161   0.240 
  3 A  -1.474   2.827  -0.545  -7.341  -5.051   0.265  -2.973  -3.896   1.512   0.713   1.501   0.918   1.012  -2.312  -3.061  -0.560  -0.217   1.059   0.540   0.809 
  4 A  -1.126  -3.662   1.924  -2.121  -6.500  -1.762  -3.386  -1.483  -0.382   0.026   3.125  -1.591   2.917  -1.754 -10.048   2.192  -3.597  -6.845  -3.391   0.242 
  5 A  -1.286   3.263  -0.410  -5.839  -0.104   1.210  -1.893  -0.646   0.425  -0.730  -0.162   2.163   1.079  -2.740   0.284  -0.070  -0.275  -3.711  -0.179  -1.100 
  6 A  -1.566   5.200   1.184  -6.612  -6.004  -2.700  -4.939  -1.798  -0.313  -3.258  -3.125   3.146   1.172  -8.548   0.957   1.161  -0.274  -6.472  -6.182  -3.718 
  7 A   0.562  -0.208   1.489  -4.571  -8.767   0.650  -5.044  -5.085  -2.608   1.121   2.929  -2.196   2.416  -5.500  -0.399  -0.039  -1.512  -6.025  -1.765   0.735 
  8 A   1.277   2.526  -1.831  -5.003  -3.415   0.499  -2.525  -1.415  -0.555  -2.393   1.823   1.108   1.643  -1.176   0.463  -0.466  -1.018  -6.906   0.247  -1.292 
  9 A   0.139   2.508  -0.711  -6.515  -7.801  -1.290  -4.200  -2.204   0.313   0.382   0.794  -0.703   0.530  -0.086  -6.814   2.266   0.120  -2.638   1.935   0.237 
