DRB1_0450

Last position-specific scoring matrix computed       
            A       R       N       D       C       Q       E       G       H       I       L       K       M       F       P       S       T       W       Y       V 
  1 A  -8.915  -7.047 -10.203 -11.834  -9.891  -8.458 -10.678 -10.508  -8.157   3.093   2.676 -10.974   2.183   4.598  -9.564 -10.070  -8.833   3.171   3.014   1.240 
  2 A  -2.733   1.420   0.920  -4.808  -3.652   2.149  -3.506  -3.207   2.023   0.326   0.397   2.170   1.825  -4.319  -6.219   1.127  -0.361  -6.301  -1.149   1.327 
  3 A  -0.251   1.468  -2.037  -7.395  -6.266   1.596  -3.034  -1.142   1.656  -0.329   0.863  -2.190   2.396  -0.725  -2.231   1.237   0.580   1.881   2.667  -0.882 
  4 A  -0.310  -8.040  -5.203  -0.231  -9.856  -1.280  -1.982  -3.332  -8.292   1.686   3.152  -5.358   3.515   0.050  -8.700   1.606   0.388  -5.025  -4.522  -0.072 
  5 A  -3.050   0.902   0.009  -4.088   2.483   0.312  -1.154  -4.439  -0.158   0.087   0.239   0.356  -0.933  -0.157   1.570   0.088   0.974  -0.630   2.222   0.552 
  6 A   0.924  -5.268   4.366  -2.290  -4.768  -5.909  -5.982  -2.540  -7.745  -2.976  -4.777  -4.839  -3.844 -12.358   2.205   4.030   3.686  -9.094 -12.221  -0.913 
  7 A   0.520  -3.094   2.827  -3.078 -11.074  -0.428  -1.317  -9.218  -5.728   0.441   3.167  -6.004   1.957  -3.037   1.620   0.976  -2.533  -4.795  -1.770  -1.312 
  8 A  -0.408   0.745  -3.308  -1.150  -5.117   0.948  -1.540  -0.264  -1.449  -1.949   1.972  -0.257   1.868  -1.341   3.647  -0.188   0.096  -5.631  -1.850  -2.807 
  9 A   0.732   1.359   0.994  -0.177  -6.298  -0.148  -1.567   0.131   1.398  -1.710  -1.776  -0.844  -0.995  -3.004  -2.079   3.055   1.575  -1.402  -0.741  -1.200 
