DRB1_1379

Last position-specific scoring matrix computed       
            A       R       N       D       C       Q       E       G       H       I       L       K       M       F       P       S       T       W       Y       V 
  1 A  -3.776  -4.585  -6.821 -10.712  -5.457  -3.241  -7.994  -8.031  -8.182   3.795   3.496  -7.029   3.177  -0.486  -6.412  -7.790  -4.942   0.557  -0.211   2.454 
  2 A  -2.711   0.968   1.695  -3.815  -5.264   2.775  -4.184  -1.510  -0.056   2.339  -0.745   2.098  -1.376  -2.614  -4.152   0.002   0.097  -2.618  -2.888   1.128 
  3 A  -1.851   1.579  -0.474  -6.236  -8.237   2.111  -2.678  -5.360   2.429   1.830   1.371   0.812   2.052  -2.842  -0.656  -2.142  -1.921  -1.137   0.856   0.682 
  4 A  -0.742  -3.016   2.986  -0.621  -9.345  -0.972  -3.068  -0.732  -0.426   1.477   1.237  -2.568   0.440  -2.020  -8.593   2.502  -0.918  -8.239  -0.794   0.574 
  5 A   0.566   0.718   1.533  -4.965   0.055   0.253  -1.863  -1.368   0.331   0.029  -1.642   1.815   0.458  -1.335  -0.904   1.329   0.504  -3.997   1.125  -0.187 
  6 A   0.256   1.321   3.454  -3.295  -5.827  -2.889  -3.801  -0.440  -4.374  -2.279  -3.534  -0.602   0.584 -10.638   2.054   3.483   2.659  -5.657  -7.343  -2.585 
  7 A   0.462  -2.925   2.603  -1.878  -8.094  -1.242  -4.942  -4.283  -3.337   1.976   1.385  -2.741   0.404  -5.017  -0.111   0.091  -1.237  -3.816  -1.954   2.809 
  8 A   1.231   1.211  -2.434  -4.213  -4.436  -1.331  -2.832  -0.965  -1.843  -0.872   2.504   0.489   0.683  -0.344   1.758  -0.986  -1.159  -9.385   0.186  -0.941 
  9 A  -3.855  -3.162  -5.126 -11.434  -9.815  -5.528  -6.685  -8.941  -2.919   3.618   3.340  -7.171   1.819   0.715 -12.776  -2.936  -2.362  -4.621   1.532   2.347 
