DRB1_1203

Last position-specific scoring matrix computed       
            A       R       N       D       C       Q       E       G       H       I       L       K       M       F       P       S       T       W       Y       V 
  1 A  -4.699  -4.967  -9.078  -9.576  -3.693  -4.501  -8.930  -7.867  -7.348   3.446   2.699  -8.128   2.470   3.339  -6.295  -8.905  -5.176   2.642   2.158   1.975 
  2 A  -2.295   0.537   2.145  -3.858  -4.303   2.127  -4.104  -2.171   0.521   2.455  -0.679   1.556   1.048  -4.100  -7.700   0.471  -0.214  -0.699  -2.752   1.323 
  3 A  -1.477   1.073  -1.460  -6.790  -6.491   2.010  -3.291  -2.455   3.395   0.779   1.621   0.229   1.754  -2.698  -0.698  -0.297  -2.349   1.849   1.013   0.236 
  4 A   0.533  -1.010   1.075  -3.453  -9.311  -0.641  -1.260  -1.671   0.342   0.954   1.024  -2.060   1.320  -1.042  -7.260   2.632   0.038  -7.374  -1.634   1.089 
  5 A   0.816   0.797   0.549  -6.190  -0.737   0.041  -1.111  -2.378   0.742  -1.086   0.061   2.144  -1.743  -1.888   0.619   1.926   0.310  -7.398   0.626  -1.032 
  6 A   2.049   1.214   1.422  -3.212  -4.949  -1.065  -2.780  -1.229  -1.515  -2.873  -5.131  -0.283  -0.361 -10.846   4.208   3.431   0.383  -6.463  -7.057  -2.407 
  7 A   1.436   0.967   1.539  -2.881  -8.379   1.443  -4.092  -1.549  -0.463   0.510   0.237  -1.485   1.717  -2.870   0.266   1.040  -1.812  -2.156  -0.782   1.041 
  8 A  -0.286   1.359  -2.763  -3.378  -4.140  -0.181  -1.887  -0.267  -2.814  -0.698   2.844  -0.807   1.521   0.011   1.201  -0.978  -1.813  -5.593   0.860  -1.178 
  9 A  -5.011  -3.993  -8.893 -11.013 -10.718  -6.844  -9.147  -9.062  -7.473   3.431   3.914 -11.495   0.654  -0.796 -12.962  -4.826  -4.459  -7.904  -1.406   3.448 
