DRB1_0309

Last position-specific scoring matrix computed       
            A       R       N       D       C       Q       E       G       H       I       L       K       M       F       P       S       T       W       Y       V 
  1 A  -5.214  -5.115  -9.825  -8.490  -4.419  -6.087  -7.620  -8.345  -5.465   2.343   3.186  -7.315   2.068   3.831  -5.259  -4.614  -4.499   1.465   3.124   1.522 
  2 A  -4.736  -0.222   0.989  -2.990  -3.174   1.238  -4.913  -1.780   0.289   1.461   2.511   0.966   0.209   0.300  -8.860  -0.515  -0.579  -2.714  -1.497   0.645 
  3 A  -1.058   1.848   0.062  -4.265  -2.687   0.064  -0.194  -1.774   0.633  -0.212   0.543   0.300   1.183  -1.494  -3.447   1.645   0.810   1.020   0.460   0.093 
  4 A  -3.063  -6.352   1.059   6.859  -9.433  -5.476   0.261  -6.034  -2.850  -9.502  -6.597  -3.771  -6.099 -10.330  -8.707   3.258  -2.414 -13.517 -11.186  -8.229 
  5 A  -2.776   1.808   0.173  -1.775  -0.999   0.528   0.107  -2.093   0.573  -0.257   0.024   1.109   0.335   0.336   1.049  -0.051   0.216  -1.835   0.779  -0.064 
  6 A  -0.626   3.180   0.473  -2.483  -2.026  -0.945  -1.088  -1.718  -0.753  -2.265  -1.634   2.001  -0.994  -4.768   1.930   1.335   1.212  -3.549  -3.365   0.448 
  7 A  -0.136  -1.414   1.270  -1.220  -7.329   0.254  -2.369  -2.907  -1.685   0.215   2.170  -1.591   2.665  -2.830   0.383   1.070  -0.022  -6.991  -0.871   0.543 
  8 A   0.750   1.520  -1.240  -1.603  -3.391   0.629  -0.636  -2.096  -1.248  -1.448   1.391   0.949   2.528  -0.879   0.236   0.033  -0.201  -3.766  -0.344  -0.897 
  9 A  -0.939   3.495  -0.788  -4.317  -7.191  -0.934  -2.495  -4.343   0.081  -0.494  -0.298  -1.347   0.037   1.285  -4.617   1.724   0.024  -1.325   3.831  -0.588 
