DRB1_1450

Last position-specific scoring matrix computed       
            A       R       N       D       C       Q       E       G       H       I       L       K       M       F       P       S       T       W       Y       V 
  1 A  -6.695  -6.642 -10.278 -11.679  -5.347  -7.516 -10.114  -8.850  -6.936   3.045   2.701  -9.630   2.348   4.315  -6.721  -7.553  -6.492   2.973   1.800   2.002 
  2 A  -3.635   0.744   2.121  -4.437  -4.745   2.079  -5.809  -1.090  -0.011   2.322   0.751   0.885   0.722  -4.529  -6.950   0.504  -1.017  -1.185  -4.425   1.523 
  3 A  -2.023   0.862  -1.376  -5.774  -5.106   0.989  -0.975  -0.978   1.987  -0.768   0.819  -1.368   2.397  -1.645  -0.950   1.521  -2.026   4.347   1.953   0.526 
  4 A   0.443  -2.653   0.103   4.886 -11.491  -0.577   1.404  -3.817  -1.695  -2.773  -2.028  -1.787  -1.665  -3.829  -6.729   3.369   0.045  -9.972  -5.518  -3.012 
  5 A  -2.620   0.059   1.265  -3.035   0.812   0.645   0.374  -3.825   2.271  -0.616   0.925   0.478  -1.637   0.635   0.508   0.640   0.310  -4.082   1.433  -0.989 
  6 A  -0.303   2.484  -2.061  -1.316  -2.904  -0.196  -2.219  -3.735  -2.097  -2.090  -3.552   2.293   0.200  -8.397   5.324   0.821  -1.034  -6.313  -7.657   0.033 
  7 A   2.183  -0.739   1.754  -0.673 -10.195   2.134  -2.131  -3.447  -1.987  -0.406   1.097  -4.077   2.526  -3.379   1.099   1.355  -1.546  -6.929  -1.547  -0.932 
  8 A  -1.298   0.508  -3.470  -0.752  -6.343   2.272  -0.919  -0.761  -2.871  -1.431   2.929  -1.978   3.179  -2.141   2.072  -1.561  -1.979  -6.127  -0.770  -1.323 
  9 A  -1.286   1.967  -2.798  -2.311  -8.401  -1.648  -2.840  -3.526  -1.163   1.345   2.198  -4.137  -0.215   0.705  -7.000   0.990  -2.116  -2.158   1.771   1.828 
