DRB1_1316

Last position-specific scoring matrix computed       
            A       R       N       D       C       Q       E       G       H       I       L       K       M       F       P       S       T       W       Y       V 
  1 A  -3.296  -3.532  -5.130  -8.511  -4.554  -2.160  -5.496  -7.049  -6.803   3.457   3.327  -5.217   2.981   0.262  -5.790  -6.788  -4.349   1.380   1.332   2.050 
  2 A  -2.171   1.209   1.175  -3.610  -4.408   3.000  -3.011  -2.146   0.448   1.889  -0.775   2.124  -1.445  -1.668  -3.924   0.030   0.289  -2.524  -2.050   0.981 
  3 A  -2.132   1.509   0.549  -5.033  -6.196   2.387  -2.140  -6.330   2.911   1.606   1.322   0.947   2.149  -3.219  -0.899  -2.864  -1.848  -2.006   0.703   0.245 
  4 A  -1.307  -3.394   3.701  -1.875  -8.006   0.076  -2.855  -0.554  -0.332   1.942   1.338  -2.935   1.298  -3.263  -7.534   1.255  -1.213  -7.029  -1.686   0.798 
  5 A   0.944   0.422   1.585  -5.101  -0.238   0.178  -2.060  -1.429  -0.118  -0.135  -1.971   1.859   0.692  -1.494  -0.409   1.452   0.684  -3.907   0.921  -0.160 
  6 A   0.150   0.315   4.088  -3.995  -6.558  -3.750  -4.239   0.190  -4.227  -2.672  -3.854  -1.267   0.544 -10.355   1.101   3.641   3.001  -6.655  -7.396  -2.834 
  7 A   0.092  -3.091   3.042  -2.400  -7.516  -1.593  -5.112  -4.623  -2.334   2.126   0.904  -2.047   0.156  -4.573  -1.275  -0.198  -1.050  -4.270  -1.551   3.165 
  8 A   1.524   1.727  -2.537  -4.865  -4.771  -1.289  -2.896  -1.060  -2.319  -0.995   2.326   0.883   0.003  -0.616   1.628  -0.740  -0.894  -9.258  -0.054  -1.187 
  9 A  -2.882  -5.007  -4.014 -10.166  -9.500  -4.910  -5.525  -7.628  -2.739   3.727   3.045  -6.934   2.488   0.390 -10.230  -2.277  -1.142  -4.472   1.135   2.241 
