DRB1_1410

Last position-specific scoring matrix computed       
            A       R       N       D       C       Q       E       G       H       I       L       K       M       F       P       S       T       W       Y       V 
  1 A  -9.853  -8.874 -11.066 -12.653  -8.364 -10.624 -12.497 -11.992  -7.313   3.133   2.319 -12.120   1.292   5.220  -8.932 -12.076 -10.153   3.651   3.364   0.441 
  2 A  -2.988   1.137   1.976  -5.138  -4.054   2.489  -3.704  -2.569   2.232   0.556  -0.639   1.837   1.108  -5.588  -6.718   2.157   0.067  -5.114  -2.443   0.984 
  3 A  -1.534   1.165  -3.029  -8.090  -6.613   1.888  -2.871  -1.756   1.849  -1.320   2.126  -1.395   1.832  -0.783  -2.058   1.363  -1.892   3.573   2.652  -1.013 
  4 A  -0.923  -8.671  -4.856   0.732  -9.194  -1.355  -1.851  -3.356  -7.931   1.762   2.812  -6.346   2.338   1.095  -9.874   2.062  -0.126  -6.396  -2.265   0.561 
  5 A  -2.057   0.241  -0.029  -5.756   2.762   0.417  -0.803  -5.510   0.975   0.077   0.170   1.040  -1.841  -0.139   1.974   0.709   0.843  -2.435   1.875  -0.510 
  6 A   0.938  -4.284   3.504  -1.798  -2.627  -4.085  -3.535  -2.868  -6.308  -1.147  -4.601  -3.049  -1.358 -12.509   3.160   3.814   2.818  -8.788 -11.478  -0.057 
  7 A   0.918  -1.222   3.007  -1.761 -11.164   0.997  -1.302  -7.483  -3.840   0.052   2.321  -6.118   2.154  -3.079   1.709   1.310  -3.114  -3.955  -1.899  -1.203 
  8 A  -1.785  -0.350  -4.455  -0.714  -7.057   1.022  -1.232   0.861  -3.359  -0.901   2.358  -1.441   1.852  -1.424   3.792  -0.348  -0.967  -4.987  -0.652  -3.292 
  9 A  -0.242  -1.567   0.220   2.318  -6.841  -0.914   0.131  -2.376   0.787   0.383   0.275  -3.523  -2.743  -2.504  -3.592   2.710   0.257  -1.279  -0.745   1.006 
