DRB1_0449

Last position-specific scoring matrix computed       
            A       R       N       D       C       Q       E       G       H       I       L       K       M       F       P       S       T       W       Y       V 
  1 A  -9.290  -8.065  -9.864 -11.855  -9.891  -9.235 -11.341 -11.290  -9.305   3.051   2.813 -11.269   2.233   4.598 -10.846 -10.327  -9.607   3.114   2.728   1.336 
  2 A  -2.756   1.498   0.788  -4.545  -3.441   2.309  -3.283  -3.336   2.101   0.275   0.293   2.161   1.965  -4.767  -5.786   1.210  -0.257  -6.895  -1.398   1.213 
  3 A  -0.318   1.335  -1.770  -7.371  -5.920   1.468  -3.064  -0.763   1.482  -0.365   0.900  -2.717   2.351  -0.791  -2.102   1.216   0.707   2.123   2.718  -0.878 
  4 A  -0.490  -8.413  -5.722  -0.386  -9.414  -1.393  -1.718  -3.656  -8.523   1.842   3.253  -5.721   3.651   0.108  -9.177   1.279   0.305  -5.093  -4.659  -0.044 
  5 A  -3.179   0.946   0.167  -4.017   2.428   0.412  -0.950  -3.627   0.020  -0.175   0.299   0.295  -1.249  -0.226   1.682   0.047   0.877  -0.679   2.237   0.420 
  6 A   0.901  -5.105   4.506  -2.234  -5.287  -5.705  -6.192  -2.341  -7.601  -3.012  -4.757  -4.759  -3.015 -12.382   2.441   3.981   3.435  -9.108 -12.240  -1.025 
  7 A   0.641  -2.747   2.883  -2.813 -11.114   0.304  -1.154  -8.843  -4.979   0.187   2.916  -5.458   2.055  -2.729   1.753   1.091  -2.634  -4.307  -1.348  -1.625 
  8 A  -0.477   0.953  -3.058  -0.891  -5.035   1.108  -1.535  -0.033  -1.353  -1.789   1.868  -0.598   1.633  -1.620   3.615   0.024  -0.143  -4.953  -1.774  -2.726 
  9 A   0.726   1.534   0.762  -0.068  -6.157  -0.558  -1.637   0.138   1.433  -1.703  -1.603  -0.883  -0.925  -2.924  -2.224   3.123   1.590  -1.414  -1.167  -1.301 
