DRB1_0902

Last position-specific scoring matrix computed       
            A       R       N       D       C       Q       E       G       H       I       L       K       M       F       P       S       T       W       Y       V 
  1 A  -7.140  -8.136 -11.858 -10.697  -7.170  -7.260 -10.733  -8.609  -7.360   2.147   1.265 -10.031   1.799   5.475  -7.109  -9.228  -7.490   4.315   4.951  -0.008 
  2 A  -1.899   1.536   2.892  -5.871  -0.620   1.212  -4.166  -0.731   2.517   0.902  -1.669   1.823  -0.225  -4.918  -9.008   0.950   0.327  -1.219  -2.938   0.661 
  3 A   0.325   1.375  -2.561  -6.097  -2.077   2.143  -1.507  -2.106   3.488  -1.231   0.928   0.037   1.997  -1.990  -0.472   1.600  -1.394  -0.390   0.535  -1.520 
  4 A   2.596  -2.248  -3.121  -3.734  -9.612  -0.509  -1.359  -1.650  -0.464   0.175   0.672  -4.102   1.052  -0.512  -0.570   2.950  -1.107  -4.626  -1.927   1.084 
  5 A  -0.050   0.682  -0.060  -5.261  -0.565  -0.454  -0.383  -4.414   1.312  -0.909   0.650   2.407  -0.949  -2.946   1.349   2.390   0.131  -4.605  -0.403  -2.031 
  6 A   2.686   0.075  -2.280  -4.956  -4.897  -3.582  -1.521   0.760  -3.600  -4.769  -7.551  -2.404  -4.242 -11.817   5.612   3.221  -0.631  -7.133  -9.240  -1.992 
  7 A   0.889   1.926   1.198  -1.920  -8.998  -0.650  -1.673  -1.690  -1.315  -0.607   1.425  -1.376   1.910  -3.035   0.710   0.731  -1.681  -3.599  -1.867   0.770 
  8 A  -1.192   1.040  -4.341  -1.771  -4.711   1.892   0.575  -1.043  -2.942  -3.200   2.225   0.829   2.245   0.622   2.187  -0.167  -0.555  -5.206  -1.668  -4.694 
  9 A   0.636   0.330  -4.281  -3.983  -9.844  -0.687  -3.215  -1.953  -3.678   1.754   2.495  -3.400   0.208  -3.019  -7.971   0.346  -1.807  -5.000  -1.147   2.857 
