DRB1_1375

Last position-specific scoring matrix computed       
            A       R       N       D       C       Q       E       G       H       I       L       K       M       F       P       S       T       W       Y       V 
  1 A  -6.072  -4.785  -7.223 -10.261  -5.856  -5.405  -8.450  -7.925  -7.637   4.285   3.199  -6.949   1.962   1.752  -6.654  -7.434  -5.525   1.123   0.542   1.947 
  2 A  -3.111   0.871   1.139  -2.693  -4.476   1.501  -3.060  -2.555   1.971   1.883  -0.018   2.031   0.386  -1.287  -4.429   0.750  -0.016  -2.409  -0.422   0.337 
  3 A  -1.717   2.544  -1.574  -7.811  -5.872   0.083  -3.707  -3.282   1.468   0.909   2.085   0.900   0.133  -1.341  -4.096  -0.234  -0.593   1.722   0.550   0.468 
  4 A  -2.592  -5.361   0.679  -3.988  -7.474  -4.522  -5.602  -2.719  -2.271   0.701   3.814  -3.628   3.031   0.050 -12.488   1.959  -3.452  -6.201  -2.445   0.809 
  5 A  -1.039   3.171  -0.954  -6.931   0.110   1.466  -2.373  -1.169   0.472  -1.360  -0.634   2.708   0.360  -3.580   1.140   0.050   0.511  -4.574  -0.028  -1.350 
  6 A  -1.010   4.797   2.602  -6.710  -4.932  -2.712  -4.480  -2.522  -0.759  -2.064  -3.680   2.830   1.192  -8.235  -1.341   2.001   0.122  -4.943  -5.178  -3.465 
  7 A   0.307   0.548   1.082  -5.023  -9.073   1.169  -5.220  -5.061  -3.559   1.088   2.922  -2.437   2.750  -3.908   0.401  -0.313  -1.897  -3.324  -1.735   0.300 
  8 A   1.336   1.851  -1.394  -3.981  -3.990  -0.187  -1.923  -0.084  -0.804  -1.837   1.434   0.520   1.611  -0.790   0.707  -0.569  -0.666  -6.019   1.464  -1.367 
  9 A  -0.416   0.627   0.315  -3.266  -6.939  -1.695  -2.424  -3.124   0.631   0.935   0.861  -0.987  -0.346  -0.243  -6.118   2.585   0.778  -2.706   1.654   0.756 
