DRB1_0905

Last position-specific scoring matrix computed       
            A       R       N       D       C       Q       E       G       H       I       L       K       M       F       P       S       T       W       Y       V 
  1 A  -6.437  -6.470 -10.741 -11.096  -7.716  -6.720  -9.846  -8.027  -5.659   1.672   0.881  -8.862   2.130   5.135  -6.061  -9.108  -6.659   4.688   5.567   0.310 
  2 A  -1.832   0.438   2.801  -5.968  -0.909   0.847  -5.023   0.671   2.115   1.367  -1.746   1.069  -1.244  -3.663  -7.404   1.265   0.631  -0.608  -3.171   0.941 
  3 A  -0.208   1.858  -3.293  -6.581  -2.621   2.144  -1.301  -2.018   2.644  -1.348   1.560   1.112   1.535  -2.004  -1.037   1.564  -2.200  -0.700   0.036  -1.811 
  4 A   2.271  -3.702  -3.272  -0.976  -9.964  -1.750  -1.460  -0.383  -0.252  -0.410   0.188  -6.982   0.473   0.760  -1.076   3.235  -1.825  -3.357   0.127   0.986 
  5 A  -0.084  -0.535  -0.049  -5.788   0.305  -0.593  -0.364  -5.102   0.848  -0.967   0.324   2.288  -0.509  -3.379   1.424   3.130   0.540  -5.160  -0.526  -1.970 
  6 A   2.746   0.009  -2.635  -3.882  -4.793  -1.705  -0.075   0.685  -4.559  -3.879  -6.182  -1.918  -2.623 -10.775   4.579   3.323  -0.152  -6.089  -7.572  -0.817 
  7 A   1.073   1.411   1.665  -0.175  -8.513  -1.371  -0.872  -1.527  -1.846  -0.192   0.128  -2.126   1.791  -3.400   2.528   0.490  -1.906  -4.177  -2.721   0.859 
  8 A  -1.641  -0.970  -3.619  -0.544  -6.090   1.575   1.200  -0.047  -3.927  -2.647   2.063   0.265   1.471   1.592   2.868  -0.261  -1.500  -4.182  -1.649  -4.545 
  9 A   0.103  -4.312  -4.609  -2.531  -9.547  -1.582  -2.545  -5.573  -6.363   2.111   2.885  -7.230  -0.751  -4.803 -10.553   0.078  -2.523  -6.751  -1.466   3.868 
