DRB1_0704

Last position-specific scoring matrix computed       
            A       R       N       D       C       Q       E       G       H       I       L       K       M       F       P       S       T       W       Y       V 
  1 A  -5.096  -5.745  -7.398  -7.929  -3.579  -5.427  -7.641  -7.663  -5.095   1.079   2.479  -8.384   0.522   5.533  -5.518  -5.927  -5.406   2.652   3.930   0.387 
  2 A  -4.562   0.639   1.742  -3.517  -0.711   1.676  -2.615  -4.309   0.805   0.367   1.028   1.706   3.496  -3.791  -9.683   1.082   0.299  -0.863  -3.311   0.536 
  3 A   0.309   0.887  -0.679  -3.749  -2.699   0.469  -1.063  -1.308   3.223  -0.886   0.261   0.141  -0.213  -2.188  -1.436   2.464  -0.624   0.469   0.644  -0.357 
  4 A   0.979  -0.591  -0.677  -1.896  -8.665  -2.214   0.030  -4.366  -1.073  -0.021  -2.141  -2.032  -1.526  -4.042  -4.917   4.464   3.188  -6.233  -4.457   0.173 
  5 A   0.778   1.428  -0.829  -5.491  -2.500  -0.531   0.012  -3.353  -0.571  -1.038  -0.645   1.988  -3.080  -0.708   1.233   1.542   0.771  -4.989   0.831   0.345 
  6 A   2.867  -2.775   2.194  -3.899  -3.242  -2.074  -1.299  -1.489  -1.693  -4.820  -6.236  -4.244  -5.567 -10.027   3.120   4.628   0.892  -4.757  -5.789  -2.124 
  7 A  -1.050   1.268   0.632  -3.418  -6.654   1.252  -3.112  -0.711   1.319  -1.377   0.424   0.465   1.727  -0.596  -0.377   1.822  -0.099   0.034   1.038  -0.348 
  8 A   0.009   1.333  -3.526  -1.626  -1.947  -0.784  -1.039  -1.327  -1.291   0.127   1.514   0.140   0.974  -0.175   0.939   0.637   0.653  -4.466  -0.128  -0.632 
  9 A  -5.969  -2.006  -7.795  -9.490  -8.606  -8.065  -7.468  -8.580  -5.562   3.388   3.453  -7.682   0.700   0.431  -9.482  -3.315  -1.810  -4.042   0.221   3.210 
