DRB1_0104

Last position-specific scoring matrix computed       
            A       R       N       D       C       Q       E       G       H       I       L       K       M       F       P       S       T       W       Y       V 
  1 A  -9.719 -11.884 -13.229 -13.642  -9.063 -12.541 -12.996 -12.412  -9.888   2.309   3.130 -11.774   2.527   4.649 -13.315 -11.805  -9.995   3.148   2.707   1.612 
  2 A  -0.626   1.352   0.745  -2.711  -2.063   1.808  -1.653  -3.678   0.341   0.946   1.068   0.805   1.731  -1.686  -5.833  -0.421  -1.025  -3.157  -0.844   1.366 
  3 A   1.201   0.833  -0.642  -7.804  -4.796   1.986  -4.003   0.889   0.866  -0.327  -0.026  -2.994   2.464  -2.419  -0.631   1.146   0.711   2.419   1.007  -1.605 
  4 A   0.203  -7.474  -1.052  -5.251  -4.952  -0.708  -0.859  -4.251  -2.034   0.772   3.787  -5.280   5.146  -1.414  -6.456  -0.526  -2.545 -10.314  -6.117  -0.806 
  5 A   0.628   1.738  -0.242  -2.200  -2.655   0.356  -0.138   1.126  -1.414  -2.248   1.207  -0.093  -0.608  -2.800   1.659   0.650  -0.922  -4.232  -0.936  -1.625 
  6 A   3.407  -3.117   1.971  -1.711  -9.704  -2.070  -5.528   1.921  -1.480  -4.787  -4.259  -4.705  -1.747  -7.843   4.184   2.810  -0.644 -12.012  -4.738  -5.928 
  7 A   2.032  -0.337   0.771  -3.465  -9.182   1.571  -0.643  -2.716   0.114  -1.473   0.334  -1.921   1.510  -2.293   0.739   2.047  -0.268  -1.208   0.678  -0.411 
  8 A   0.776   2.371  -0.859  -2.097  -0.830   0.180  -2.766  -0.006  -1.589  -1.086   1.866  -1.921   1.147  -1.139   0.893   0.289  -1.914  -6.401  -0.949  -0.582 
  9 A   1.526   1.725  -3.035  -9.319  -5.276  -4.303  -9.207  -0.578  -4.419   0.127   1.991  -3.946   1.736  -4.516  -8.445   1.834   1.474  -7.740  -3.812   1.862 
