DRB1_1141

Last position-specific scoring matrix computed       
            A       R       N       D       C       Q       E       G       H       I       L       K       M       F       P       S       T       W       Y       V 
  1 A  -7.273  -6.227  -8.703 -11.161  -8.831  -7.089 -10.536  -9.255  -8.607   4.171   3.154  -8.784   2.711   2.050  -7.987  -8.758  -7.218   1.746   1.223   2.011 
  2 A  -3.554   1.743   1.047  -3.632  -4.277   1.975  -3.603  -2.774   1.931   1.228  -0.583   3.092  -0.481  -2.807  -5.120   0.748  -0.463  -2.622  -1.132   0.655 
  3 A  -1.457   2.875  -0.393  -8.136  -5.469   0.492  -3.434  -4.082   2.094   0.862   1.197   0.390   1.692  -1.865  -3.125  -0.620  -0.183   0.918   0.774   0.778 
  4 A  -1.101  -3.665   1.156  -3.960  -8.116  -1.393  -4.129  -1.724  -2.591   1.162   3.477  -1.790   3.298  -1.735 -11.639   1.152  -3.536  -6.989  -3.449   0.551 
  5 A  -0.994   2.895  -0.048  -6.988   0.251   1.243  -2.765  -0.813   0.223  -0.635  -0.290   2.075   0.949  -1.925   0.561   0.074  -0.117  -3.747   0.623  -0.957 
  6 A  -0.407   3.830   2.884  -6.942  -6.054  -4.693  -5.823  -1.030  -1.330  -3.115  -2.821   2.234   0.416  -9.167   1.372   2.661   1.282  -6.902  -8.282  -3.492 
  7 A   0.704  -0.450   2.217  -5.017  -9.145   0.225  -5.220  -5.595  -3.149   1.237   2.942  -2.400   1.788  -4.835  -0.099   0.044  -2.359  -5.787  -1.063   0.514 
  8 A   1.404   2.442  -2.450  -5.239  -4.255   0.661  -2.501  -1.480  -0.552  -2.719   1.987   0.963   1.028  -0.936   0.957  -0.490  -0.115  -6.974  -0.006  -2.153 
  9 A   0.054   2.111  -0.534  -6.782  -8.762  -1.344  -4.969  -0.442   0.400   0.913   0.529  -0.614   0.976   0.020  -6.088   2.083   0.389  -2.292   1.275  -0.086 
