DRB1_0118

Last position-specific scoring matrix computed       
            A       R       N       D       C       Q       E       G       H       I       L       K       M       F       P       S       T       W       Y       V 
  1 A  -9.106  -9.322 -10.254 -13.688  -6.904  -9.869 -12.405 -10.980  -8.121   1.608   2.107 -11.776   1.553   5.350 -13.477 -11.611  -9.009   3.729   5.186   0.022 
  2 A  -0.251   1.590   0.755  -2.784  -0.214   1.632  -0.957  -3.168   1.227  -0.665   0.332   1.066   0.785  -0.328  -5.762   0.302   0.151  -2.098   0.537   0.462 
  3 A   1.175   1.740  -0.302  -6.063  -2.538   2.041  -3.937  -0.381   1.643  -0.803   0.533  -0.524   1.704  -1.218  -1.111   0.615   0.282   1.157   0.691  -2.170 
  4 A  -0.720  -6.326  -1.200  -7.327  -3.799  -0.169  -2.297  -3.447  -2.220   1.742   3.660  -5.977   5.011  -2.398  -4.354  -0.900  -2.580  -6.533  -5.790   0.337 
  5 A   1.769   1.941  -1.721  -3.486  -2.742  -0.061  -1.156   0.259  -1.783  -1.669   0.507   0.461  -0.224  -2.759   2.260   1.165  -0.553  -3.573  -1.000  -1.606 
  6 A   3.498  -4.223   2.116  -4.613  -7.442  -3.914  -4.939   2.441  -1.203  -3.918  -3.816  -6.630  -2.073  -6.398   2.752   3.405  -0.176  -9.896  -3.351  -5.089 
  7 A   0.690   0.784   0.655  -4.553  -5.861   0.707  -0.929  -2.382   1.071  -0.561   0.498  -1.661   1.151  -1.165   0.546   1.293   0.156  -0.141   1.481   0.381 
  8 A   1.598   2.071  -1.188  -3.184  -1.257  -0.490  -2.534  -0.838  -1.586  -1.227   1.501  -0.491   0.646  -0.243   0.447   1.161  -0.805  -4.342  -0.325  -1.460 
  9 A   1.436  -2.312  -1.759  -7.717  -5.379  -3.298  -6.829  -1.369  -4.847   1.243   2.086  -4.620   1.697  -3.738  -5.608   1.854   1.561  -8.049  -4.239   2.409 
