DRB1_1107

Last position-specific scoring matrix computed       
            A       R       N       D       C       Q       E       G       H       I       L       K       M       F       P       S       T       W       Y       V 
  1 A  -5.565  -5.029  -9.561 -10.104  -4.205  -6.789  -8.787  -8.429  -6.955   3.062   3.812  -8.324   2.558   2.098  -6.014  -5.765  -4.891   0.305   0.215   2.253 
  2 A  -4.195  -0.520   0.843  -2.278  -4.719   1.061  -5.028  -1.371  -0.436   2.069   2.467   0.454   0.705  -0.280  -6.248  -1.005  -0.966  -2.614  -1.805   1.036 
  3 A  -0.986   1.515  -0.626  -4.152  -3.636  -0.184  -0.715  -1.298   0.219   0.078   0.488  -0.381   1.527  -1.299  -2.463   1.520   0.922   1.743   0.893   0.700 
  4 A  -1.396  -4.696   0.664   6.011  -7.838  -4.525   0.146  -3.958  -1.506  -5.961  -2.345  -2.332  -2.834  -5.852  -7.801   3.791  -1.420 -11.980  -7.253  -5.328 
  5 A  -3.287   1.879   0.532  -1.252  -0.336   0.682  -0.049  -1.815   0.463  -0.676   0.316   0.564   0.448   0.236   0.472  -0.547   0.372  -1.835   1.370   0.067 
  6 A  -0.959   3.678   0.193  -1.111  -2.485  -0.270  -1.592  -2.276  -0.583  -2.057  -1.977   2.555  -0.913  -5.693   2.092   0.834   0.739  -4.030  -3.908  -0.294 
  7 A   0.543  -2.185   0.538  -1.691  -7.601   0.457  -2.274  -3.736  -3.099   0.280   2.772  -2.607   2.732  -3.494   0.672   0.919  -0.088  -6.961  -1.639   0.067 
  8 A   0.869   1.524  -0.681  -1.807  -2.958   0.972  -1.050  -1.567  -1.013  -1.603   1.388   0.351   3.080  -1.499   0.806  -0.477  -0.671  -4.843  -0.684  -0.630 
  9 A  -1.026   4.824  -1.563  -5.051  -6.820  -1.139  -3.168  -4.117   0.561  -1.957  -0.708  -0.617  -0.411   0.631  -6.297   1.663  -0.419  -2.255   3.424  -1.494 
