DRB1_0803

Last position-specific scoring matrix computed       
            A       R       N       D       C       Q       E       G       H       I       L       K       M       F       P       S       T       W       Y       V 
  1 A  -6.836  -4.865  -7.688  -8.585  -6.421  -4.062  -6.965  -8.421  -6.039   2.460   0.702  -8.075   1.956   5.248  -7.005  -7.620  -7.070   4.792   4.852   0.034 
  2 A  -3.261   1.708   1.480  -6.166  -2.793   2.232  -4.348  -2.268  -0.227   1.161  -0.099   2.632   0.245  -3.805  -9.550   0.648  -0.548  -2.143  -3.386   1.777 
  3 A  -2.180   3.423   0.425  -6.191  -5.148   1.405  -2.581  -2.835   2.764  -0.755  -0.341   1.498   1.489  -3.464  -2.961   1.609  -1.218   1.758  -0.506  -0.210 
  4 A   0.769   0.383   1.408   0.293  -9.824   1.163   0.087  -1.245  -1.724  -0.040  -0.138  -0.171   0.664  -5.033  -6.296   2.186   1.414  -6.933  -4.066  -0.240 
  5 A  -0.942   1.652  -0.069  -6.029  -0.907   0.070  -0.926  -5.090   1.011  -0.552  -0.833   2.339  -2.141   0.650   1.108   1.516   0.699  -4.002   1.648  -0.989 
  6 A   0.720   2.333   1.153  -6.007  -6.226  -2.230  -3.893  -0.844  -2.219  -3.442  -2.913   2.151  -1.558 -10.924   3.378   3.303   0.655  -8.366  -8.481  -1.160 
  7 A   1.762   0.470   2.625  -3.361  -9.987   0.316  -3.088  -2.773  -0.974   0.367  -1.038  -1.755   0.433  -2.345   3.334   0.583  -2.143  -5.376   0.102   0.572 
  8 A  -1.042   1.745  -6.805  -5.656  -7.624   0.586  -2.315  -4.794  -2.757  -0.498   3.447  -0.307   1.159  -0.127   1.019  -0.757  -0.344  -5.685   0.907  -1.679 
  9 A  -0.630  -3.010  -3.140  -5.530  -7.584  -3.049  -4.803  -0.957  -5.022   3.313   1.723  -7.345   1.336   0.043  -5.903   1.071  -0.896  -2.020   0.749   2.235 
