DRB1_1457

Last position-specific scoring matrix computed       
            A       R       N       D       C       Q       E       G       H       I       L       K       M       F       P       S       T       W       Y       V 
  1 A  -5.938  -4.252  -5.466  -8.526  -5.186  -4.727  -7.435  -6.286  -6.521   3.666   3.101  -6.331   2.392   2.586  -7.411  -7.822  -5.685   2.951   1.617   1.573 
  2 A  -1.949   1.075   1.421  -3.881  -4.067   2.623  -2.576  -2.912   1.768   0.989  -0.063   1.803   1.152  -3.594  -4.387   0.201  -0.336  -5.029  -0.719   1.375 
  3 A  -0.922   1.484  -2.408  -6.602  -8.946   2.103  -3.182  -3.213   2.185   1.327   2.077  -0.737   2.252  -1.425  -1.176  -0.646  -1.710  -0.112   1.998  -1.118 
  4 A  -2.871  -6.809  -2.172  -1.818  -9.474  -1.830  -3.232  -2.663  -5.178   2.787   2.893  -5.048   2.856   1.009 -12.565   0.876  -0.764  -2.439   0.102   0.890 
  5 A  -0.609   0.588   0.431  -5.392   1.751   0.646  -1.597  -2.871   0.419  -0.700  -1.417   1.432  -1.160   0.124   0.411   1.102   0.951  -1.643   2.636   0.168 
  6 A   0.303  -5.520   5.355  -3.406  -5.747  -6.497  -6.662  -2.339  -8.581  -3.658  -5.606  -5.919  -2.879 -12.520  -0.376   4.550   3.484  -7.167 -12.112  -2.953 
  7 A   0.037  -2.246   2.770  -2.533  -9.758  -0.802  -3.041  -6.513  -4.094   1.393   2.538  -4.716   1.431  -3.007   1.073   0.866  -3.001  -1.768  -0.727   0.924 
  8 A   0.102   1.018  -2.648  -3.286  -4.204  -0.926  -2.058   0.103  -1.674  -0.635   2.194  -0.404   0.405  -0.420   3.047  -0.692  -0.514  -4.966   0.174  -1.476 
  9 A  -1.033  -1.189   0.263  -1.755  -5.594  -2.734  -2.064  -3.119   0.171   2.030   1.931  -2.568   0.271  -0.469  -5.281   0.858   0.810  -1.782   0.168   1.571 
