DRB1_1438

Last position-specific scoring matrix computed       
            A       R       N       D       C       Q       E       G       H       I       L       K       M       F       P       S       T       W       Y       V 
  1 A  -7.057  -7.517 -11.209 -13.510  -5.960  -8.218 -10.542  -9.693  -7.962   3.306   3.043  -9.929   2.119   4.244  -7.517  -8.479  -7.524   2.313   1.546   1.611 
  2 A  -3.908   0.307   2.282  -3.836  -4.927   1.898  -5.412  -0.949   0.634   2.349   0.892   0.657   0.571  -2.982  -7.001   0.717  -0.688  -2.421  -3.584   1.063 
  3 A  -2.165   0.889  -1.800  -6.634  -5.664   0.915  -1.155  -1.513   1.592  -0.739   1.791  -1.111   1.829  -1.322  -1.519   1.295  -2.191   4.203   1.622   0.546 
  4 A  -0.231  -4.793   0.980   5.205 -10.695  -2.378   0.640  -3.746  -2.887  -2.559  -1.127  -4.567  -1.836  -4.074  -8.854   3.850  -0.689 -13.092  -6.979  -3.100 
  5 A  -2.015   0.488   0.977  -3.807   0.825   0.737  -0.045  -3.277   2.183  -0.202   0.637   0.468  -0.966   0.267   1.084   0.353   0.305  -4.906   1.342  -0.622 
  6 A  -0.096   2.816  -1.116  -1.535  -2.017  -0.455  -2.014  -3.604  -1.873  -1.017  -3.243   2.155   0.807  -7.569   4.307   0.874  -0.176  -4.341  -6.420   0.304 
  7 A   1.612  -1.241   1.925  -1.157 -10.569   2.085  -2.852  -4.206  -2.284  -0.007   1.849  -4.905   3.082  -3.654   0.458   1.225  -1.668  -5.961  -1.869  -0.520 
  8 A  -0.241   0.135  -2.618  -0.493  -5.261   1.756  -0.864   0.323  -3.393  -1.498   2.499  -1.888   3.042  -1.780   1.828  -1.217  -1.994  -5.646  -0.060  -1.477 
  9 A  -1.528   0.902  -2.500  -1.546  -8.187  -1.467  -1.795  -4.938  -0.206   1.556   1.957  -4.218  -1.184   0.753  -7.654   1.374  -1.319  -2.528   2.283   1.896 
