DRB1_0402

Last position-specific scoring matrix computed       
            A       R       N       D       C       Q       E       G       H       I       L       K       M       F       P       S       T       W       Y       V 
  1 A  -6.454  -4.776  -5.547  -8.759  -6.444  -4.309  -7.188  -6.911  -7.595   3.450   3.323  -7.031   2.907   2.166  -8.283  -7.900  -6.392   2.515   1.948   1.733 
  2 A  -2.002   1.736   0.962  -4.163  -2.921   2.991  -2.309  -2.924   1.855   0.161  -0.567   2.423   0.491  -2.916  -4.383  -0.053  -0.534  -5.022  -0.361   1.320 
  3 A  -0.424   1.940  -1.332  -5.701  -7.158   2.101  -2.405  -3.491   1.869   1.440   1.186  -0.613   2.779  -1.577  -0.462  -0.925  -0.940  -0.910   1.961  -1.352 
  4 A  -2.090  -6.634  -1.024  -1.372  -9.292  -0.196  -2.524  -2.419  -4.980   2.845   2.881  -3.570   3.376  -0.497 -10.429   0.083  -0.760  -3.174  -1.216   0.597 
  5 A  -0.602   0.599   0.586  -4.759   1.635   0.646  -1.530  -1.975  -0.120  -0.391  -1.122   0.908  -0.052   0.445   0.049   0.830   0.570  -0.538   2.282   0.448 
  6 A   0.206  -6.441   5.430  -4.245  -7.636  -7.306  -7.700  -1.543  -8.427  -4.761  -5.445  -6.428  -3.955 -12.606   0.239   4.413   3.763  -7.405 -12.174  -4.041 
  7 A  -0.079  -3.273   3.188  -2.482 -10.332  -1.835  -2.656  -6.728  -4.401   1.336   2.708  -4.485   0.558  -3.639   0.804   0.771  -2.654  -3.162  -0.492   1.046 
  8 A   1.060   1.885  -2.988  -3.948  -4.053  -0.621  -2.777  -1.042  -1.173  -1.734   1.855   0.676   0.210  -0.845   2.863  -0.075   0.107  -6.157  -0.619  -1.842 
  9 A  -0.117   0.551   0.195  -4.734  -6.409  -2.176  -3.861  -1.395   0.512   1.318   1.428  -1.604   1.688  -0.353  -3.972   1.164   1.333  -1.881   0.420   0.553 
