DRB1_1303

Last position-specific scoring matrix computed       
            A       R       N       D       C       Q       E       G       H       I       L       K       M       F       P       S       T       W       Y       V 
  1 A  -5.585  -4.023  -6.092  -8.215  -5.644  -3.038  -6.234  -7.822  -6.301   3.026   2.339  -6.469   2.117   4.103  -4.561  -6.452  -5.978   3.414   3.964   0.232 
  2 A  -3.345   1.072   2.047  -4.473  -4.201   2.949  -3.353  -2.445   1.859   1.044   0.075   2.207  -0.403  -2.243  -8.661   0.701  -0.344  -2.303  -1.595   0.560 
  3 A  -2.485   2.700  -0.009  -6.219  -5.774   2.047  -1.909  -5.905   3.405   0.098   1.468   1.155   1.580  -2.686  -3.278  -0.277  -1.758  -0.460   0.731  -0.434 
  4 A  -0.734  -2.654   2.819   0.784  -9.762  -0.744  -1.610  -1.278  -1.962   1.217   0.792  -3.127   1.081  -4.513  -8.865   2.457   0.803  -7.549  -3.488   0.900 
  5 A  -0.136   1.635   0.383  -6.730  -0.435  -0.119  -1.298  -4.589   0.293  -0.156  -1.829   2.403  -1.330  -0.665   1.274   1.327   1.032  -3.629   1.431  -0.326 
  6 A   0.544   1.026   3.885  -5.866  -5.590  -4.186  -4.654  -1.230  -3.290  -3.170  -4.794  -0.026  -0.424 -11.155   0.989   3.879   2.839  -8.009  -9.087  -1.474 
  7 A   0.037  -0.583   3.396  -3.425  -9.022  -0.364  -3.718  -4.950  -2.373   1.486   0.973  -2.927   1.966  -3.441  -0.030   0.338  -1.954  -3.740  -0.267   2.094 
  8 A   0.888   2.053  -4.076  -3.630  -5.718  -0.540  -2.240  -1.688  -2.776  -1.267   2.594   0.486   0.540  -0.370   1.627  -0.446  -0.469  -5.783   0.454  -2.352 
  9 A  -2.126  -3.719  -1.976  -5.958  -7.494  -4.653  -3.992  -5.830  -2.513   3.662   2.120  -6.254   1.005   0.673  -7.991  -0.043  -0.426  -2.559   2.001   2.194 
