DRB1_0314

Last position-specific scoring matrix computed       
            A       R       N       D       C       Q       E       G       H       I       L       K       M       F       P       S       T       W       Y       V 
  1 A  -6.424  -5.570 -10.709  -9.468  -5.100  -6.782  -9.113  -8.997  -6.719   2.315   3.115  -8.515   2.159   4.161  -7.277  -5.749  -5.222   1.792   3.756   1.103 
  2 A  -4.850   0.186   1.413  -3.498  -2.948   1.821  -5.241  -1.727   0.846   1.011   2.233   1.387  -0.329  -0.004  -8.146  -0.378  -0.561  -2.697  -1.270   0.597 
  3 A  -1.491   2.550  -0.114  -4.585  -3.225   0.215  -0.229  -2.553   1.001  -0.365   0.947   0.571   1.323  -1.448  -3.893   1.223   0.399   1.040   0.431  -0.287 
  4 A  -2.347  -5.544   2.164   6.314 -10.308  -3.541   0.262  -4.578  -2.363  -5.831  -3.330  -2.940  -2.736  -8.894  -9.345   3.194  -1.680 -13.414 -11.539  -5.729 
  5 A  -2.680   2.104   0.190  -2.499  -0.688   0.502  -0.240  -2.107   0.391  -0.318  -0.146   1.270   0.366   0.100   1.190   0.242   0.295  -2.923   0.862  -0.141 
  6 A  -0.497   3.042   1.030  -3.671  -2.739  -1.708  -1.948  -1.280  -0.926  -2.425  -1.666   1.842  -0.686  -5.900   1.955   1.788   1.834  -4.201  -4.286   0.150 
  7 A   0.002  -1.481   2.055  -2.153  -7.891  -0.032  -2.861  -3.812  -2.401   0.342   2.346  -2.897   2.968  -3.112   0.089   0.831  -0.455  -6.597  -0.611   0.825 
  8 A   1.380   2.002  -1.818  -2.747  -4.624   0.476  -1.110  -2.340  -1.691  -1.961   1.610   1.072   2.247  -1.018   0.231   0.153  -0.260  -4.902  -0.386  -1.452 
  9 A  -0.274   2.725  -0.527  -4.814  -7.332  -1.024  -2.584  -3.833   0.280  -0.160  -0.172  -1.538   0.168   1.114  -4.699   2.226   0.121  -1.724   3.632  -0.382 
