DRB1_0431

Last position-specific scoring matrix computed       
            A       R       N       D       C       Q       E       G       H       I       L       K       M       F       P       S       T       W       Y       V 
  1 A -10.451  -6.414  -8.984  -9.987 -10.787  -8.888  -9.244  -9.870  -7.636   1.023   0.809 -10.672   1.492   6.053 -10.030  -9.188  -9.490   4.388   5.333  -0.681 
  2 A  -2.660   1.973   0.243  -6.457  -1.030   2.220  -2.855  -2.804   2.184  -1.132   0.496   2.357   0.620  -2.302  -7.921   0.958  -0.248  -3.962  -0.112   1.148 
  3 A  -0.317   2.498   0.194  -5.997  -4.523   1.099  -2.314  -1.124   1.567  -1.025   0.224  -1.572   2.041  -0.827  -3.037   1.592   1.185   0.480   1.756  -1.512 
  4 A   0.046  -4.836  -2.637   1.644  -8.302   0.713  -0.283  -2.142  -5.495   1.183   2.149  -2.255   3.324  -2.265  -3.964   0.753   1.277  -3.532  -4.600  -0.717 
  5 A  -2.977   0.839  -0.625  -3.561   1.657   0.172  -0.869  -4.777  -0.454  -0.137   0.057   0.343  -1.222   0.983   2.034   0.690   1.106   0.340   1.844   0.276 
  6 A   1.287  -6.316   3.937  -5.434  -5.214  -6.269  -5.684  -0.469  -6.445  -3.182  -2.906  -4.259  -3.504 -11.550   1.257   4.085   3.454  -6.201 -12.335  -0.254 
  7 A   0.388  -2.236   3.192  -4.210 -11.324  -1.342  -0.765  -8.268  -4.080   0.274   2.007  -4.804   1.765  -1.421   2.806   1.012  -1.948  -4.564   0.563  -0.646 
  8 A   0.029   1.353  -3.871  -1.771  -4.255   1.025  -1.485  -2.266  -1.501  -1.760   1.733   0.246   1.359  -0.538   2.771   0.819   1.178  -4.100  -1.190  -2.849 
  9 A   1.685   0.214   1.560  -1.779  -5.848  -0.725  -2.763   1.236  -0.800  -2.288  -3.451  -1.797  -0.865  -3.612   0.335   3.760   1.580  -1.683  -1.601  -2.572 
