DRB1_0904

Last position-specific scoring matrix computed       
            A       R       N       D       C       Q       E       G       H       I       L       K       M       F       P       S       T       W       Y       V 
  1 A  -4.771  -5.228  -9.684  -8.621  -6.951  -4.646  -8.433  -6.801  -5.014   1.780   1.637  -7.451   2.329   4.490  -4.808  -7.796  -5.225   3.970   5.171   0.983 
  2 A  -1.841   0.674   2.624  -5.882  -0.855   0.968  -4.696   0.981   1.705   1.381  -1.510   1.152  -1.301  -3.822  -7.288   0.951   0.607  -0.903  -2.954   0.886 
  3 A  -0.099   1.880  -3.407  -5.469  -3.192   2.174  -0.837  -2.770   2.445  -0.824   1.549   1.373   1.836  -2.367  -0.723   1.133  -2.542  -1.872  -0.086  -1.635 
  4 A   1.813  -4.685  -2.496   0.602 -10.185  -2.600  -1.597   0.025  -0.035  -0.218  -0.356  -7.021  -0.583   0.500  -1.680   3.560  -1.494  -3.102   0.459   0.844 
  5 A  -0.094  -1.107   0.073  -4.925   0.261  -0.219  -0.266  -4.755   0.987  -0.966   0.194   1.937  -0.260  -2.427   0.765   3.321   0.383  -4.433   0.042  -1.571 
  6 A   2.908  -1.147  -1.360  -2.976  -4.732  -2.445  -0.615   0.535  -7.119  -4.531  -6.609  -3.415  -3.155 -11.758   4.016   3.920   1.080  -5.642  -9.131  -0.895 
  7 A   0.907   0.197   1.908   0.253 -10.051  -2.128  -1.216  -1.692  -2.522  -0.055   0.458  -2.582   1.368  -3.677   2.296   0.810  -1.605  -4.289  -2.677   1.572 
  8 A  -1.404  -0.794  -3.459  -0.636  -6.533   0.680   0.759  -0.131  -3.403  -2.080   2.173   0.593   1.142   1.504   3.049  -0.425  -1.356  -5.033  -1.964  -3.596 
  9 A  -1.124  -5.416  -5.544  -4.469 -10.052  -3.526  -3.716  -7.866  -7.985   2.554   3.326  -8.364  -0.579  -4.594 -11.702  -1.438  -3.207  -7.489  -1.351   4.145 
