DRB1_1313

Last position-specific scoring matrix computed       
            A       R       N       D       C       Q       E       G       H       I       L       K       M       F       P       S       T       W       Y       V 
  1 A  -6.747  -4.658  -7.107  -9.132  -5.859  -3.847  -7.097  -8.625  -6.102   2.925   1.310  -7.381   1.852   4.990  -6.187  -7.100  -7.121   4.424   4.316   0.102 
  2 A  -3.579   1.297   1.780  -5.394  -3.879   2.283  -4.031  -2.420   0.476   1.259   0.063   2.540   0.278  -3.237  -9.253   0.863  -0.607  -2.035  -2.969   1.460 
  3 A  -2.343   3.205   0.324  -6.349  -5.160   1.451  -2.641  -3.638   2.842  -0.482   0.607   1.455   0.821  -3.225  -3.183   1.402  -1.839   1.615   0.164  -0.258 
  4 A   0.151  -0.692   1.886   0.257  -9.321  -0.094  -0.710  -1.551  -2.359   0.544   0.744  -1.397   0.838  -4.630  -8.706   2.642   1.281  -7.468  -4.120   0.386 
  5 A  -0.478   1.811  -0.405  -7.454  -0.465  -0.139  -1.406  -4.936   0.833  -0.248  -1.125   2.542  -2.203   0.144   1.167   1.383   0.801  -4.330   1.720  -0.951 
  6 A   0.595   2.567   1.996  -6.053  -5.576  -2.573  -3.935  -1.568  -2.401  -3.067  -3.654   1.967  -0.675 -11.434   2.467   3.523   1.200  -8.061  -8.052  -1.178 
  7 A   1.325   0.539   2.754  -3.513 -10.087   0.573  -3.752  -3.251  -1.322   0.777  -0.323  -2.345   1.295  -2.825   2.656   0.594  -2.197  -4.924   0.011   1.013 
  8 A  -0.484   1.695  -5.164  -4.628  -6.869   0.091  -2.216  -2.861  -2.889  -0.414   3.155  -0.291   1.275  -0.190   1.083  -0.607  -0.366  -6.289   1.246  -1.911 
  9 A  -1.558  -3.866  -2.731  -5.175  -7.805  -4.549  -4.436  -3.162  -3.999   3.641   2.004  -7.871   0.513   0.264  -7.483   0.860  -1.002  -2.330   1.151   2.480 
