DRB1_1332

Last position-specific scoring matrix computed       
            A       R       N       D       C       Q       E       G       H       I       L       K       M       F       P       S       T       W       Y       V 
  1 A  -4.039  -4.374  -5.777  -8.569  -4.693  -2.761  -7.005  -8.367  -7.695   3.995   3.287  -6.016   2.841   0.427  -5.036  -6.931  -4.757   1.172   0.148   2.046 
  2 A  -2.729   0.641   1.966  -3.670  -6.144   2.504  -3.697  -1.791   0.172   2.496  -0.457   1.661  -0.494  -2.852  -4.518   0.090  -0.489  -3.091  -2.445   1.435 
  3 A  -2.437   1.795  -1.123  -6.868  -9.103   1.914  -3.092  -4.819   2.524   1.747   1.667   0.556   2.067  -2.750  -0.781  -1.642  -2.292   0.027   1.134   0.532 
  4 A  -1.018  -3.308   2.493  -0.081 -10.760  -1.450  -2.533  -1.303  -1.315   1.637   1.494  -2.891   0.798  -1.741 -10.032   2.282  -0.210  -6.950  -0.750   0.873 
  5 A   0.285   0.822   1.409  -5.888   0.336   0.613  -1.549  -2.160   0.615  -0.298  -1.673   2.027  -0.578  -1.011  -0.120   1.256   0.794  -4.206   1.433  -0.369 
  6 A   0.197   0.738   3.843  -3.276  -5.367  -2.513  -4.051  -1.529  -4.253  -1.802  -3.802  -0.181   0.816 -10.874   1.710   3.674   2.428  -5.908  -8.246  -1.942 
  7 A   0.821  -2.264   2.674  -2.433  -8.989   0.120  -5.113  -4.018  -3.551   1.870   1.005  -2.918   1.054  -4.565   0.416   0.442  -1.652  -3.442  -1.513   2.423 
  8 A   0.729   1.703  -2.977  -4.160  -5.109  -1.342  -2.655  -0.684  -2.158  -0.774   2.537  -0.242   0.834  -0.356   1.923  -1.227  -1.220  -8.291   1.136  -1.050 
  9 A  -4.251  -2.918  -4.805  -8.575 -10.155  -6.158  -6.080  -8.670  -2.910   3.807   3.139  -7.417   1.258   0.695 -12.822  -2.311  -2.009  -4.404   1.547   2.410 
