DRB1_0111

Last position-specific scoring matrix computed       
            A       R       N       D       C       Q       E       G       H       I       L       K       M       F       P       S       T       W       Y       V 
  1 A  -9.657 -11.832 -12.520 -13.801  -8.622 -12.756 -13.109 -12.549  -9.220   0.746   1.820 -11.993   1.411   5.878 -13.637 -12.136  -9.761   3.895   5.302  -0.523 
  2 A  -0.789   1.409   0.704  -3.591  -0.219   1.678  -1.318  -3.228   0.936  -0.513   0.974   1.166   1.105  -0.503  -8.330   0.220  -0.023  -2.621  -0.025   0.841 
  3 A   1.284   1.648   0.240  -5.880  -2.608   2.077  -2.679  -0.045   1.747  -1.185  -0.267  -1.117   1.774  -2.288  -1.267   1.442   0.689   1.126   0.278  -2.184 
  4 A   0.699  -4.798   0.209  -3.551  -4.014   0.610  -0.195  -2.826  -1.553   1.177   2.618  -4.786   4.552  -4.303  -2.268   0.458  -0.476  -8.175  -6.926  -0.192 
  5 A   1.297   1.610  -0.844  -2.786  -2.909  -0.255  -0.325  -0.214  -1.797  -1.539   0.442   0.176  -0.692  -1.858   2.682   1.272  -0.444  -3.366  -0.548  -1.399 
  6 A   3.507  -6.300   1.596  -4.373  -9.942  -3.878  -4.801   2.510  -2.005  -5.075  -4.929  -6.940  -3.280  -8.414   3.554   3.506   0.080 -11.190  -4.668  -4.601 
  7 A   0.872   0.119   1.103  -3.325  -6.703   0.641  -0.166  -2.437   1.330  -1.149  -0.127  -1.491   0.992  -1.391   0.664   1.831   0.249  -1.400   1.450   0.314 
  8 A   1.266   2.100  -1.609  -2.178  -0.883   0.276  -2.191  -1.375  -1.722  -0.851   1.589  -0.771   0.781  -0.409   0.962   1.182  -0.846  -4.991  -0.693  -1.811 
  9 A   1.420  -1.283  -2.540  -9.009  -5.713  -3.645  -7.496  -1.119  -5.582   1.230   1.995  -5.733   1.957  -3.680  -6.472   1.978   1.648  -7.506  -3.433   2.320 
