DRB1_0418

Last position-specific scoring matrix computed       
            A       R       N       D       C       Q       E       G       H       I       L       K       M       F       P       S       T       W       Y       V 
  1 A  -8.412  -6.154  -7.492  -9.000  -8.546  -7.289 -10.499  -8.422  -7.537   3.543   2.497  -8.622   2.878   3.823  -8.189  -8.440  -7.733   3.261   2.474   1.738 
  2 A  -2.897   1.516   0.231  -5.472  -3.154   2.001  -3.874  -3.527   1.249   0.964  -0.128   2.526   2.188  -4.689  -6.533   0.328  -0.671  -4.675  -1.400   2.147 
  3 A  -0.043   2.044  -0.739  -7.717  -6.058   1.113  -3.767  -1.484   2.045   0.544   0.417  -1.850   2.502  -1.536  -1.848   0.800   0.602   1.005   2.102  -0.532 
  4 A  -0.355  -5.203  -3.321  -2.066  -8.572  -0.950  -2.079  -2.782  -5.914   2.109   2.963  -2.702   3.582  -0.429  -8.764   0.794   0.413  -3.993  -2.618   0.350 
  5 A  -2.403   0.902   0.200  -4.661   1.879   0.315  -1.649  -3.015   0.099  -0.387   0.057   0.814  -0.940   0.678   0.779   0.325   0.855  -1.082   2.697   0.255 
  6 A   1.078  -3.971   4.623  -3.737  -7.057  -6.474  -7.245  -1.666  -7.708  -3.894  -4.259  -2.889  -3.521 -12.707   2.594   4.153   3.086  -8.510 -12.303  -2.365 
  7 A   1.266  -2.387   2.625  -4.329  -9.927  -0.996  -2.555  -7.338  -4.634   0.815   2.455  -4.205   1.202  -2.484   2.984   0.734  -2.945  -4.196  -0.971  -0.578 
  8 A  -0.017   1.403  -3.506  -3.041  -4.615   0.825  -2.111  -1.433  -1.096  -1.745   2.421  -0.311   1.121  -1.268   3.150  -0.250   0.464  -5.758  -1.421  -2.086 
  9 A   0.426   1.672   0.148  -3.776  -6.693  -1.722  -4.406   1.336   0.188  -0.044  -0.279  -1.209   0.866  -1.859  -3.146   2.596   1.303  -1.833  -0.453  -0.558 
