DRB1_0338

Last position-specific scoring matrix computed       
            A       R       N       D       C       Q       E       G       H       I       L       K       M       F       P       S       T       W       Y       V 
  1 A  -5.181  -5.034  -7.402  -8.184  -3.476  -3.844  -6.653  -6.946  -3.731   0.852   1.884  -6.690   1.133   5.461  -4.789  -4.626  -4.490   3.396   4.397   0.317 
  2 A  -3.688   0.431   1.829  -3.214  -2.041   2.086  -3.280  -1.031  -0.038   0.888   1.601   0.969   0.047  -0.845  -7.492   0.688  -0.230  -1.805  -2.098   0.539 
  3 A  -1.347   1.219  -0.774  -2.643  -2.380   0.939   0.247  -1.547   1.559  -0.673   0.999   0.274   1.322  -0.977  -2.276   1.570  -0.945   1.768   0.766  -0.362 
  4 A  -2.541  -4.489   0.545   7.021 -13.090  -4.270   0.764  -6.383  -3.121  -7.345  -9.890  -5.512  -8.438 -11.488  -8.001   2.254  -0.636 -11.334 -10.228  -7.746 
  5 A  -1.282  -0.127   0.387  -2.771  -0.159   0.320   0.994  -3.627   0.665  -0.008  -0.183   0.701  -0.539   1.034   1.113   1.268   0.153  -2.139   1.005  -0.324 
  6 A   0.922  -0.068   0.278  -2.847  -1.418  -0.559  -0.743  -1.144  -1.630  -1.492  -1.609  -0.526  -1.085  -4.900   2.924   2.493   1.416  -3.103  -3.485   1.354 
  7 A  -0.130  -0.647   2.114   0.173  -6.312   0.821  -0.981  -1.938   0.211  -0.435   0.108  -1.784   2.238  -1.619   0.244   1.495  -0.249  -4.019   0.704   0.333 
  8 A  -0.323   0.341  -2.295  -0.631  -3.753   0.689   0.067  -1.677  -1.990  -0.253   2.109  -0.166   2.158  -0.218   0.339   0.204  -0.768  -3.206  -0.159  -0.859 
  9 A  -2.091  -1.048  -2.572  -3.956  -6.056  -2.970  -2.591  -6.550  -1.763   2.723   1.979  -5.205  -0.153   1.921  -5.580  -0.004  -1.252  -1.834   2.793   2.155 
