DRB1_0413

Last position-specific scoring matrix computed       
            A       R       N       D       C       Q       E       G       H       I       L       K       M       F       P       S       T       W       Y       V 
  1 A  -8.431  -6.882  -9.390  -9.976  -9.675  -7.946  -9.932  -9.641  -8.377   2.866   2.903  -9.373   2.420   4.461  -9.963  -8.900  -8.919   2.819   3.187   1.097 
  2 A  -2.183   1.549   0.531  -5.010  -2.521   2.261  -2.720  -3.159   2.024   0.057   0.610   2.016   1.197  -2.790  -6.195   0.416  -0.377  -5.825  -0.190   1.404 
  3 A   0.178   1.520  -1.513  -5.855  -6.307   1.360  -1.934  -1.369   1.327   0.044   0.774  -2.176   2.816  -0.772  -1.828   0.921   0.594   0.713   2.448  -1.327 
  4 A  -0.918  -8.393  -4.326   1.083  -8.109  -1.072  -1.385  -2.937  -6.806   2.023   2.862  -4.287   3.691   0.122  -8.323   0.849   0.247  -3.323  -3.649  -0.393 
  5 A  -3.135   0.834  -0.007  -3.734   2.280   0.578  -0.982  -3.725  -0.343  -0.493  -0.148   0.156  -0.347   0.568   1.322   0.284   0.805   0.655   2.479   0.654 
  6 A   0.700  -9.408   4.874  -3.472  -6.247  -7.362  -7.102  -1.630 -10.088  -3.872  -4.734  -7.479  -5.234 -12.274   0.551   4.218   4.079  -9.918 -12.233  -1.654 
  7 A  -0.114  -3.744   3.143  -2.985 -11.107  -2.074  -0.805  -9.725  -6.164   0.290   3.132  -6.311   1.926  -2.495   1.587   0.877  -2.439  -3.726  -0.676  -0.605 
  8 A   0.378   1.082  -2.873  -1.998  -4.780   0.278  -2.007  -0.601  -1.255  -1.989   1.678   0.582   1.290  -1.054   3.403   0.226   0.513  -4.232  -2.170  -2.671 
  9 A   1.005   1.835   1.222  -1.283  -5.345  -0.433  -2.427  -0.108   1.355  -2.211  -1.937  -0.401  -0.373  -2.906  -1.348   3.013   1.835  -1.741  -0.720  -1.906 
