DRB1_1422

Last position-specific scoring matrix computed       
            A       R       N       D       C       Q       E       G       H       I       L       K       M       F       P       S       T       W       Y       V 
  1 A  -9.179  -6.412  -9.689 -10.497  -7.627  -8.237 -10.254  -8.458  -6.504   2.600   0.769  -8.821  -0.345   6.012  -7.283  -9.205  -7.456   3.166   4.835  -0.663 
  2 A  -3.830   1.354   1.193  -3.822  -2.043   1.031  -3.408  -4.348   2.657   0.438   0.125   2.493   0.899  -2.458  -8.176   2.184   0.703  -2.458  -1.455  -0.222 
  3 A  -1.391   2.335  -0.396  -8.650  -3.235  -0.640  -3.856  -2.154   2.329  -1.278   1.612   0.617  -0.952  -0.870  -5.791   1.799   0.203   2.398   0.316   0.246 
  4 A   0.274  -3.442  -0.952  -6.351  -6.421  -2.503  -3.912  -2.320  -3.991   0.609   3.076  -4.169   2.453  -1.633  -8.554   2.868  -0.392  -7.880  -5.794   1.384 
  5 A  -1.034   3.181  -1.943  -7.984  -0.029   0.313  -3.162  -3.857  -0.212  -0.279  -0.112   2.469  -0.839  -2.322   2.734   0.179   0.691  -5.278  -0.046  -1.193 
  6 A   1.182   3.845   1.732  -8.098  -2.500  -3.189  -3.632  -1.942  -0.637  -1.752  -3.407   2.441  -0.062  -7.528   0.569   2.142   0.245  -4.474  -5.586  -1.107 
  7 A  -0.134   2.328   0.833  -7.042 -10.482   1.174  -4.339  -5.426  -1.849   0.478   2.591  -2.568   3.031  -1.481   0.738  -0.397  -1.668  -3.191  -0.129  -1.143 
  8 A   0.372   0.686  -3.154  -3.037  -5.281   0.668  -1.253  -0.466  -1.973  -0.714   1.684   0.208   2.025  -0.077   0.468   0.508   1.055  -3.607   0.676  -1.931 
  9 A   0.080  -2.076   0.988  -1.154  -7.080  -0.406  -0.926  -0.952   0.051   0.760  -0.800  -1.835  -1.584  -1.874  -3.349   3.472   1.160  -1.399   0.570   0.603 
