DRB1_0114

Last position-specific scoring matrix computed       
            A       R       N       D       C       Q       E       G       H       I       L       K       M       F       P       S       T       W       Y       V 
  1 A  -9.596  -9.816 -11.732 -13.719  -6.251 -10.175 -12.089 -11.573  -8.031   1.095   1.309 -11.538   1.347   5.930 -11.933 -11.650  -8.875   4.120   5.323  -0.426 
  2 A   0.044   0.761   1.819  -2.850  -0.271   1.713  -0.674  -2.580   0.890  -0.290   0.233   0.522   1.399  -1.702  -6.920   0.895   0.292  -1.910  -0.914   0.508 
  3 A   0.932   1.222  -0.563  -4.656  -3.036   2.655  -2.565   0.164   2.192  -1.571   0.378  -0.486   1.364  -1.729  -0.374   1.200  -0.563   1.667   0.351  -2.440 
  4 A   0.480  -4.774  -0.750  -5.111  -4.797   0.447  -0.992  -2.852  -1.747   1.831   2.544  -6.198   3.955  -2.270  -3.361   0.917  -0.162  -5.846  -3.868   0.654 
  5 A   1.996   1.227  -1.107  -3.526  -2.695  -0.363  -0.382  -0.781  -0.928  -1.536  -0.138   0.845  -1.562  -2.173   2.405   1.676  -0.381  -3.540  -0.249  -1.369 
  6 A   3.376  -6.002   1.240  -2.961  -7.118  -2.129  -2.546   2.070  -1.722  -4.201  -4.911  -6.569  -2.372  -7.414   3.522   3.661  -0.773  -9.956  -3.490  -3.518 
  7 A   0.729   1.082   0.781  -2.746  -5.498   1.175  -0.246  -1.922   1.476  -1.442  -0.852  -1.568   1.112  -0.858   0.423   1.552   0.148   0.401   1.379   0.271 
  8 A   0.814   1.229  -1.242  -2.113  -1.527  -0.146  -2.012  -0.649  -2.717  -0.274   1.975  -0.995   1.341  -0.090   1.054   0.932  -1.396  -2.841  -0.212  -1.859 
  9 A  -0.065  -5.436  -4.214  -7.158  -4.854  -4.168  -6.932  -3.871  -7.393   2.430   3.234  -8.134   1.362  -3.590  -7.296   0.156   0.181  -9.469  -4.688   3.221 
