DRB1_1503

Last position-specific scoring matrix computed       
            A       R       N       D       C       Q       E       G       H       I       L       K       M       F       P       S       T       W       Y       V 
  1 A  -4.505  -2.143  -3.955  -6.794  -3.710  -5.096  -6.480  -5.318  -6.093   3.455   3.105  -5.330   2.187   1.205  -6.791  -4.779  -3.336   1.844   0.375   2.418 
  2 A  -0.682   1.640  -0.687  -2.417  -2.054   1.781  -1.205  -2.687   1.658   1.119  -0.571   0.802   1.209  -2.016  -2.428  -0.551  -0.314  -0.159   1.473   1.184 
  3 A   0.615   2.072  -3.157  -6.979  -8.445  -1.091  -4.331  -0.098   1.509   1.979   1.007  -0.224   0.041  -0.266  -0.455  -0.463  -0.988  -0.507   1.717  -1.359 
  4 A  -7.349  -5.936  -5.862  -8.362  -9.480  -5.422  -5.953  -3.230  -1.481   1.784   2.908  -2.618   3.907   4.349 -12.648  -0.756  -7.408   1.198   2.254  -0.648 
  5 A  -0.197   2.483  -2.433  -6.033   0.123   1.215  -1.138   0.730  -1.188  -4.171   0.004   2.482  -0.178  -2.656  -0.959   1.692   0.183  -4.534   0.299  -1.914 
  6 A   2.076  -3.436   3.802  -2.636  -8.507  -6.898  -7.405   0.696  -5.271  -4.712  -2.382  -6.539  -1.889  -9.622  -1.531   5.194   1.031  -1.767  -8.565  -6.072 
  7 A  -1.474   0.937  -0.007  -5.169  -9.130   0.101  -3.362  -2.806  -2.276   0.683   1.364  -0.978   1.254  -0.367   1.766   1.213  -2.803   3.272   2.503   0.115 
  8 A   0.893   2.513  -0.851  -5.135  -1.765  -3.789  -2.701   0.783  -1.247  -1.382   0.440  -0.953  -1.355  -1.358   1.107   0.534   0.774  -6.419   0.069   1.013 
  9 A   0.368   3.157   0.132  -6.619  -5.133  -5.101  -6.964  -1.780   0.214  -0.580   1.282   1.163  -1.413  -3.987  -7.938   1.503   0.937  -6.285  -3.954   1.499 
