DRB1_0462

Last position-specific scoring matrix computed       
            A       R       N       D       C       Q       E       G       H       I       L       K       M       F       P       S       T       W       Y       V 
  1 A -10.974  -8.895 -10.853 -12.313 -11.293 -10.444 -10.450 -11.981  -8.750   0.871   1.444 -10.668   0.469   6.186 -11.265 -10.884 -10.440   4.312   5.194  -1.283 
  2 A  -2.983   1.185   0.888  -5.915  -1.565   2.347  -2.584  -2.450   2.367  -0.342   0.969   1.650   0.461  -1.876  -8.931   1.035   0.202  -4.303   0.009   0.746 
  3 A  -0.643   1.535  -1.486  -5.406  -5.563   1.623  -1.070  -1.790   1.891  -0.778   1.541  -1.390   1.952  -0.810  -3.453   1.561   0.013   0.730   2.119  -1.669 
  4 A  -0.724  -6.903  -3.049   2.847  -9.037  -0.757  -0.141  -2.480  -6.470   1.272   1.439  -3.898   2.530  -0.574  -7.021   2.208   1.298  -3.250  -4.813  -0.292 
  5 A  -2.758   0.443  -0.811  -4.506   1.814   0.349  -0.661  -5.448  -0.412   0.021  -0.512   0.368  -1.377   1.140   2.204   1.102   1.199   0.025   2.074   0.185 
  6 A   0.970  -8.524   4.145  -5.246  -4.267  -6.718  -5.148  -1.722  -8.440  -3.220  -4.469  -6.440  -4.075 -12.255  -0.136   4.311   4.027  -8.846 -12.275   0.300 
  7 A  -0.523  -2.136   3.304  -2.253  -9.742  -0.905  -0.378  -9.217  -3.882  -0.007   2.184  -5.652   2.542  -1.327   1.300   1.254  -1.828  -3.267   0.284  -0.055 
  8 A  -0.320   0.353  -3.422  -1.024  -4.982  -0.008  -1.561  -0.785  -2.671  -0.566   1.950  -0.237   1.426  -0.217   2.917   0.499   0.408  -3.708  -0.911  -1.901 
  9 A   0.878  -1.210   1.735   1.549  -4.738  -0.599  -0.045  -2.546   0.427  -0.731  -1.330  -2.288  -1.778  -2.267  -1.060   2.968   1.376  -1.362  -0.243  -0.464 
