DRB1_0438

Last position-specific scoring matrix computed       
            A       R       N       D       C       Q       E       G       H       I       L       K       M       F       P       S       T       W       Y       V 
  1 A  -8.901  -6.192  -7.833  -8.976  -8.966  -8.758  -7.679  -9.316  -7.486   1.438   2.206  -8.629   1.627   5.260  -9.621  -7.828  -9.058   4.383   4.983  -0.354 
  2 A  -2.360   2.203   0.262  -6.151  -1.124   2.474  -2.115  -2.971   2.694  -1.676   0.151   2.400  -0.646  -1.302  -8.029   0.548  -0.093  -4.241   0.932   0.638 
  3 A  -0.212   2.368  -0.643  -5.274  -5.414   1.593  -1.139  -2.370   1.709  -0.282   0.844  -1.033   2.242  -0.809  -2.419   1.011   0.497  -1.183   1.934  -2.094 
  4 A  -1.191  -6.352  -1.649   2.124  -9.414   0.799   0.005  -1.942  -5.512   1.706   2.078  -2.803   3.471  -1.718  -5.926   0.499   0.413  -2.514  -4.021  -0.413 
  5 A  -2.367   0.725  -0.551  -4.233   1.868   0.799  -0.799  -4.051  -0.726  -0.320  -0.631   0.269  -0.048   0.900   1.430   1.252   1.032   0.735   1.770   0.452 
  6 A   0.697  -9.849   4.785  -6.894  -7.602  -8.636  -8.031  -0.678  -9.215  -4.904  -4.425  -9.232  -5.928 -12.657  -1.597   4.553   4.179  -7.366 -12.305  -1.781 
  7 A  -1.234  -2.641   3.649  -2.473 -10.584  -2.207  -0.686  -8.911  -3.878   0.331   2.486  -5.316   1.773  -2.211   1.079   1.243  -1.892  -3.716   0.713   0.123 
  8 A   0.443   1.825  -3.382  -2.549  -3.980  -0.082  -2.022  -1.957  -1.373  -2.011   1.497   1.322   0.284  -0.622   2.488   1.044   0.872  -4.703  -0.954  -2.240 
  9 A   1.504   0.314   1.704  -2.313  -4.544  -0.772  -2.420  -0.630   0.734  -1.220  -1.941  -0.865  -0.338  -1.915  -0.083   3.003   2.004  -1.259  -0.328  -1.629 
