DRB1_1411

Last position-specific scoring matrix computed       
            A       R       N       D       C       Q       E       G       H       I       L       K       M       F       P       S       T       W       Y       V 
  1 A  -7.834  -7.939 -13.350 -12.624  -9.508  -8.776 -11.958 -12.076  -9.822   4.115   2.870 -10.989   3.090   2.592  -8.838 -11.585  -9.402   3.007   1.138   2.185 
  2 A  -3.082   2.519   1.611  -4.956  -6.218   2.542  -4.392  -1.633   0.019   1.296  -1.109   2.594  -0.287  -7.110  -3.699   1.142  -1.501  -5.613  -5.462   1.463 
  3 A  -2.096   1.998  -0.168  -8.454  -6.541   1.594  -3.305  -2.258   1.994   0.198   0.131  -1.614   3.206  -2.174  -1.338   0.243  -0.350   3.934   2.292   0.583 
  4 A   0.519  -2.294  -0.671   0.535  -7.630   1.603  -0.727  -2.135  -2.132   0.435   2.376  -0.511   2.282  -2.134  -7.886   1.495  -0.885  -7.894  -3.389  -0.602 
  5 A  -2.171   1.687   1.232  -3.874   0.545   1.246  -0.924  -2.932   1.830  -0.035   0.894   0.485  -1.319  -0.744   0.340   0.248   0.285  -3.563   1.220  -0.905 
  6 A  -0.132   2.869   0.802  -2.302  -5.538  -2.160  -5.283  -2.909  -2.065  -2.291  -3.277   2.381  -0.272 -12.532   4.945   1.753   0.372 -10.500 -10.847  -1.851 
  7 A   2.463  -1.213   2.709  -2.195 -11.803   1.654  -2.821  -5.498  -3.501   0.251   1.908  -3.920   1.122  -5.773   1.354   1.183  -2.624 -10.265  -2.464  -1.388 
  8 A  -0.960   2.103  -3.449  -3.213  -5.674   2.691  -2.038  -2.848  -1.962  -2.630   2.977   0.135   2.767  -2.552   2.223  -1.613  -1.951  -7.364  -0.765  -2.417 
  9 A   0.418   3.038  -1.323  -5.696  -8.798  -0.514  -4.844   0.631  -0.334  -0.027   0.846  -2.042   1.161  -0.796  -6.125   2.094  -0.915  -2.893   0.570  -0.142 
