DRB1_1145

Last position-specific scoring matrix computed       
            A       R       N       D       C       Q       E       G       H       I       L       K       M       F       P       S       T       W       Y       V 
  1 A  -6.527  -4.818  -7.745  -9.618  -6.523  -4.626  -8.575  -9.215  -7.531   3.259   2.250  -8.964   2.661   3.829  -6.936  -7.492  -6.934   3.300   3.946   1.249 
  2 A  -3.670   1.817   0.943  -4.797  -3.242   2.208  -3.894  -2.774   0.755   1.364  -0.269   2.939  -0.208  -2.062  -7.893   0.499  -0.355  -1.779  -1.686   1.058 
  3 A  -1.957   3.451   0.474  -7.250  -4.866   1.017  -3.434  -4.183   2.672   0.315   0.271   1.899   1.255  -3.460  -3.292   0.049  -0.605  -0.403  -0.208   0.206 
  4 A  -0.055  -0.928   2.819  -2.303  -9.414   0.064  -2.289  -0.928  -1.166   0.797   1.748  -1.047   1.988  -4.236  -7.327   1.785  -0.737  -9.436  -4.638   0.517 
  5 A  -0.039   2.319  -0.275  -6.794  -1.526   0.110  -2.239  -2.872   0.127  -0.447  -0.901   2.559  -0.095  -0.760   0.765   1.154   0.303  -3.956   1.324  -0.707 
  6 A   0.381   3.400   2.169  -7.965  -6.302  -4.253  -5.254  -0.386  -1.903  -4.013  -3.337   1.821  -0.772  -9.480   2.276   3.336   1.187  -9.295  -8.178  -2.984 
  7 A   0.830  -0.028   2.574  -4.612  -8.853  -0.448  -5.083  -3.621  -1.719   1.532   1.059  -1.783   1.550  -3.532   1.085  -0.137  -1.755  -4.863  -0.035   1.770 
  8 A   1.135   2.338  -3.865  -6.870  -5.718  -0.157  -3.337  -3.179  -2.716  -1.529   2.766   0.866   0.886  -0.732   0.728  -0.363  -0.298  -7.569   0.374  -1.847 
  9 A  -0.580  -1.459  -2.576 -10.926  -8.725  -3.614  -5.893  -2.139  -3.300   3.013   1.998  -4.432   1.590  -0.439  -7.485   1.407  -0.266  -2.334   1.092   1.980 
