DRB1_0312

Last position-specific scoring matrix computed       
            A       R       N       D       C       Q       E       G       H       I       L       K       M       F       P       S       T       W       Y       V 
  1 A  -4.732  -4.332  -9.101 -10.139  -3.630  -5.768  -8.684  -7.969  -5.379   2.792   3.455  -7.273   2.268   3.058  -4.856  -5.180  -4.138   0.831   0.808   2.209 
  2 A  -3.962  -0.964   1.100  -1.846  -4.383   0.896  -5.043  -0.976  -0.628   2.432   2.452  -0.341   0.767  -0.299  -6.746  -1.093  -0.911  -2.105  -1.895   0.785 
  3 A  -1.188   1.229  -0.587  -4.010  -3.664  -0.083  -0.147  -1.042   0.215  -0.095   0.793  -0.293   1.067  -1.358  -2.017   1.783  -0.044   2.113   1.324   0.376 
  4 A  -2.997  -6.252  -0.501   6.808  -9.798  -6.178  -0.309  -5.473  -2.126  -7.586  -4.604  -4.520  -5.033  -6.589 -10.312   3.674  -2.274 -13.380  -8.353  -7.468 
  5 A  -3.136   1.504   0.440  -1.194  -0.471   0.653   0.552  -2.182   1.089  -0.703   0.451   0.700   0.102   0.362   0.679  -0.212   0.390  -2.518   1.275  -0.596 
  6 A  -0.814   3.660  -0.650  -0.671  -2.030   0.493  -0.780  -3.092  -0.788  -1.591  -2.259   2.507  -0.469  -4.868   2.486   0.231  -0.189  -3.015  -2.692  -0.125 
  7 A   0.849  -1.427   0.445  -0.899  -6.584   1.297  -1.733  -2.866  -2.130   0.162   2.057  -2.719   2.734  -3.073   1.050   0.899  -0.006  -6.784  -1.800  -0.070 
  8 A   0.197   0.666  -0.727  -0.804  -2.941   1.000  -0.327  -0.655  -1.886  -0.968   1.525  -0.433   2.970  -1.462   0.838  -0.811  -1.167  -4.079  -0.135   0.035 
  9 A  -1.305   3.668  -1.429  -2.500  -6.122  -1.091  -1.758  -5.276   0.227  -0.953   0.564  -1.382  -0.871   1.125  -5.630   1.429  -0.402  -1.663   3.477  -0.073 
