DRB1_0326

Last position-specific scoring matrix computed       
            A       R       N       D       C       Q       E       G       H       I       L       K       M       F       P       S       T       W       Y       V 
  1 A  -5.387  -5.086  -8.876  -8.601  -3.764  -6.445  -8.341  -7.465  -5.888   2.773   3.536  -7.979   2.675   2.671  -5.277  -5.059  -5.056   1.114   0.799   2.366 
  2 A  -4.170   0.078   1.152  -2.229  -4.187   1.310  -4.847  -1.025  -0.715   1.893   2.224   0.728   0.449  -0.743  -6.921  -0.642  -1.015  -2.526  -2.113   1.033 
  3 A  -0.925   1.252  -0.307  -3.875  -3.257   0.232  -0.271  -1.510   0.389   0.021   0.095  -0.661   2.163  -1.356  -2.177   1.521   0.693   2.032   1.330   0.532 
  4 A  -1.851  -4.829  -0.251   6.645  -9.421  -4.358   0.271  -5.075  -2.476  -7.523  -4.790  -2.759  -4.953  -7.806  -7.179   3.356  -1.454 -13.406  -8.616  -7.089 
  5 A  -3.191   1.269   0.971  -0.814  -0.170   0.561   0.533  -2.181   0.992  -0.398   0.431   0.129   0.147   0.519   0.116  -0.324   0.152  -1.556   1.410  -0.232 
  6 A  -0.727   3.030  -0.237  -0.695  -2.264  -0.015  -1.203  -2.530  -0.900  -1.949  -1.459   2.276  -1.012  -5.088   2.888   0.614   0.481  -3.666  -3.903   0.367 
  7 A   0.777  -2.387   0.994  -0.628  -6.500   0.778  -1.601  -3.055  -2.591   0.055   2.278  -2.434   2.449  -3.463   0.834   1.158  -0.056  -7.296  -1.864  -0.158 
  8 A   0.073   1.079  -1.061  -1.331  -3.045   1.537  -0.464  -1.808  -0.988  -1.395   1.861   0.192   3.195  -1.385   0.843  -0.804  -0.959  -4.322  -0.955  -0.686 
  9 A  -1.150   4.644  -1.855  -4.270  -6.494  -1.095  -2.807  -3.598   0.180  -1.194  -0.187  -1.063  -0.047   1.005  -5.597   1.256  -0.745  -1.934   3.288  -1.072 
