DRB1_1512

Last position-specific scoring matrix computed       
            A       R       N       D       C       Q       E       G       H       I       L       K       M       F       P       S       T       W       Y       V 
  1 A  -3.640  -1.618  -3.271  -6.020  -3.567  -3.899  -5.504  -4.370  -5.220   3.677   2.868  -3.283   1.746   0.746  -5.529  -4.288  -2.870   1.833  -0.208   2.187 
  2 A  -0.953   1.100  -0.347  -1.951  -3.218   1.397  -1.290  -1.887   1.014   1.566  -0.491  -0.036   1.409  -1.862  -1.487   0.331  -0.037   0.531   1.043   1.122 
  3 A  -0.187   1.732  -3.453  -7.997 -10.520  -1.174  -5.106  -0.555   1.488   2.137   1.745  -0.018  -0.569  -0.409  -0.643  -0.082  -1.973   0.565   1.884  -1.130 
  4 A  -7.691  -7.280  -6.827  -8.305 -10.016  -8.032  -6.815  -3.244  -2.321   1.806   2.598  -4.548   2.975   4.910 -13.114  -0.038  -6.954   1.203   2.684  -0.243 
  5 A  -0.325   2.614  -2.659  -6.386   0.325   1.162  -0.997  -0.409  -0.730  -4.047  -0.244   2.586  -0.977  -2.930  -0.015   1.813   0.817  -4.806   0.879  -2.031 
  6 A   1.773  -2.460   3.791  -2.080  -6.803  -5.185  -5.389  -0.909  -5.027  -3.381  -2.984  -5.498  -0.677 -10.800  -2.967   5.449   1.214  -2.048  -9.703  -5.496 
  7 A  -1.248   1.284  -0.252  -5.366  -9.167   1.238  -3.477  -3.345  -2.788   1.067   1.158  -2.003   1.403  -0.856   1.950   1.330  -2.850   3.570   1.872   0.106 
  8 A   0.231   1.513  -0.684  -3.417  -2.263  -4.167  -2.475   1.397  -2.281  -0.613   0.737  -2.027  -0.661  -1.131   1.697  -0.025   0.195  -5.498   0.810   1.360 
  9 A  -0.602   0.831   0.624  -2.948  -4.844  -5.390  -4.096  -3.517   0.474   0.471   1.945  -0.055  -2.617  -3.906  -8.167   1.669   0.883  -5.938  -2.918   2.602 
