DRB1_1511

Last position-specific scoring matrix computed       
            A       R       N       D       C       Q       E       G       H       I       L       K       M       F       P       S       T       W       Y       V 
  1 A  -4.741  -2.028  -3.962  -5.774  -3.829  -4.063  -5.484  -5.890  -4.797   2.477   2.721  -5.365   1.846   3.067  -7.107  -4.520  -3.941   3.715   3.182   1.547 
  2 A  -1.042   2.473  -0.598  -3.105  -0.999   2.472  -0.347  -3.124   2.148  -0.465  -0.827   1.684   0.366  -1.862  -4.340  -0.169  -0.842  -0.360   1.533   0.600 
  3 A   0.686   2.896  -1.970  -6.860  -7.841  -0.174  -4.000  -0.926   2.320   1.297   0.692   0.319  -0.142  -0.698  -1.521  -0.063  -0.552  -0.848   1.454  -2.034 
  4 A  -5.757  -3.260  -3.733  -6.463  -8.902  -2.248  -3.354  -2.558  -0.981   2.346   2.558  -0.635   4.073   2.829 -10.424  -0.660  -4.969   1.602   1.627  -0.119 
  5 A  -0.486   2.941  -3.077  -7.089  -0.160   1.187  -1.108  -0.479  -1.596  -3.603  -0.370   2.606  -0.939  -1.481   0.117   1.875   0.203  -2.774   0.841  -2.063 
  6 A   1.958  -6.995   4.145  -5.503  -8.907  -9.146  -8.727   1.064  -7.011  -7.211  -3.100  -9.282  -3.995 -12.132  -3.571   5.497   1.442  -3.727 -11.284  -6.999 
  7 A  -2.268   1.308   0.730  -4.897 -11.465  -0.178  -2.781  -3.839  -1.736   0.437   1.062  -1.018   1.407   0.134   1.565   1.106  -2.853   3.238   3.327  -0.293 
  8 A   0.589   3.003  -2.025  -5.789  -1.498  -3.793  -2.751  -0.417  -1.244  -1.452   0.799  -0.348  -1.567  -1.218   0.760   0.902   1.575  -5.064  -0.007   0.518 
  9 A   0.840   2.765   0.905  -6.576  -5.029  -4.785  -6.381  -1.247  -0.524  -0.587   0.705   1.398  -1.148  -3.129  -5.021   1.821   1.161  -5.964  -3.832   0.984 
