DRB1_1341

Last position-specific scoring matrix computed       
            A       R       N       D       C       Q       E       G       H       I       L       K       M       F       P       S       T       W       Y       V 
  1 A  -3.838  -4.205  -5.856  -8.903  -4.906  -2.416  -6.205  -7.696  -6.501   3.246   3.259  -6.225   3.008   1.152  -5.241  -6.369  -4.828   1.516   2.220   2.074 
  2 A  -2.625   0.928   1.703  -3.599  -4.134   3.050  -2.958  -1.657   0.485   1.757  -0.342   2.206  -2.008  -2.021  -5.040   0.180   0.137  -2.977  -2.655   0.746 
  3 A  -2.327   1.980   0.952  -4.600  -5.671   2.599  -1.471  -6.502   2.813   0.856   0.784   1.520   2.343  -3.911  -1.002  -2.138  -1.457  -2.494   0.387   0.197 
  4 A  -0.746  -3.078   4.223   0.936  -8.098   0.134  -2.039  -0.462   0.473   0.996   0.093  -3.092   0.155  -5.611  -6.713   1.947  -0.732  -7.998  -3.363   0.302 
  5 A   0.717   0.284   1.610  -4.471  -0.989   0.246  -1.233  -1.982   0.483  -0.015  -1.839   1.757   0.290  -1.381  -0.079   1.765   0.502  -4.312   1.010  -0.367 
  6 A   0.354   0.810   3.497  -3.906  -5.710  -2.648  -3.586   0.129  -3.032  -3.174  -3.758  -0.392   0.549  -9.559   1.821   3.422   2.812  -7.080  -7.541  -2.330 
  7 A  -0.008  -2.830   3.266  -1.241  -7.255  -1.222  -4.366  -3.648  -1.401   1.609   0.371  -2.206   0.151  -5.191  -1.340   0.273  -0.628  -4.993  -1.854   3.172 
  8 A   1.203   1.591  -2.587  -3.961  -5.251  -1.165  -2.644  -1.952  -2.544  -0.670   2.656   0.925   0.312  -0.504   1.325  -0.702  -1.396  -8.131   0.176  -1.310 
  9 A  -3.512  -5.747  -5.140 -11.741  -9.880  -5.654  -6.382  -9.730  -4.385   4.068   3.108  -8.206   2.204   0.112 -12.054  -2.820  -2.047  -5.456   1.488   2.352 
