DRB1_0428

Last position-specific scoring matrix computed       
            A       R       N       D       C       Q       E       G       H       I       L       K       M       F       P       S       T       W       Y       V 
  1 A  -8.913  -5.207  -8.199 -10.909  -8.821  -8.043  -9.065  -9.669  -5.576   2.503   1.693  -7.784   0.327   5.680  -7.503  -8.737  -7.963   3.659   4.252  -0.154 
  2 A  -2.259   1.252   0.071  -4.019  -2.336   1.718  -2.301  -2.804   2.636   0.246   0.904   1.288   1.444  -1.508  -7.833   1.330   0.293  -4.473   0.502   0.155 
  3 A  -0.884   1.726  -1.344  -7.010  -5.291   1.094  -2.796  -1.330   1.256  -1.004   2.110  -1.050   0.506  -0.596  -4.410   1.562   0.407   1.718   2.021  -1.614 
  4 A  -2.286  -8.870  -4.374  -0.422  -9.817  -3.274  -1.870  -3.447  -7.730   1.917   3.423  -6.248   3.618   0.268 -10.270   1.498  -0.324  -3.969  -4.907   0.587 
  5 A  -2.119   1.616  -1.579  -4.550   1.367   1.016  -1.737  -4.724  -0.579  -0.287  -0.264   1.629  -1.298  -0.330   2.812  -0.123   1.336  -1.868   1.840  -0.363 
  6 A   1.169  -3.376   4.391  -5.246  -3.082  -6.018  -4.801  -2.345  -6.816  -0.785  -4.221  -3.406  -0.646 -10.842  -2.605   3.976   3.440  -7.559  -9.487   0.039 
  7 A  -0.338  -1.026   2.172  -4.027 -10.939   1.185  -1.343  -7.802  -3.041   0.329   2.608  -5.531   2.757  -0.564   1.561   0.433  -2.006  -1.990  -0.277  -0.470 
  8 A  -0.038   0.915  -2.486  -0.708  -4.698  -0.161  -1.068   0.674  -1.819  -0.326   1.342  -0.943   0.727  -0.899   2.284   0.217   0.009  -4.028   0.248  -1.142 
  9 A  -0.084  -2.729   2.190   2.747  -5.056  -1.268   0.691  -3.136   0.592  -1.358  -1.885  -2.274  -3.455  -4.672  -1.957   3.462   1.643  -2.434  -1.101  -0.746 
