DRB1_1510

Last position-specific scoring matrix computed       
            A       R       N       D       C       Q       E       G       H       I       L       K       M       F       P       S       T       W       Y       V 
  1 A  -4.298  -2.438  -4.174  -7.671  -4.477  -3.933  -6.595  -5.216  -7.312   3.680   3.244  -5.025   2.510   0.009  -7.151  -5.299  -3.970   1.526   0.222   2.369 
  2 A  -0.934   1.595  -0.111  -2.639  -2.803   2.501  -1.288  -2.636   1.382   0.941  -1.092   1.683   0.885  -2.090  -2.546  -0.370  -0.225  -0.505   0.874   1.026 
  3 A   0.077   2.385  -2.520  -7.724  -8.678  -0.039  -4.080  -2.187   1.949   2.444   1.127   0.664   0.244  -1.079  -0.099  -1.426  -1.836  -1.121   1.428  -1.052 
  4 A  -6.675  -5.002  -2.408  -8.846  -8.299  -3.788  -6.262  -2.653  -1.474   2.525   2.931  -2.250   3.585   3.080 -12.865  -0.362  -6.181   0.034   2.035   0.210 
  5 A   0.815   2.341  -1.690  -7.576  -0.211   1.132  -1.980   0.234  -1.473  -3.178  -0.802   2.681   0.075  -2.403  -1.441   1.691   0.392  -4.892   0.308  -1.320 
  6 A   1.440  -1.773   4.177  -3.541  -9.322  -6.761  -6.818   0.924  -4.912  -4.416  -2.595  -5.344  -1.382 -11.157  -0.869   4.976   1.439  -3.519  -9.377  -6.190 
  7 A  -1.041   0.286   0.651  -5.519  -8.981  -0.518  -5.350  -3.138  -2.293   1.731   1.555  -0.952   0.867  -1.422   1.181   0.844  -2.648   2.148   1.789   1.234 
  8 A   1.349   2.442  -1.616  -6.704  -2.594  -3.695  -3.570   0.361  -1.751  -1.249   0.878  -0.378  -1.173  -1.414   1.280   0.290   0.753  -7.073   0.162   0.812 
  9 A  -0.506   1.463  -0.663  -7.982  -6.336  -5.427  -7.581  -2.538  -0.178   1.170   2.510  -0.628  -0.332  -2.426  -8.929   0.757   0.660  -5.749  -2.708   2.329 
