DRB1_1304

Last position-specific scoring matrix computed       
            A       R       N       D       C       Q       E       G       H       I       L       K       M       F       P       S       T       W       Y       V 
  1 A  -3.723  -4.413  -6.017  -8.933  -4.554  -2.784  -7.404  -7.686  -7.646   4.130   3.381  -5.464   2.740  -0.716  -5.952  -7.171  -4.792   0.623  -0.783   2.210 
  2 A  -2.422   0.545   1.548  -3.403  -5.547   2.353  -3.702  -1.665   0.329   2.631  -0.379   1.403  -0.702  -1.783  -3.863  -0.107  -0.111  -1.824  -1.912   1.250 
  3 A  -2.363   1.784  -1.433  -7.422  -8.398   1.718  -3.635  -5.047   2.131   1.899   2.021   0.819   1.501  -2.526  -1.104  -1.940  -2.423  -0.118   0.976   0.577 
  4 A  -1.762  -3.953   2.651  -0.854  -9.727  -2.198  -3.704  -1.087  -0.961   1.637   1.986  -3.490   1.091  -1.067 -11.073   2.404  -1.348  -6.199  -0.528   0.828 
  5 A   0.479   1.192   1.201  -5.642   0.308   0.612  -1.953  -1.767   0.391  -0.518  -1.738   2.231   0.036  -1.884  -0.109   1.178   0.922  -4.943   0.949  -0.370 
  6 A   0.054   1.774   3.818  -3.190  -5.364  -2.486  -3.987  -1.466  -4.085  -1.624  -3.803   0.240   1.370 -10.065   0.918   3.392   2.364  -4.757  -6.929  -2.604 
  7 A   0.593  -2.067   2.303  -2.942  -9.050  -0.107  -5.752  -4.399  -3.656   2.055   1.467  -2.999   1.122  -5.045   0.132   0.103  -1.419  -3.752  -2.129   2.619 
  8 A   1.177   1.605  -2.243  -4.185  -4.673  -1.532  -2.955  -0.175  -2.030  -1.005   2.270  -0.205   0.862  -0.547   1.883  -1.194  -1.349  -8.202   1.032  -0.832 
  9 A  -3.592  -2.990  -3.774  -8.388  -8.108  -5.392  -5.332  -9.329  -1.924   3.475   3.037  -6.362   1.051   0.423 -12.691  -1.305  -1.312  -4.585   1.750   2.539 
