DRB1_1449

Last position-specific scoring matrix computed       
            A       R       N       D       C       Q       E       G       H       I       L       K       M       F       P       S       T       W       Y       V 
  1 A -10.467  -8.679 -10.934 -12.906 -10.678  -9.890 -10.601 -11.317  -8.217   1.950   1.167 -11.134  -0.479   6.365  -9.565 -11.084  -9.916   3.976   4.612  -1.563 
  2 A  -3.349   0.921   2.265  -5.373  -3.232   2.192  -4.052  -2.753   2.075   0.697   0.637   2.070   0.727  -3.004 -11.525   1.385   0.059  -4.536  -2.823   0.441 
  3 A  -1.809   1.634  -0.817  -7.635  -5.286   1.588  -2.091  -2.614   2.810  -1.300   2.171  -0.602   1.485  -1.553  -4.063   1.128  -1.105   2.549   1.358  -0.462 
  4 A   0.258  -4.346   0.504   0.813  -9.804  -0.982  -0.446  -3.226  -3.807   0.588   1.518  -4.877   1.510  -2.595  -8.503   3.267   1.203  -7.688  -5.693   0.771 
  5 A  -0.857   1.663  -0.734  -5.746   0.208   0.080  -1.411  -5.063   0.098   0.114  -0.260   1.838  -2.074  -0.559   2.751   0.808   0.887  -4.643   1.050  -0.604 
  6 A   1.699   0.352   2.759  -5.139  -3.316  -3.002  -2.796  -1.421  -2.410  -1.437  -4.628   0.164   0.132 -10.754   1.997   3.016   2.178  -6.889  -8.931   0.396 
  7 A   0.520   0.540   2.721  -3.694 -11.304   1.580  -2.564  -6.040  -1.844   0.032   1.795  -4.174   2.928  -2.167   0.836   0.766  -1.853  -3.496  -0.546  -0.032 
  8 A  -0.121   1.181  -4.307  -2.248  -6.872   0.558  -1.189  -0.878  -2.943  -0.334   2.323  -0.024   2.243   0.332   1.151  -0.358  -0.358  -4.576   0.731  -2.715 
  9 A  -0.594  -2.819   0.024  -0.101  -6.300  -1.073  -0.648  -3.895  -1.063   1.913   1.026  -4.330  -0.869  -0.789  -4.821   2.446   0.013  -2.104   0.776   1.794 
