DRB1_1211

Last position-specific scoring matrix computed       
            A       R       N       D       C       Q       E       G       H       I       L       K       M       F       P       S       T       W       Y       V 
  1 A  -4.826  -5.278  -9.141  -8.930  -3.656  -4.373  -8.733  -8.348  -6.273   3.133   2.693  -8.186   2.438   3.569  -6.354  -8.755  -5.117   2.703   2.558   2.001 
  2 A  -2.419   0.886   2.297  -3.807  -4.001   2.434  -3.651  -2.374   0.598   2.143  -0.847   1.653   0.693  -4.544  -7.299   0.668  -0.295  -1.183  -2.687   1.305 
  3 A  -1.577   1.105  -1.231  -6.995  -6.317   1.997  -2.906  -2.407   3.563   0.660   1.394   0.024   1.875  -2.687  -0.660  -0.200  -1.942   2.074   0.983   0.336 
  4 A   0.670  -0.653   1.228  -3.296  -9.541   0.001  -0.753  -1.772   0.491   1.137   0.613  -1.807   1.065  -1.558  -6.741   2.189   0.508  -7.588  -1.383   1.098 
  5 A   0.809   0.430   0.792  -5.933  -0.906   0.168  -0.694  -2.522   0.726  -1.073   0.161   1.908  -1.943  -1.423   0.493   1.979   0.147  -7.004   0.716  -0.874 
  6 A   2.015   0.815   1.357  -3.606  -4.412  -1.085  -2.991  -1.058  -1.370  -3.226  -4.902  -1.058  -0.793 -11.045   4.425   3.526   0.801  -6.939  -7.590  -2.214 
  7 A   1.329   0.949   1.680  -2.770  -8.096   1.416  -3.981  -1.270  -0.024   0.332   0.102  -1.410   1.749  -2.726  -0.201   1.185  -1.670  -2.415  -0.642   1.034 
  8 A  -0.188   1.669  -2.872  -3.307  -4.022  -0.001  -1.838  -0.552  -2.500  -0.775   2.845  -0.651   1.280  -0.262   1.269  -0.756  -1.627  -5.958   0.563  -1.471 
  9 A  -5.692  -3.885 -10.293 -12.894 -10.717  -7.313  -9.822  -9.088  -7.876   3.604   3.934 -10.786   1.113  -0.734 -12.168  -6.942  -5.296  -7.968  -1.951   3.369 
