DRB1_0417

Last position-specific scoring matrix computed       
            A       R       N       D       C       Q       E       G       H       I       L       K       M       F       P       S       T       W       Y       V 
  1 A -10.772  -7.139  -9.678 -11.853  -9.220  -9.179 -10.033 -12.263  -7.529   1.611   0.916 -10.500   0.296   6.382  -9.537 -11.248 -11.053   4.364   4.687  -1.337 
  2 A  -2.690   1.326   1.143  -4.734  -2.675   2.355  -2.822  -2.519   2.390  -0.347   0.673   1.542   1.302  -3.225  -8.149   1.875   0.211  -5.093  -0.894   0.361 
  3 A  -1.370   1.478  -1.234  -6.069  -5.737   1.651  -1.553  -1.473   1.590  -1.380   1.681  -1.268   1.306  -1.022  -3.834   1.970  -0.109   2.472   2.348  -1.570 
  4 A  -0.997  -6.344  -4.230   1.827 -10.483  -1.154  -0.348  -3.277  -6.803   1.363   2.355  -4.759   2.640  -0.773  -7.538   2.140   1.421  -4.027  -4.410   0.022 
  5 A  -2.851   0.858  -0.964  -4.520   1.834   0.644  -0.640  -5.853   0.305   0.100  -0.254   0.998  -1.838   0.221   2.723   0.502   1.432  -1.763   1.755  -0.438 
  6 A   0.818  -4.218   3.697  -3.606  -2.733  -4.329  -3.429  -2.266  -5.731  -1.069  -3.884  -3.140  -1.145 -12.150   1.002   3.874   3.360  -8.842 -10.665   0.702 
  7 A   0.122  -1.171   2.782  -2.333 -10.831   0.924  -0.415  -8.556  -3.165   0.010   2.019  -5.387   2.669  -1.071   1.795   1.159  -2.120  -3.458  -0.710  -0.756 
  8 A  -1.196   0.323  -4.101  -0.211  -5.887   0.824  -0.721  -0.181  -2.264  -0.531   1.909  -1.103   1.686  -0.953   3.110   0.174  -0.206  -4.001   0.095  -2.167 
  9 A  -0.022  -2.781   1.563   3.302  -5.752  -0.941   0.867  -2.637   0.257  -0.999  -1.757  -2.879  -3.570  -3.242  -1.275   3.174   1.061  -1.654  -1.221  -0.731 
