DRB1_1163

Last position-specific scoring matrix computed       
            A       R       N       D       C       Q       E       G       H       I       L       K       M       F       P       S       T       W       Y       V 
  1 A  -6.234  -4.937  -8.264 -10.319  -7.102  -6.133  -9.859  -8.290  -8.243   4.108   3.419  -7.688   2.416   1.075  -7.398  -8.135  -6.284   0.907   0.840   2.180 
  2 A  -3.285   1.360   0.759  -2.782  -4.068   1.751  -3.244  -2.622   1.969   1.437  -0.446   2.637  -0.678  -1.183  -3.699   0.716   0.241  -2.331  -0.283   0.269 
  3 A  -1.357   2.773  -0.863  -7.612  -5.009   0.063  -3.403  -4.128   1.574   0.953   1.674   0.896   0.764  -1.553  -3.242  -0.806  -0.300   0.646   0.429   0.807 
  4 A  -2.224  -4.591   1.345  -5.062  -6.524  -2.679  -5.163  -1.938  -1.778   0.824   3.807  -2.313   3.323  -0.815 -11.699   1.202  -4.519  -6.301  -3.251   0.482 
  5 A  -0.806   3.287  -0.620  -6.378   0.096   1.126  -2.630  -0.333  -0.020  -0.941  -0.629   2.366   1.354  -3.285   0.449  -0.082  -0.128  -3.829  -0.241  -0.989 
  6 A  -0.979   4.573   2.381  -7.043  -5.267  -3.725  -5.017  -1.076  -0.432  -2.543  -2.695   2.489   1.022  -7.837   0.320   2.009   0.559  -4.233  -6.152  -3.713 
  7 A   0.242  -0.136   1.421  -5.360  -8.785   0.172  -5.521  -5.139  -3.114   1.335   3.145  -2.244   2.174  -4.639  -0.452  -0.335  -1.808  -4.923  -1.680   0.852 
  8 A   1.793   2.474  -1.577  -5.675  -3.654  -0.123  -2.600  -0.902  -0.494  -2.585   1.410   1.214   1.080  -1.190   0.515  -0.184  -0.311  -6.550   0.310  -1.688 
  9 A   0.272   1.912  -0.114  -6.262  -7.397  -1.319  -4.126  -1.365   0.739   0.460   0.559  -0.297   0.574  -0.265  -5.804   2.404   0.486  -2.499   1.383  -0.005 
