DRB1_1155

Last position-specific scoring matrix computed       
            A       R       N       D       C       Q       E       G       H       I       L       K       M       F       P       S       T       W       Y       V 
  1 A  -6.624  -6.242  -9.836 -11.570  -7.400  -6.282  -9.960 -10.052  -8.306   4.172   2.912  -8.878   3.059   1.525  -7.946  -8.419  -6.476   1.532   1.299   2.517 
  2 A  -3.839   1.600   0.675  -3.958  -4.217   1.400  -4.082  -2.257   0.528   2.029  -0.261   2.937  -0.512  -1.965  -4.837   0.218  -0.361  -1.833  -1.846   1.171 
  3 A  -1.304   3.139  -0.280  -6.977  -5.468  -0.002  -3.324  -3.240   1.787   0.770   0.534   1.327   1.130  -2.932  -2.952  -0.002  -0.023   1.063  -0.223   0.965 
  4 A  -0.593  -1.443   1.749  -2.397  -6.623  -1.463  -2.994  -0.998  -0.307   0.145   2.790  -0.177   2.526  -1.540  -9.240   1.828  -3.251  -6.475  -3.056  -0.027 
  5 A  -1.463   2.933  -0.314  -6.014  -0.243   0.848  -2.150  -0.565   0.441  -0.792  -0.083   2.245   0.992  -1.605   0.042   0.142  -0.248  -2.970   0.740  -1.054 
  6 A  -1.247   5.170   0.645  -7.280  -7.164  -4.218  -5.810  -1.588  -1.218  -4.380  -3.071   3.359  -0.368  -9.839   2.007   1.802  -0.594  -6.568  -8.736  -4.553 
  7 A   1.278  -0.252   1.272  -4.845  -9.754  -0.140  -5.107  -4.026  -3.424   1.391   2.374  -1.729   1.562  -4.495   1.641  -0.084  -2.031  -4.697  -1.496   0.824 
  8 A   1.176   2.075  -1.916  -5.750  -3.651   0.384  -3.179  -2.081  -0.912  -2.259   2.377   0.910   1.561  -1.130   0.684  -0.603  -0.426  -7.120  -0.087  -1.092 
  9 A   0.273   2.615  -1.244  -7.795  -8.840  -1.945  -5.279  -0.427  -0.470   0.795   0.905  -1.246   1.028  -0.581  -6.844   2.183  -0.288  -2.862   1.204   0.353 
