DRB1_1527

Last position-specific scoring matrix computed       
            A       R       N       D       C       Q       E       G       H       I       L       K       M       F       P       S       T       W       Y       V 
  1 A  -5.297  -2.049  -4.739  -7.080  -4.832  -5.474  -6.258  -5.960  -4.165   2.926   2.522  -5.565   1.358   3.521  -7.016  -4.703  -4.200   3.026   3.300   1.466 
  2 A  -1.269   1.846  -0.475  -2.078  -1.083   1.936  -0.777  -3.291   2.553  -0.059  -0.298   1.425   1.036  -1.509  -4.415   0.391  -0.351  -1.536   1.630   0.274 
  3 A   0.624   2.579  -1.645  -7.248  -5.340  -0.485  -4.379  -0.157   1.848   0.640   1.025  -0.232  -0.694  -0.292  -2.362   0.328   0.396   0.395   1.328  -1.713 
  4 A  -5.682  -5.529  -4.979  -9.455  -6.848  -4.394  -5.650  -3.081  -2.129   2.152   3.628  -3.493   4.616   2.569 -11.935  -0.630  -5.530  -0.552  -0.595   0.228 
  5 A  -0.842   3.267  -3.289  -7.237  -0.593   1.136  -1.372  -0.790  -2.084  -3.257  -0.280   3.050  -0.780  -2.832   0.856   1.145   0.385  -3.319   0.411  -1.782 
  6 A   2.242  -1.784   4.035  -5.478  -6.120  -6.997  -6.828   0.777  -3.908  -4.054  -2.186  -6.003  -1.316  -9.198  -3.636   4.851   1.413  -4.151  -7.809  -5.152 
  7 A  -2.258   1.717   0.284  -6.383  -9.638   0.546  -3.329  -4.318  -1.224   0.387   1.914  -1.214   2.084   0.205   1.154   0.505  -2.568   2.445   2.634  -0.731 
  8 A   1.057   2.776  -1.536  -4.263  -1.976  -2.800  -1.905   0.392  -1.469  -1.279   0.309  -1.062  -1.191  -1.147   0.403   0.966   1.441  -5.370  -0.148   0.319 
  9 A   0.990   2.220   1.204  -4.891  -6.174  -3.466  -4.596  -1.060   0.351  -1.210  -0.439   1.353  -1.881  -4.599  -4.669   3.057   1.603  -4.884  -3.263   0.325 
