DRB1_1353

Last position-specific scoring matrix computed       
            A       R       N       D       C       Q       E       G       H       I       L       K       M       F       P       S       T       W       Y       V 
  1 A  -4.904  -5.645  -7.639 -11.134  -5.449  -3.560  -8.056  -8.391  -8.538   3.689   3.593  -7.598   3.363   0.180  -7.386  -8.030  -5.988   0.821   0.026   2.395 
  2 A  -2.577   1.202   1.729  -3.695  -5.066   2.947  -3.547  -2.091   0.058   1.818  -0.600   2.340  -0.728  -2.941  -3.773   0.016  -0.432  -3.618  -2.890   1.306 
  3 A  -2.065   1.742   0.014  -5.619  -7.635   2.516  -2.476  -5.640   2.449   1.537   0.931   0.444   2.852  -3.142  -0.187  -2.347  -1.586  -0.555   1.051   0.519 
  4 A  -0.624  -2.972   3.042  -0.624  -8.900   0.379  -1.844  -1.180  -0.786   1.687   1.452  -2.105   1.082  -3.353  -7.936   1.318  -0.187  -8.073  -2.553   0.691 
  5 A   0.321   0.308   2.222  -4.732  -0.206   0.936  -1.484  -1.162   0.384  -0.047  -1.503   1.107   0.068  -0.525  -0.868   1.128   0.292  -3.494   1.201  -0.021 
  6 A   0.107   0.161   3.916  -2.816  -6.831  -2.750  -4.364  -0.182  -3.189  -2.521  -3.392  -0.662   0.251 -11.328   2.598   3.376   2.571  -6.942  -8.908  -2.792 
  7 A   0.923  -3.060   3.224  -1.640  -7.518  -0.271  -4.447  -3.981  -2.149   1.494   1.099  -2.277   0.271  -5.056  -0.759   0.516  -1.344  -4.811  -1.635   2.351 
  8 A   1.246   2.167  -3.042  -4.614  -3.772  -0.749  -2.899  -1.749  -1.476  -1.081   2.545   0.459   0.438  -0.960   1.606  -0.778  -1.472  -8.619   0.032  -1.175 
  9 A  -3.490  -2.045  -5.076 -12.434  -9.638  -5.368  -7.425  -6.303  -2.796   3.529   3.263  -7.049   2.840   1.001 -11.123  -3.060  -1.789  -4.012   1.511   1.751 
