DRB1_1468

Last position-specific scoring matrix computed       
            A       R       N       D       C       Q       E       G       H       I       L       K       M       F       P       S       T       W       Y       V 
  1 A  -8.194  -7.802 -12.200 -11.553  -6.879  -7.203  -9.818 -10.128  -5.689   2.007   0.353 -10.521   0.329   6.132  -8.782 -10.446  -8.811   4.903   5.023  -1.264 
  2 A  -2.799   2.017   2.664  -5.679  -3.876   2.998  -3.621  -1.385   1.259   0.069  -1.119   2.146  -0.653  -5.609  -8.826   1.843   0.106  -3.244  -5.240   0.435 
  3 A  -2.443   1.875  -0.207  -5.799  -4.386   1.903  -1.695  -2.587   3.338  -1.278   1.123  -0.078   1.569  -1.488  -2.168   1.080  -2.380   3.845   1.694  -0.681 
  4 A   0.702  -0.949   0.380   1.942 -10.630   1.687   0.409  -2.799  -2.210   0.089  -0.448  -1.633  -0.155  -3.650  -4.889   2.763   1.327  -9.139  -3.688   0.128 
  5 A  -0.502   0.691  -0.048  -5.148   0.565  -0.166  -0.102  -6.246   1.434   0.113  -0.057   1.362  -2.417  -0.302   2.060   1.729   0.630  -5.241   0.748  -1.196 
  6 A   1.204   0.381   0.263  -3.868  -3.424  -2.409  -2.233  -1.604  -1.628  -1.592  -3.684   0.406  -0.143 -10.818   4.693   2.880   0.724  -8.336  -9.875   0.322 
  7 A   1.432   1.188   2.868  -1.819  -9.252   1.975  -1.340  -3.671  -1.245  -0.293  -0.250  -3.480   1.919  -2.842   1.266   1.485  -1.988  -4.945  -0.220  -0.542 
  8 A  -1.618   0.768  -5.619  -2.408  -7.195   1.536  -0.961  -2.223  -3.939  -0.820   3.085  -0.547   2.674  -0.654   1.880  -0.138  -0.913  -4.460   0.561  -3.163 
  9 A  -0.469  -3.170  -1.678  -1.196  -8.038  -1.350  -1.974  -2.414  -3.181   2.644   1.947  -6.528  -0.683  -0.229  -4.865   1.432  -1.793  -2.158   0.209   2.367 
