DRB1_1442

Last position-specific scoring matrix computed       
            A       R       N       D       C       Q       E       G       H       I       L       K       M       F       P       S       T       W       Y       V 
  1 A  -7.504  -5.561  -9.318 -11.706  -9.274  -6.893  -9.790 -10.130  -6.489   3.148   2.575  -8.376   1.582   4.261  -8.660  -9.813  -8.180   3.246   4.445   0.289 
  2 A  -4.028   2.374   1.508  -4.281  -3.760   2.542  -3.259  -1.652   2.636  -0.788  -1.065   3.004  -1.961  -2.041  -5.922   1.900   0.262  -3.895  -2.123  -0.963 
  3 A  -2.015   3.234  -0.387  -8.299  -4.045   1.048  -2.941  -4.577   1.525  -0.588   1.877   0.847   1.013  -1.351  -4.465  -0.496  -0.508   1.844   1.018  -0.106 
  4 A  -1.000  -4.753   1.496  -0.886 -10.520   0.144  -3.003  -1.776  -2.429   0.775   3.192  -3.405   2.915  -3.258  -9.541   1.703  -2.228 -11.789  -5.817   0.714 
  5 A  -0.762   3.198  -1.209  -6.844  -0.081   1.023  -1.982  -3.314   0.434   0.047  -0.135   1.812   0.347  -2.847   2.040   0.319   0.324  -4.135  -0.330  -1.215 
  6 A   0.297   3.766   1.687  -7.898  -4.099  -5.070  -4.190  -0.714  -0.851  -1.438  -2.726   1.865   1.266  -8.334   1.268   1.960   1.612  -6.361  -7.838  -1.551 
  7 A   0.283   0.379   3.063  -4.069 -10.434   0.700  -3.674  -6.872  -3.105   0.836   2.822  -4.915   2.565  -5.898  -0.435   0.270  -2.181  -7.737  -1.742  -0.084 
  8 A   1.333   2.595  -2.632  -3.636  -6.232   1.309  -1.698  -2.076  -1.627  -3.393   1.579   1.540   1.564  -1.004   0.761   0.285  -0.438  -6.020   0.633  -4.039 
  9 A   0.998  -0.518   0.856  -3.749  -7.963  -0.169  -2.217  -1.281   0.588   0.426  -0.440  -1.950  -0.172  -1.385  -3.495   3.595   0.604  -2.153   0.988  -0.170 
