DRB1_1604

Last position-specific scoring matrix computed       
            A       R       N       D       C       Q       E       G       H       I       L       K       M       F       P       S       T       W       Y       V 
  1 A  -7.255  -3.966  -7.131  -9.952  -6.589  -6.737  -9.277  -8.515  -4.678   2.675   1.339  -8.381   1.494   4.985  -9.803  -7.201  -6.519   3.699   4.602   1.008 
  2 A  -2.087   2.409  -0.577  -3.362  -0.847   1.587  -1.916  -4.757   1.950   0.353  -0.460   2.424   1.487  -3.154  -6.148   0.565  -0.170  -0.910   0.925   0.637 
  3 A   0.367   2.902  -0.534  -7.533  -4.522  -0.696  -4.220   0.328   2.725  -0.384  -0.389  -0.100  -0.673  -1.063  -2.749   1.189   0.984   0.954   0.954  -1.188 
  4 A  -2.156  -1.288  -4.894  -9.564  -6.030  -1.951  -3.927  -3.271  -2.605   1.820   3.008  -0.148   4.542   1.703  -6.227  -0.655  -3.740  -0.427  -1.558   0.603 
  5 A  -0.821   3.132  -2.911  -7.284  -0.528   0.561  -2.022  -0.715  -2.025  -2.648   0.500   2.978  -1.143  -1.712   0.916   1.215  -0.141  -3.694   0.147  -2.266 
  6 A   2.363   0.270   2.866  -6.200  -5.481  -5.251  -6.498   0.992  -2.545  -5.051  -1.800  -2.183  -2.343  -9.088   1.338   4.555   0.097  -3.431  -8.416  -4.530 
  7 A  -1.104   2.882  -0.051  -7.352 -12.027   0.249  -4.093  -3.149  -0.165   0.153   0.668  -0.021   1.381   0.788   1.956   0.071  -2.866   1.655   2.696  -1.387 
  8 A   0.124   2.623  -2.760  -5.277  -2.497  -1.156  -2.586  -1.028  -1.157  -0.837   1.331  -0.624  -0.459  -0.939   0.288   1.220   1.899  -4.694  -0.307   0.013 
  9 A   0.926   2.975  -0.096  -7.066  -8.339  -4.073  -7.627   1.422  -1.481  -0.774  -0.562   0.960  -1.297  -4.559  -4.338   2.790   0.642  -4.229  -4.563   0.332 
