DRB1_1611

Last position-specific scoring matrix computed       
            A       R       N       D       C       Q       E       G       H       I       L       K       M       F       P       S       T       W       Y       V 
  1 A  -5.354  -2.323  -4.770  -6.575  -4.763  -5.258  -6.158  -6.386  -4.248   2.512   2.282  -6.200   1.441   4.117  -7.341  -4.566  -4.724   2.975   4.006   1.087 
  2 A  -1.803   1.974  -0.364  -2.628  -0.779   2.305  -0.890  -4.801   2.786  -0.735  -0.606   2.315   1.550  -2.531  -5.422   0.378  -0.443  -1.869   1.448   0.277 
  3 A   0.438   2.662  -1.076  -6.839  -5.247   0.099  -3.561  -0.690   2.729   0.072   0.498   0.107  -0.414  -0.630  -1.976   0.433   0.561   0.139   1.548  -1.485 
  4 A  -3.795  -3.355  -4.216 -10.768  -6.815  -3.022  -5.023  -3.558  -2.579   2.593   3.363  -1.895   4.423   1.531 -10.664  -0.739  -3.462  -0.545  -1.313   0.740 
  5 A  -0.477   3.115  -2.835  -7.908  -0.738   0.841  -1.944  -1.324  -2.684  -2.759  -0.179   2.969  -1.187  -1.843   0.626   1.301   0.491  -3.218   0.578  -1.099 
  6 A   2.193  -2.826   4.106  -6.262  -6.278  -6.679  -7.485   0.814  -3.217  -5.364  -2.924  -5.678  -2.515 -10.975  -2.089   4.998   1.601  -4.128  -9.407  -5.222 
  7 A  -1.912   1.975   0.438  -6.681  -9.472   0.182  -4.121  -3.962  -0.344   0.175   1.715  -0.046   1.691   0.400   0.773   0.265  -2.371   2.409   2.796  -1.017 
  8 A   0.761   3.102  -2.632  -5.216  -2.178  -2.504  -2.038  -0.686  -1.149  -1.118   0.689  -0.482  -1.219  -1.049   0.456   1.027   1.874  -5.437  -0.367  -0.079 
  9 A   0.414   2.431   0.680  -6.099  -7.498  -3.426  -5.266  -0.074  -0.014  -0.351   0.032   1.431  -0.448  -3.331  -4.156   2.328   1.447  -4.555  -3.005   0.422 
