DRB1_1127

Last position-specific scoring matrix computed       
            A       R       N       D       C       Q       E       G       H       I       L       K       M       F       P       S       T       W       Y       V 
  1 A  -7.463  -4.816  -9.389 -10.051  -7.287  -7.578 -10.335  -8.538  -5.998   2.758   2.230  -7.668   0.984   4.955  -7.489  -7.051  -6.181   2.007   4.404   0.564 
  2 A  -4.371   1.299  -0.059  -3.129  -1.854   0.571  -3.140  -3.989   2.629   0.377   0.882   2.659   0.618  -0.367  -6.768   1.425   0.508  -1.768  -0.007  -0.720 
  3 A  -0.835   2.677  -0.305  -7.474  -2.456  -1.503  -2.437  -2.456   1.115  -0.871   1.132   0.990  -1.391  -0.967  -5.158   1.655   1.124   1.174  -0.457   0.511 
  4 A   0.203  -2.696   0.498  -3.418  -4.011  -2.896  -2.283  -2.324  -2.350  -0.279   3.009  -1.798   2.898  -2.129  -7.330   2.887  -1.634  -7.248  -6.612   0.496 
  5 A  -1.865   3.961  -2.536  -6.847  -0.828   0.646  -2.981  -2.119  -1.044  -0.802   0.014   2.408   0.410  -2.620   2.260  -0.877  -0.115  -3.878  -0.503  -0.606 
  6 A  -0.123   5.162   0.990  -9.069  -3.080  -3.965  -4.528  -1.325   0.251  -3.339  -3.115   2.908  -0.476  -6.737  -0.725   1.271  -0.207  -4.716  -3.942  -2.389 
  7 A  -0.935   1.662   0.227  -6.773  -7.802   0.350  -5.176  -4.996  -1.792   0.485   3.313  -1.452   3.178  -2.239  -0.335  -0.470  -1.079  -4.485  -0.291  -1.110 
  8 A   1.317   2.027  -2.112  -3.974  -3.842   0.785  -1.788  -1.123  -0.723  -2.144   0.561   1.448   1.806  -0.818  -0.481   0.901   1.237  -4.938   0.149  -2.003 
  9 A   0.345   2.201   0.911  -3.889  -7.289  -0.466  -2.623  -0.763   0.872  -1.893  -2.602   0.502  -1.623  -1.683  -3.781   3.839   1.092  -1.320   1.236  -1.611 
