DRB1_1612

Last position-specific scoring matrix computed       
            A       R       N       D       C       Q       E       G       H       I       L       K       M       F       P       S       T       W       Y       V 
  1 A  -5.571  -2.617  -4.989  -6.812  -4.995  -5.348  -6.532  -6.609  -4.553   2.786   2.183  -5.924   1.505   4.082  -7.317  -5.127  -5.200   3.238   4.015   1.043 
  2 A  -1.933   2.100  -0.212  -2.756  -1.161   2.452  -1.171  -4.614   2.667  -0.501  -0.541   2.412   1.222  -2.476  -5.103   0.198  -0.501  -2.367   1.166   0.398 
  3 A   0.304   2.765  -0.831  -7.147  -4.872   0.213  -3.675  -0.921   2.659   0.220   0.446   0.245  -0.243  -0.712  -2.416   0.455   0.534  -0.049   1.594  -1.504 
  4 A  -3.568  -3.505  -3.425  -9.466  -6.517  -2.550  -4.414  -3.642  -2.455   2.368   3.377  -1.854   4.613   1.232 -10.123  -0.726  -3.327  -0.703  -1.256   0.746 
  5 A  -0.727   3.091  -2.548  -7.333  -0.428   0.986  -1.824  -1.263  -2.392  -2.531  -0.309   3.020  -1.144  -1.821   0.619   1.340   0.368  -3.060   0.577  -1.343 
  6 A   2.073  -2.388   4.224  -6.616  -7.206  -6.804  -7.314   0.878  -3.514  -5.410  -2.780  -5.124  -2.201 -11.826  -1.929   4.907   1.561  -4.387  -8.943  -4.897 
  7 A  -1.780   1.829   0.808  -6.673 -10.168   0.253  -3.735  -4.281  -0.448   0.338   1.690  -0.190   1.755   0.251   1.008   0.243  -2.519   1.859   2.714  -0.851 
  8 A   0.732   3.127  -2.687  -5.059  -2.348  -2.223  -1.996  -0.704  -1.114  -1.049   0.897  -0.424  -1.000  -0.964   0.386   0.746   1.711  -5.921  -0.253  -0.166 
  9 A   0.376   2.263   0.868  -5.714  -7.313  -3.318  -5.031  -0.003  -0.192  -0.155  -0.020   1.296  -0.387  -3.274  -3.879   2.334   1.432  -4.844  -2.495   0.427 
