DRB1_1444

Last position-specific scoring matrix computed       
            A       R       N       D       C       Q       E       G       H       I       L       K       M       F       P       S       T       W       Y       V 
  1 A  -8.821  -7.150 -10.637 -12.711 -11.426  -8.723 -11.045 -12.463  -7.559   2.722   1.973 -10.103   1.497   5.154  -9.763 -11.179  -9.390   4.037   4.916  -0.753 
  2 A  -4.334   2.738   1.930  -5.575  -4.023   3.131  -3.500  -2.027   2.521  -1.486  -1.522   3.216  -1.929  -4.436  -7.879   1.926  -0.078  -5.139  -3.831  -0.614 
  3 A  -2.052   3.135   0.419  -8.265  -3.942   1.683  -2.507  -4.558   2.044  -0.855   1.239   0.130   1.943  -1.296  -4.256  -0.021  -0.527   2.224   1.593  -0.452 
  4 A  -0.111  -3.197   0.918   0.242 -10.374   1.869  -1.657  -1.866  -3.613   0.888   2.422  -2.573   2.460  -4.697  -7.789   1.504  -0.256  -9.070  -5.669   0.443 
  5 A  -0.835   2.232  -0.443  -6.125   0.599   0.631  -1.582  -5.065   0.805   0.578   0.073   1.128  -0.612  -1.197   2.021   0.730   0.516  -2.982   0.395  -0.591 
  6 A   0.696   1.869   1.980  -6.564  -4.159  -5.188  -4.414  -0.599  -1.697  -1.855  -2.414   1.099   0.564 -10.459   2.815   2.639   2.305  -7.196 -10.638  -0.685 
  7 A   0.744  -0.313   3.805  -3.314 -11.253   0.715  -2.491  -7.473  -2.889   0.530   2.052  -5.237   2.061  -5.127   0.433   0.988  -2.372  -7.709  -1.128  -0.207 
  8 A   0.433   2.356  -4.719  -3.040  -7.160   1.870  -1.666  -3.280  -1.943  -2.964   2.268   1.325   1.833  -0.815   1.308   0.240  -0.492  -6.506   0.294  -4.532 
  9 A   1.117  -0.839   0.830  -3.423  -7.611  -0.220  -2.327  -0.248  -0.344   0.884  -0.374  -3.242   0.130  -1.125  -2.332   3.335   0.526  -1.683   0.451  -0.258 
