DRB1_0311

Last position-specific scoring matrix computed       
            A       R       N       D       C       Q       E       G       H       I       L       K       M       F       P       S       T       W       Y       V 
  1 A  -5.471  -4.698  -9.919 -10.092  -4.252  -6.384  -8.637  -8.295  -7.122   3.011   3.803  -8.350   2.562   2.010  -5.696  -5.542  -4.777   0.140   0.171   2.348 
  2 A  -4.086  -0.308   1.093  -2.133  -4.662   1.103  -5.167  -1.128  -0.403   2.028   2.358   0.661   0.429  -0.474  -6.207  -0.860  -0.857  -2.592  -1.909   0.834 
  3 A  -0.975   1.407  -0.719  -4.448  -3.587   0.036  -0.600  -1.620   0.256   0.100   0.673  -0.379   1.720  -1.468  -2.324   1.385   0.649   1.932   1.000   0.785 
  4 A  -1.568  -4.908   0.675   6.100  -8.383  -4.546   0.033  -4.230  -1.205  -5.876  -2.623  -2.527  -3.338  -6.061  -7.800   3.803  -1.519 -11.994  -7.224  -5.433 
  5 A  -3.144   1.808   0.599  -1.261  -0.321   0.763   0.173  -1.923   0.670  -0.592   0.411   0.495   0.465   0.014   0.462  -0.491   0.133  -2.126   1.201   0.107 
  6 A  -0.915   3.749  -0.291  -0.942  -2.478  -0.005  -1.481  -2.577  -0.543  -2.046  -1.939   2.577  -0.703  -5.402   2.307   0.504   0.463  -3.988  -3.782  -0.196 
  7 A   0.735  -2.175   0.617  -1.318  -7.382   0.646  -2.279  -3.488  -3.005   0.149   2.740  -2.690   2.714  -3.931   0.338   0.944   0.046  -7.766  -1.993  -0.047 
  8 A   0.575   1.382  -0.966  -1.714  -2.948   1.105  -0.872  -1.590  -1.132  -1.520   1.597   0.372   3.130  -1.369   0.807  -0.643  -0.913  -4.584  -0.768  -0.488 
  9 A  -1.088   4.667  -1.749  -4.730  -7.721  -1.097  -2.876  -4.208   0.625  -1.842  -0.279  -0.801  -0.384   0.679  -6.419   1.501  -0.619  -2.227   3.539  -1.079 
