DRB1_0410

Last position-specific scoring matrix computed       
            A       R       N       D       C       Q       E       G       H       I       L       K       M       F       P       S       T       W       Y       V 
  1 A  -8.751  -6.115  -9.226 -12.423  -7.578  -8.111 -10.417  -9.993  -7.424   3.240   2.445  -8.516   1.281   5.053  -8.397  -8.705  -7.824   2.939   2.554   1.003 
  2 A  -2.150   0.675   0.583  -3.437  -4.139   1.702  -3.169  -3.245   2.063   1.167   0.728   0.916   2.778  -3.634  -5.985   1.155  -0.040  -6.251  -0.584   1.169 
  3 A  -0.668   0.894  -2.290  -7.058  -6.532   1.186  -3.309  -0.454   1.391  -0.512   1.841  -2.018   1.138  -1.186  -2.855   1.703   0.054   2.681   2.450  -1.057 
  4 A  -2.166 -10.590  -7.458  -1.506  -9.759  -4.290  -2.768  -4.328  -8.882   2.008   3.492  -7.329   3.455   1.783 -11.338   1.386  -0.144  -3.645  -3.269   0.369 
  5 A  -3.073   1.218  -0.703  -4.079   2.167   0.740  -1.325  -4.395  -0.045  -0.377  -0.045   1.209  -1.898   0.090   2.024  -0.259   1.343  -1.649   2.406   0.051 
  6 A   0.975  -4.339   4.694  -2.463  -3.446  -4.645  -4.552  -3.154  -7.319  -1.028  -4.603  -3.682  -1.774 -10.483  -0.354   4.000   3.177  -7.127 -12.129  -0.369 
  7 A   0.251  -1.935   1.782  -3.402 -10.612   1.298  -1.485  -7.718  -4.323   0.315   2.828  -5.334   2.652  -1.061   2.065   0.711  -2.582  -2.021  -1.249  -1.053 
  8 A  -0.977   0.114  -2.916  -0.493  -4.357   0.070  -1.102   1.037  -1.664  -0.130   1.691  -1.715   1.298  -0.795   3.115  -0.490  -0.483  -3.790  -0.487  -1.267 
  9 A  -0.340  -1.147   1.059   2.896  -5.946  -1.038   0.610  -2.354   0.875  -1.010  -1.274  -1.835  -3.017  -3.460  -3.273   3.103   1.510  -1.702  -1.243  -0.268 
