DRB1_1381

Last position-specific scoring matrix computed       
            A       R       N       D       C       Q       E       G       H       I       L       K       M       F       P       S       T       W       Y       V 
  1 A  -6.219  -6.201  -8.904 -10.259  -6.376  -5.393  -9.169  -8.903  -8.470   4.054   3.348  -8.348   2.892   1.869  -6.736  -9.127  -6.208   1.364   1.007   1.756 
  2 A  -3.507   0.546   2.123  -3.839  -6.290   2.429  -4.567  -2.307   1.066   2.180   0.381   1.672   0.282  -2.985  -6.400   0.163  -1.058  -3.564  -1.712   1.346 
  3 A  -2.344   2.384  -1.062  -8.731  -9.503   1.197  -2.755  -3.900   2.793   0.988   1.408   0.411   2.048  -2.068  -2.005  -0.256  -1.724   1.046   1.418   0.454 
  4 A  -1.279  -3.852   2.105   0.963 -10.600  -1.925  -1.919  -1.739  -1.818   1.027   1.767  -2.523   1.626  -1.649 -11.579   2.793  -0.037  -7.680  -2.461   0.259 
  5 A  -0.905   1.783   1.014  -6.089  -0.042   0.910  -1.093  -2.333   1.021  -0.966  -0.866   1.952  -0.680  -0.973   0.611   0.770   0.748  -3.914   1.799  -0.585 
  6 A  -0.197   2.210   3.746  -4.008  -5.467  -3.174  -4.548  -2.044  -3.055  -2.877  -4.582   1.139  -0.181 -11.080   1.869   3.461   2.428  -7.253  -9.264  -2.679 
  7 A   0.747  -1.391   2.677  -3.604  -9.830   0.612  -5.200  -4.989  -3.287   1.349   1.771  -3.524   2.272  -4.817   0.654   0.395  -2.151  -4.698  -0.786   1.704 
  8 A   1.077   1.945  -2.769  -4.062  -5.103  -0.540  -2.699  -0.787  -1.916  -1.383   2.486  -0.242   1.212  -1.062   1.959  -1.098  -1.080  -6.642   0.660  -1.473 
  9 A  -2.575   0.209  -2.175  -6.581 -10.075  -4.002  -4.705  -5.647  -1.194   2.888   2.373  -4.034   1.120   0.908 -10.156   0.045  -0.768  -3.149   2.193   1.934 
