DRB1_1366

Last position-specific scoring matrix computed       
            A       R       N       D       C       Q       E       G       H       I       L       K       M       F       P       S       T       W       Y       V 
  1 A  -5.035  -3.564  -6.217  -8.563  -5.646  -2.986  -6.595  -7.140  -5.958   3.420   2.747  -5.740   2.009   3.134  -4.531  -6.050  -5.299   2.444   3.384   0.911 
  2 A  -3.286   0.773   1.724  -3.587  -4.343   2.633  -3.409  -2.165   1.955   1.524   0.154   1.882  -0.449  -1.283  -7.317   0.538  -0.010  -2.404  -0.936   0.405 
  3 A  -2.610   2.676  -0.437  -7.027  -5.458   1.718  -2.473  -6.079   3.261   0.424   1.834   1.602   1.004  -2.631  -3.444  -0.991  -1.732  -0.818   0.473  -0.180 
  4 A  -1.211  -3.924   3.211  -0.187 -10.754  -2.273  -3.112  -1.071  -1.284   1.397   1.408  -3.892   1.482  -3.378 -10.110   2.769  -0.462  -8.157  -3.436   0.948 
  5 A   0.021   2.116  -0.136  -6.502  -0.589   0.083  -1.672  -3.432   0.217  -0.411  -2.192   2.827  -0.628  -1.978   1.390   1.081   1.038  -4.264   1.040  -0.524 
  6 A   0.335   2.380   3.917  -6.221  -5.022  -4.022  -4.355  -1.377  -2.912  -2.948  -4.791   0.489   0.321 -10.704   0.049   3.545   2.481  -7.694  -7.625  -1.900 
  7 A  -0.161  -0.568   2.916  -4.046  -9.428  -0.363  -5.128  -5.018  -2.776   1.794   1.591  -3.128   2.217  -3.916  -0.711  -0.393  -1.513  -3.912  -0.795   2.357 
  8 A   1.569   1.855  -2.747  -3.567  -6.002  -1.117  -2.455  -0.690  -2.518  -1.503   2.128   0.564   0.365  -0.444   1.394  -0.419  -0.363  -5.675   0.711  -2.094 
  9 A  -2.107  -4.147  -1.537  -5.906  -9.440  -4.118  -3.471  -7.046  -1.938   3.385   2.199  -4.849   0.690   0.218  -9.126   0.617  -0.289  -3.531   2.132   2.250 
