DRB1_0422

Last position-specific scoring matrix computed       
            A       R       N       D       C       Q       E       G       H       I       L       K       M       F       P       S       T       W       Y       V 
  1 A  -8.382  -6.832  -9.840 -10.913  -8.610 -10.369 -10.310 -10.316  -7.404   2.370   3.237  -9.440   2.168   4.761 -10.377  -7.663  -7.746   2.216   2.453   1.198 
  2 A  -4.104   0.395   0.729  -4.591  -3.292   1.762  -4.322  -2.380   0.754   1.165   2.065   1.356   1.723  -1.536  -8.545  -0.186  -0.956  -4.821  -1.482   1.456 
  3 A  -0.275   1.154  -1.202  -4.437  -4.502   0.411  -0.579  -0.578   0.723  -0.480   0.268  -2.357   2.330  -0.990  -2.202   2.061   0.936   1.627   2.048  -0.717 
  4 A  -0.166  -6.934  -2.642   5.574 -11.460  -2.551   0.822  -4.252  -5.545  -2.610  -1.010  -3.132   0.228  -4.363  -7.331   3.198   1.136  -9.033  -7.677  -3.859 
  5 A  -4.013   0.628   0.471  -1.356   1.670   0.239  -0.069  -3.807   0.084  -0.282   0.193  -0.593  -0.409   1.044   1.111  -0.265   0.634   0.552   2.012   0.687 
  6 A   0.501  -2.703   3.115  -0.895  -3.061  -3.088  -3.051  -1.808  -4.655  -2.828  -2.722  -2.232  -3.769 -10.687   2.825   3.158   3.365  -6.138  -9.257   0.798 
  7 A   0.010  -3.955   2.444  -1.635  -9.659  -0.688  -0.875  -6.490  -4.443  -0.492   3.028  -5.310   2.575  -2.905   1.313   1.409  -0.962  -7.665  -1.313  -0.744 
  8 A  -0.049   0.735  -2.211  -0.742  -4.259   1.485  -1.075  -1.200  -1.457  -1.937   1.797   0.235   2.586  -1.369   2.790  -0.137   0.022  -4.530  -2.263  -2.137 
  9 A   0.095   4.156  -0.317  -1.472  -6.170  -0.406  -2.142  -1.609   1.231  -2.544  -2.484  -0.796  -0.698  -0.972  -2.744   2.753   0.746  -0.754   1.588  -2.663 
