DRB1_0442

Last position-specific scoring matrix computed       
            A       R       N       D       C       Q       E       G       H       I       L       K       M       F       P       S       T       W       Y       V 
  1 A  -7.981  -5.580  -8.264 -10.712  -7.987  -6.867 -10.505  -9.265  -7.387   3.552   3.033  -8.263   1.918   3.740  -8.516  -8.131  -7.949   2.493   2.223   1.537 
  2 A  -1.856   1.313  -0.067  -3.514  -2.300   1.516  -2.835  -2.887   2.272   0.740   0.533   1.569   1.902  -2.069  -4.881   0.614  -0.054  -5.930   0.101   1.053 
  3 A   0.187   1.288  -1.941  -7.362  -5.430   0.958  -3.588  -1.095   1.152   0.262   1.639  -1.675   1.539  -0.497  -2.259   0.754   0.641   1.000   2.262  -1.173 
  4 A  -2.296 -10.667  -5.846  -3.115  -8.015  -4.617  -3.841  -3.761  -7.285   2.044   3.959  -7.026   4.254   1.062 -11.758   0.641  -1.771  -4.193  -4.324   0.111 
  5 A  -2.338   1.549  -0.723  -4.066   1.866   0.861  -1.460  -2.588  -0.633  -0.525  -0.095   1.081  -0.398  -0.907   1.656   0.058   0.881  -0.721   2.158   0.455 
  6 A   1.282  -3.742   4.978  -3.235  -5.154  -5.977  -5.868  -2.133  -6.873  -2.038  -4.388  -4.723  -1.608 -11.321  -1.304   4.024   3.534  -8.503 -12.068  -2.062 
  7 A  -0.137  -2.009   2.130  -4.227  -9.534   0.011  -1.928  -7.822  -4.475   0.783   3.261  -5.762   2.065  -1.768   1.445   0.619  -2.607  -2.590  -0.635  -0.717 
  8 A   0.537   1.180  -1.801  -1.750  -3.950  -0.055  -1.555   0.726  -0.894  -1.135   1.189  -0.410   0.941  -1.176   2.690   0.310   0.240  -4.419  -1.056  -1.805 
  9 A   0.528   0.545   1.364  -0.329  -5.531  -0.600  -1.673  -0.737   1.495  -1.536  -1.094  -0.450  -1.294  -3.363  -3.244   3.295   1.886  -1.841  -0.706  -0.749 
