DRB1_0469

Last position-specific scoring matrix computed       
            A       R       N       D       C       Q       E       G       H       I       L       K       M       F       P       S       T       W       Y       V 
  1 A -10.861  -9.690 -12.021 -12.835  -9.743 -10.744 -12.548 -12.674  -8.539   1.757   0.940 -12.504  -0.173   6.333 -11.044 -12.668 -12.024   4.351   5.007  -1.769 
  2 A  -2.929   1.596   1.923  -5.430  -2.826   2.738  -2.750  -2.321   2.484  -0.654  -0.454   2.017   0.237  -4.735  -8.061   2.241   0.390  -4.848  -2.513   0.336 
  3 A  -1.732   1.322  -1.626  -5.964  -5.547   2.073  -1.769  -2.269   2.102  -1.321   1.948  -1.171   1.737  -0.822  -2.958   1.529  -1.151   2.915   2.264  -1.302 
  4 A  -0.238  -5.780  -3.079   1.710 -10.408   0.265  -0.477  -2.889  -6.524   1.398   1.909  -4.537   2.025  -0.731  -6.456   2.168   1.080  -5.116  -3.820   0.507 
  5 A  -1.672   0.403  -0.657  -5.219   1.906   0.108  -0.815  -6.373   0.619   0.559  -0.260   0.924  -2.054   0.101   2.543   1.214   1.043  -2.044   1.459  -0.479 
  6 A   1.195  -4.638   2.970  -3.499  -2.415  -4.426  -3.187  -2.038  -4.871  -1.150  -4.158  -3.715  -1.438 -11.752   2.534   3.820   3.024  -7.875 -11.207   0.967 
  7 A   0.458  -0.603   3.341  -1.707 -11.306   0.926  -0.601  -7.728  -2.745  -0.036   1.753  -5.669   2.172  -2.278   1.192   1.490  -2.319  -3.155  -0.771  -0.870 
  8 A  -1.525   0.022  -4.661  -0.462  -6.458   1.083  -1.012  -0.333  -3.449  -0.660   2.291  -0.755   2.092  -0.887   3.196   0.320  -0.413  -4.314  -0.272  -3.315 
  9 A   0.039  -3.364   1.000   2.637  -5.759  -0.739   0.600  -2.588  -0.019   0.370  -0.245  -3.980  -2.662  -2.607  -2.177   2.864   0.411  -1.487  -0.918   0.421 
