DRB1_1312

Last position-specific scoring matrix computed       
            A       R       N       D       C       Q       E       G       H       I       L       K       M       F       P       S       T       W       Y       V 
  1 A  -6.858  -4.560  -7.113  -8.610  -5.496  -4.217  -6.650  -8.432  -6.020   3.414   1.977  -6.217   1.135   4.576  -5.807  -6.656  -7.243   3.717   3.909   0.028 
  2 A  -3.455   1.290   1.848  -4.067  -3.683   2.337  -3.217  -2.921   2.260   0.740  -0.253   2.450   0.908  -2.559  -8.182   1.390  -0.290  -3.061  -1.190   0.217 
  3 A  -2.401   2.778  -0.472  -8.161  -5.125   1.288  -3.129  -4.772   3.186  -0.184   2.020   1.064   0.411  -2.496  -4.268   0.364  -1.718   0.978   0.855  -0.407 
  4 A  -1.202  -3.342   1.292  -2.335  -9.445  -1.681  -2.708  -2.213  -3.410   1.568   2.477  -3.904   2.148  -2.966 -11.008   2.449   0.321  -7.900  -3.367   1.434 
  5 A  -0.245   2.539  -1.318  -8.182  -0.349   0.477  -2.307  -4.340   0.162  -0.441  -1.519   2.901  -1.486  -1.530   1.725   0.852   1.058  -4.210   1.115  -0.796 
  6 A   0.845   2.214   3.537  -6.739  -4.486  -3.821  -4.370  -1.801  -1.691  -2.185  -4.377   1.072   0.395 -10.131   0.062   3.588   1.905  -6.828  -7.561  -1.566 
  7 A   0.261   0.932   2.598  -4.909 -11.235   1.362  -4.654  -5.420  -2.010   1.143   1.723  -2.963   2.473  -2.863   0.650  -0.036  -2.580  -2.936  -0.267   0.867 
  8 A   0.512   2.182  -3.687  -3.671  -6.048   0.014  -1.674  -0.875  -2.087  -1.200   2.243   0.407   0.811  -0.477   0.928  -0.349  -0.052  -5.383   1.377  -2.517 
  9 A  -1.680  -3.696  -0.424  -2.953  -8.337  -3.232  -2.369  -3.953  -1.356   3.051   1.528  -4.532   0.146   0.168  -7.022   1.540   0.284  -2.330   1.411   2.035 
