DRB1_1371

Last position-specific scoring matrix computed       
            A       R       N       D       C       Q       E       G       H       I       L       K       M       F       P       S       T       W       Y       V 
  1 A  -6.274  -7.421 -10.315 -12.077  -8.206  -6.311 -11.064 -11.294 -12.053   3.929   3.923 -10.050   3.039  -0.328  -9.001  -9.822  -7.598  -0.007  -0.823   2.380 
  2 A  -3.760   0.924   1.548  -2.912  -6.381   2.425  -4.484  -1.484   0.438   2.225   0.048   2.273  -1.567  -1.749  -4.177  -0.043  -0.316  -3.076  -2.093   0.845 
  3 A  -2.437   2.335  -0.179  -6.915  -8.475   1.723  -2.274  -5.024   1.867   1.216   1.366   0.928   2.482  -2.998  -1.378  -1.908  -1.336   0.006   0.943   0.682 
  4 A  -1.512  -4.337   3.547   1.206  -9.453  -0.884  -2.413  -1.168  -0.233   0.451   1.861  -2.186   1.557  -3.491 -10.941   2.398  -2.273  -9.180  -3.340  -0.196 
  5 A  -0.571   1.867   1.413  -4.733  -0.188   1.075  -1.360  -1.079   0.993  -0.303  -0.999   1.704   0.759  -1.863  -0.148   0.647   0.204  -4.360   0.815  -0.544 
  6 A  -0.843   3.457   2.652  -3.497  -7.407  -2.066  -3.836  -1.058  -2.050  -2.590  -3.307   1.900   1.189  -9.970   2.402   2.223   1.736  -6.704  -7.100  -2.947 
  7 A   0.917  -2.507   2.762  -2.333  -9.090   0.251  -4.362  -4.974  -3.185   1.277   2.042  -3.259   1.629  -6.937  -0.681   0.258  -1.330  -7.758  -2.284   2.058 
  8 A   1.522   2.315  -2.208  -4.156  -4.752  -0.303  -2.959  -1.541  -1.426  -1.930   2.321   0.849   1.334  -1.261   1.372  -0.974  -1.794  -7.769  -0.037  -1.489 
  9 A  -1.590   0.716  -2.799  -9.040  -7.935  -3.228  -5.512  -5.873  -0.912   2.391   2.657  -3.941   1.940   0.828 -10.586   0.188  -0.863  -3.926   2.567   1.191 
