DRB1_1327

Last position-specific scoring matrix computed       
            A       R       N       D       C       Q       E       G       H       I       L       K       M       F       P       S       T       W       Y       V 
  1 A  -4.752  -5.341  -9.797 -10.953  -6.291  -4.053  -9.848  -9.287  -9.640   3.847   3.724  -9.001   3.333  -1.170  -7.574  -9.102  -5.696  -0.465  -0.935   2.611 
  2 A  -3.025   0.666   1.460  -3.172  -6.176   2.538  -4.393  -1.298  -0.182   2.502  -0.218   1.951  -1.666  -1.635  -3.676  -0.272  -0.028  -2.546  -2.598   1.119 
  3 A  -2.221   1.974  -0.331  -6.482  -8.544   2.085  -2.401  -5.519   2.032   1.688   1.184   0.943   2.433  -3.316  -0.580  -2.380  -1.838  -0.859   0.828   0.841 
  4 A  -1.238  -3.826   3.708   0.926  -9.947  -0.820  -2.532  -0.778   0.193   0.839   1.204  -2.516   0.550  -3.130  -9.706   2.573  -1.776  -9.147  -2.188  -0.013 
  5 A  -0.107   1.038   1.724  -4.435  -0.150   0.874  -1.057  -1.135   0.771  -0.336  -1.461   1.685   0.870  -1.629  -0.653   1.054   0.355  -4.541   1.009  -0.293 
  6 A  -0.335   2.452   3.032  -2.935  -6.406  -1.796  -3.428  -0.552  -2.801  -2.265  -3.126   0.874   1.146 -10.109   2.232   2.784   2.148  -5.245  -6.407  -2.859 
  7 A   0.753  -3.044   2.699  -1.809  -8.287  -0.359  -5.071  -4.181  -2.841   1.700   1.378  -2.763   0.886  -6.141  -0.499   0.110  -1.100  -6.109  -2.371   2.730 
  8 A   1.302   1.934  -2.092  -4.227  -4.263  -0.805  -3.026  -1.149  -1.698  -1.244   2.493   0.571   0.765  -0.924   1.600  -1.124  -1.893  -7.822   0.015  -1.036 
  9 A  -2.775  -1.248  -4.386 -11.635  -9.620  -4.356  -6.266  -8.141  -2.223   3.153   3.231  -5.716   2.022   0.605 -11.313  -1.619  -1.800  -4.834   2.132   1.951 
