DRB1_1471

Last position-specific scoring matrix computed       
            A       R       N       D       C       Q       E       G       H       I       L       K       M       F       P       S       T       W       Y       V 
  1 A  -7.038  -6.855 -11.110 -11.888  -5.864  -6.733 -10.563  -9.381  -6.943   3.427   1.969 -10.510   1.825   4.766  -7.390  -9.652  -7.301   3.937   2.919   1.262 
  2 A  -2.678   1.676   2.350  -5.914  -5.152   2.255  -4.887  -1.438   0.499   1.614  -1.108   1.793  -0.020  -6.407  -6.386   1.622  -0.206  -2.454  -5.261   1.390 
  3 A  -2.358   1.366  -1.051  -6.437  -6.095   1.457  -2.875  -1.697   3.008  -0.460   1.033  -0.733   1.979  -1.460  -1.158   0.928  -2.980   4.720   2.045   0.096 
  4 A   0.507  -1.785   0.046   1.857 -10.247   0.633   0.043  -2.189  -1.988   0.203   0.562  -1.949   0.687  -1.269  -6.972   2.870   0.563  -9.792  -2.667  -0.032 
  5 A  -0.921   0.638   0.593  -5.235   0.819   0.496  -0.293  -4.845   2.188  -0.283   0.698   1.158  -2.262  -0.441   1.052   1.412   0.386  -5.731   1.180  -1.588 
  6 A   0.838   1.443   0.373  -2.243  -3.484  -1.966  -2.729  -3.027  -2.378  -2.174  -4.290   1.294   0.005 -11.659   5.297   2.614  -0.181  -7.187 -10.366  -1.102 
  7 A   2.088   0.394   2.549  -2.015 -12.091   2.230  -2.083  -3.659  -2.291  -0.199   0.733  -4.526   1.887  -3.492   1.323   1.405  -2.559  -5.188  -1.167  -0.817 
  8 A  -1.846   0.447  -4.350  -1.506  -6.731   1.889  -1.541  -1.066  -4.093  -1.332   3.294  -1.657   2.763  -1.643   2.425  -0.945  -1.925  -5.378   0.188  -2.545 
  9 A  -1.171  -0.685  -2.282  -2.277 -10.794  -2.575  -3.477  -3.042  -2.191   2.470   2.520  -6.434  -0.423  -0.344  -7.258   0.984  -2.152  -2.641   0.027   2.673 
