DRB1_1424

Last position-specific scoring matrix computed       
            A       R       N       D       C       Q       E       G       H       I       L       K       M       F       P       S       T       W       Y       V 
  1 A  -6.439  -4.608  -6.357  -8.552  -6.163  -3.946  -6.482  -8.472  -6.888   2.311   2.860  -7.587   2.183   4.036  -7.589  -7.034  -7.161   4.055   4.264   0.219 
  2 A  -2.217   2.075   1.399  -4.566  -3.197   3.185  -2.837  -2.391   2.230  -0.063  -0.496   2.484  -1.254  -2.160  -7.293   0.329  -0.615  -2.679  -0.524   0.591 
  3 A  -1.569   2.848  -0.279  -6.399  -5.707   2.120  -1.948  -4.964   3.054   0.700   1.345   0.540   2.396  -2.319  -2.195  -0.936  -1.312  -1.566   1.009  -1.509 
  4 A  -1.388  -2.965   2.116   0.941  -9.379   1.109  -0.952  -0.861  -1.457   1.528   1.360  -1.966   2.184  -3.270  -6.357   1.210  -0.403  -4.021  -2.444   0.358 
  5 A  -0.196   1.484   0.250  -5.417  -0.003   0.585  -1.143  -3.321   0.167  -0.891  -1.086   1.652  -0.373  -0.212   0.805   1.722   0.804  -1.967   1.589  -0.483 
  6 A   0.675  -2.917   4.299  -6.392  -7.149  -6.555  -6.587   0.489  -4.588  -4.397  -4.355  -3.983  -1.976 -12.711   0.937   4.482   3.301  -8.540 -10.976  -2.703 
  7 A  -0.551  -0.870   3.661  -2.582 -10.008  -1.670  -2.848  -5.555  -2.541   1.078   1.491  -3.438   1.518  -3.145  -0.282   0.765  -2.210  -3.780   0.513   1.902 
  8 A   1.045   3.075  -4.156  -4.796  -5.005  -1.068  -2.669  -2.791  -2.580  -2.037   2.169   1.268  -0.025  -0.810   1.625   0.204  -0.234  -7.866  -0.118  -2.406 
  9 A   0.012  -0.427  -0.415  -7.041  -6.642  -3.183  -4.354  -2.933  -1.066   2.300   1.954  -2.523   1.652  -0.028  -4.248   0.807   0.236  -2.736   0.825   1.399 
