DRB1_0319

Last position-specific scoring matrix computed       
            A       R       N       D       C       Q       E       G       H       I       L       K       M       F       P       S       T       W       Y       V 
  1 A  -4.661  -4.768  -9.116  -9.565  -4.081  -6.124  -8.370  -8.306  -7.304   2.938   3.767  -7.937   2.687   1.752  -5.045  -5.127  -4.442   0.027  -0.051   2.494 
  2 A  -4.187  -0.502   1.140  -1.959  -4.816   1.154  -5.058  -0.798  -0.854   2.295   2.291   0.390  -0.016  -0.307  -6.386  -1.029  -0.987  -2.683  -2.104   0.921 
  3 A  -0.958   1.446  -0.624  -4.326  -3.654   0.004  -0.386  -1.766   0.235   0.467   0.507  -0.114   1.754  -1.758  -2.310   1.247   0.460   1.652   1.039   0.816 
  4 A  -2.428  -4.775   1.065   6.369  -8.936  -5.348  -0.174  -4.481  -0.956  -7.105  -4.348  -2.772  -4.473  -6.525  -8.761   3.805  -1.953 -11.164  -7.803  -6.768 
  5 A  -2.840   1.556   0.801  -1.348  -1.042   0.790   0.481  -1.671   0.744  -0.643   0.229   0.641   0.433   0.192   0.087   0.030  -0.018  -2.231   1.309  -0.091 
  6 A  -1.032   3.723  -0.331  -0.926  -2.862   0.190  -1.328  -2.491  -0.887  -2.264  -1.739   2.551  -0.541  -5.165   2.322   0.702   0.276  -3.375  -3.102  -0.344 
  7 A   0.596  -1.995   0.567  -0.650  -7.347   0.737  -2.283  -2.767  -2.110   0.291   2.221  -2.081   2.362  -3.838   0.719   0.992   0.023  -6.475  -1.816   0.517 
  8 A   0.385   1.335  -0.708  -1.888  -2.640   0.966  -0.816  -1.635  -1.267  -1.140   1.707   0.179   2.771  -1.056   0.505  -0.553  -1.138  -3.950  -0.590  -0.080 
  9 A  -1.457   4.314  -2.326  -5.906  -7.383  -1.891  -3.534  -5.294  -0.209  -0.527   0.823  -1.306   0.165   1.249  -7.724   0.718  -0.773  -2.059   3.596  -0.191 
