DRB1_1334

Last position-specific scoring matrix computed       
            A       R       N       D       C       Q       E       G       H       I       L       K       M       F       P       S       T       W       Y       V 
  1 A  -3.353  -3.256  -4.668  -7.947  -4.510  -1.875  -5.032  -6.453  -6.255   3.331   3.138  -4.917   2.897   0.888  -4.992  -5.509  -4.196   1.645   2.013   1.829 
  2 A  -2.127   1.213   1.377  -3.566  -4.133   3.084  -2.682  -2.119   0.704   1.561  -0.674   2.188  -1.662  -1.804  -4.249   0.207   0.309  -2.822  -2.316   0.845 
  3 A  -2.054   1.732   0.726  -4.455  -6.015   2.626  -1.871  -6.600   3.067   1.201   0.997   1.283   2.209  -3.305  -0.840  -2.420  -1.533  -2.328   0.480  -0.066 
  4 A  -0.956  -3.330   3.866  -1.401  -7.537   0.229  -2.607  -0.310  -0.304   1.794   0.915  -3.279   1.028  -4.523  -6.888   1.434  -0.772  -7.781  -2.510   0.843 
  5 A   1.007   0.261   1.533  -4.721  -0.553  -0.006  -1.915  -1.668   0.051  -0.094  -1.991   1.743   0.479  -1.005  -0.236   1.623   0.557  -3.950   1.073  -0.164 
  6 A   0.279  -0.227   4.111  -4.223  -6.149  -3.539  -4.314   0.164  -3.693  -3.025  -3.970  -1.472   0.255 -10.389   1.198   3.735   3.092  -7.417  -7.701  -2.685 
  7 A  -0.088  -3.110   3.200  -2.361  -7.541  -1.863  -5.080  -4.490  -2.159   2.051   0.734  -2.318   0.177  -4.244  -1.537   0.041  -0.862  -4.440  -1.414   3.223 
  8 A   1.620   1.599  -2.560  -4.648  -4.861  -1.441  -2.741  -1.485  -2.418  -0.884   2.374   0.820  -0.230  -0.519   1.612  -0.549  -0.787  -7.531   0.051  -1.317 
  9 A  -2.992  -6.018  -4.504 -10.699  -9.195  -5.723  -5.670  -7.715  -3.697   3.986   2.957  -8.117   2.453   0.429  -9.754  -2.802  -1.459  -4.498   1.082   2.350 
