DRB1_1208

Last position-specific scoring matrix computed       
            A       R       N       D       C       Q       E       G       H       I       L       K       M       F       P       S       T       W       Y       V 
  1 A  -4.282  -4.658  -7.560  -8.654  -3.484  -4.006  -7.332  -7.386  -5.895   3.286   2.622  -7.415   2.092   3.377  -5.086  -6.859  -4.438   2.583   2.437   1.936 
  2 A  -2.713   0.425   2.153  -3.832  -4.004   1.962  -4.301  -2.447   0.669   2.619  -0.452   1.341   1.389  -3.879  -8.628   0.213  -0.316  -0.197  -2.594   1.417 
  3 A  -1.594   1.244  -1.681  -7.372  -6.223   1.656  -3.159  -2.563   3.519   0.626   1.608   0.452   1.607  -2.643  -0.808   0.154  -2.372   1.519   0.908   0.364 
  4 A   0.451  -0.895   1.300  -2.695 -10.322  -1.065  -0.916  -1.707   0.424   0.784   0.348  -2.037   0.428  -1.071  -7.555   3.070   0.785  -6.099  -1.546   0.985 
  5 A   0.528   0.758   0.563  -6.421  -0.721   0.003  -0.991  -3.157   0.913  -1.487  -0.080   2.367  -1.844  -1.702   0.572   1.863   0.497  -6.373   1.209  -0.770 
  6 A   1.792   1.442   1.830  -3.691  -4.642  -1.552  -2.900  -1.450  -2.017  -3.370  -5.911  -0.466  -1.111 -11.508   3.827   3.832   1.066  -5.112  -7.685  -2.291 
  7 A   1.038   0.890   1.489  -3.239  -8.781   0.867  -4.764  -1.598  -0.759   0.669   0.780  -1.585   2.213  -2.556   0.309   0.857  -1.819  -2.217  -0.703   1.174 
  8 A   0.014   1.331  -2.813  -3.053  -4.253  -0.327  -1.886  -0.300  -2.363  -0.902   2.766  -0.744   1.125  -0.147   1.409  -0.834  -0.999  -5.156   0.533  -1.222 
  9 A  -6.047  -3.476  -8.081  -9.692 -10.759  -6.985  -8.519  -9.172  -6.571   3.560   3.858  -9.690   0.525  -0.529 -12.178  -5.817  -4.963  -6.304  -0.613   3.339 
