DRB1_0455

Last position-specific scoring matrix computed       
            A       R       N       D       C       Q       E       G       H       I       L       K       M       F       P       S       T       W       Y       V 
  1 A  -9.554  -6.634  -8.591  -9.768  -9.598  -9.411 -10.738  -9.621  -8.182   2.990   2.225 -10.319   2.484   4.838  -9.356  -9.044  -8.784   3.309   2.887   1.623 
  2 A  -2.611   1.294   0.221  -5.823  -2.872   1.802  -3.937  -3.026   1.166   0.923   0.632   1.976   2.172  -4.301  -6.282   0.294  -0.501  -5.504  -1.492   2.163 
  3 A   0.046   1.742  -1.343  -6.837  -5.790   1.069  -3.525  -0.193   1.454  -0.122   0.287  -2.976   2.505  -1.290  -2.073   1.382   0.923   1.840   2.228  -0.781 
  4 A   0.194  -6.427  -4.972   0.503  -8.355  -1.396  -1.260  -3.185  -7.156   1.598   2.856  -3.647   3.575  -0.049  -7.373   1.067   0.705  -4.050  -3.425  -0.482 
  5 A  -3.739   0.750   0.133  -3.364   2.464   0.222  -1.148  -3.766   0.239  -0.482   0.289   0.175  -1.319   0.750   1.477  -0.046   0.893  -0.327   2.663   0.272 
  6 A   1.109  -5.006   4.374  -2.386  -5.408  -5.673  -5.905  -1.846  -9.008  -3.210  -3.948  -3.614  -4.092 -12.655   2.628   3.862   3.297  -8.249 -12.311  -0.998 
  7 A   1.293  -2.960   2.584  -3.907 -11.162  -1.093  -1.442  -8.601  -5.566   0.189   2.560  -5.474   1.649  -2.430   3.388   0.873  -2.843  -4.826  -1.099  -1.435 
  8 A  -0.562   0.833  -3.514  -1.528  -5.124   1.129  -1.785  -0.947  -1.272  -1.652   2.200  -0.704   1.691  -1.155   3.572  -0.112   0.354  -5.414  -1.879  -2.302 
  9 A   0.987   1.895   0.584  -1.663  -5.787  -0.639  -2.732   1.477   0.437  -2.249  -2.386  -0.963  -0.614  -3.841  -1.692   3.396   1.491  -2.133  -1.130  -2.025 
