DRB1_1445

Last position-specific scoring matrix computed       
            A       R       N       D       C       Q       E       G       H       I       L       K       M       F       P       S       T       W       Y       V 
  1 A  -7.800  -7.066 -11.764 -13.608  -9.976  -7.474 -12.136 -11.436 -10.228   4.339   3.574 -10.864   3.039   1.003 -10.120 -11.942  -9.554   1.664  -0.391   1.897 
  2 A  -3.162   2.004   2.039  -3.573  -7.630   2.877  -3.993  -1.022   0.924   1.283  -1.359   2.359  -0.499  -5.668  -3.314   1.211  -1.128  -5.939  -4.221   0.893 
  3 A  -2.222   1.999  -1.253  -9.571  -7.557   1.574  -3.776  -3.604   2.088   0.910   1.383  -0.483   2.591  -1.489  -0.958  -0.851  -1.719   2.952   2.210   0.461 
  4 A  -1.040  -4.484   0.404  -0.367 -10.322   0.095  -2.312  -1.812  -1.991   1.308   2.937  -1.990   2.427  -1.223 -10.960   1.919  -2.226 -10.829  -2.584   0.190 
  5 A  -0.785   1.704   0.774  -5.495   0.431   1.416  -1.181  -2.276   1.702  -0.173   0.167   1.043  -0.253  -1.698   0.317   0.716   0.465  -3.785   1.137  -0.909 
  6 A   0.241   2.365   2.026  -2.032  -5.597  -2.778  -4.300  -2.485  -2.252  -1.797  -3.271   1.359   0.973 -11.747   3.942   2.718   1.476 -13.012  -9.851  -2.601 
  7 A   1.640  -1.493   2.956  -2.401 -10.984   1.787  -4.221  -5.025  -3.777   0.981   1.912  -4.135   1.515  -6.525   0.492   1.294  -2.736  -7.505  -2.259   0.035 
  8 A   0.262   2.427  -2.463  -3.967  -5.403   1.581  -2.472  -1.147  -1.972  -2.566   2.520   0.156   2.148  -2.620   2.213  -0.879  -2.262  -6.904   0.321  -2.288 
  9 A  -0.363   1.894  -1.366  -6.379  -9.179  -2.103  -5.530  -1.988   0.224   1.335   2.049  -2.700   0.754   0.003  -8.269   1.528  -0.621  -2.674   0.756   1.220 
