DRB1_1329

Last position-specific scoring matrix computed       
            A       R       N       D       C       Q       E       G       H       I       L       K       M       F       P       S       T       W       Y       V 
  1 A  -4.363  -4.128  -6.172  -9.702  -5.444  -2.912  -6.693  -7.875  -6.636   3.357   3.210  -6.459   2.780   1.933  -5.968  -6.956  -5.346   1.862   2.826   1.546 
  2 A  -2.707   1.520   1.501  -3.773  -4.223   2.977  -2.538  -2.375   1.561   0.997  -0.647   2.471  -1.750  -1.816  -4.952   0.532   0.298  -2.854  -1.710   0.502 
  3 A  -2.215   2.172   0.719  -5.459  -5.995   2.503  -2.029  -6.402   3.069   0.795   1.141   1.432   2.086  -3.023  -1.569  -2.330  -1.369  -1.845   0.512  -0.101 
  4 A  -0.944  -3.688   3.753  -1.626  -8.576   0.314  -2.894  -0.493  -0.865   1.661   1.588  -3.251   1.673  -4.969  -8.553   1.161  -1.092  -7.944  -3.779   0.893 
  5 A   0.760   1.067   1.266  -5.518  -0.625   0.215  -1.957  -2.134   0.246  -0.051  -1.936   1.920   0.628  -1.490   0.677   1.275   0.563  -3.522   1.008  -0.366 
  6 A   0.317   0.989   4.039  -5.270  -6.387  -4.024  -4.807   0.166  -3.599  -3.239  -4.236  -0.591   0.196 -10.310   1.176   3.498   2.996  -7.852  -8.315  -2.710 
  7 A   0.134  -2.642   3.435  -3.189  -7.465  -1.353  -4.856  -4.756  -2.087   1.979   1.307  -2.977   0.735  -4.624  -1.680  -0.103  -1.157  -5.232  -1.154   2.732 
  8 A   1.874   1.918  -2.765  -4.327  -5.107  -0.981  -3.194  -1.601  -2.449  -1.492   2.277   0.933   0.009  -0.745   1.579  -0.394  -0.671  -7.218   0.180  -2.096 
  9 A  -1.565  -4.434  -2.533  -9.618  -8.722  -3.803  -4.929  -5.641  -2.521   3.516   2.446  -5.988   2.444   0.427  -8.725  -0.431  -0.251  -3.051   1.497   2.010 
