DRB1_0115

Last position-specific scoring matrix computed       
            A       R       N       D       C       Q       E       G       H       I       L       K       M       F       P       S       T       W       Y       V 
  1 A  -7.911  -7.802  -9.234 -12.347  -6.215  -8.016 -10.637  -9.305  -8.455   1.512   2.092 -11.443   1.960   5.139 -12.177  -9.506  -7.800   4.226   5.083   0.306 
  2 A  -0.092   1.802   0.943  -3.187  -0.559   2.086  -0.500  -3.080   0.985  -0.755   0.174   0.966   0.315  -0.943  -5.387  -0.013  -0.305  -1.254   0.510   0.828 
  3 A   1.189   1.978  -0.483  -5.029  -3.677   2.180  -2.627  -0.765   1.891  -0.214   0.154   0.166   1.708  -1.865  -0.308   0.696  -0.483   0.085   0.401  -2.580 
  4 A  -0.990  -4.000  -0.526  -5.014  -5.016   0.808  -1.481  -2.181  -0.564   1.947   2.784  -3.978   4.722  -1.707  -3.619  -0.394  -1.735  -3.926  -2.828   0.374 
  5 A   1.856   1.586  -1.674  -4.058  -2.507  -0.170  -0.811   0.077  -1.174  -2.091   0.089   0.584  -0.635  -1.654   1.553   1.896  -0.316  -2.807   0.014  -1.603 
  6 A   3.299  -7.318   2.000  -4.731  -9.405  -4.724  -5.442   2.602  -2.658  -6.310  -4.754  -8.198  -4.531  -9.735   2.829   4.310  -0.282 -10.763  -4.678  -6.701 
  7 A   0.265   0.426   0.781  -3.296  -6.102   0.178  -0.682  -2.100   0.620  -0.433   0.016  -1.340   0.915  -0.854   0.470   1.582   0.103   0.385   1.770   0.835 
  8 A   1.332   2.215  -1.783  -4.171  -1.004  -1.001  -2.736  -1.408  -2.009  -1.001   1.865  -0.298   0.558  -0.690   0.889   0.944  -0.683  -4.837  -0.273  -0.980 
  9 A   0.884  -3.279  -3.096  -9.942  -5.797  -5.337  -8.565  -2.754  -6.837   1.854   2.856  -5.798   1.897  -2.587  -7.274   0.352   1.244  -9.574  -4.312   2.889 
