DRB1_1119

Last position-specific scoring matrix computed       
            A       R       N       D       C       Q       E       G       H       I       L       K       M       F       P       S       T       W       Y       V 
  1 A  -6.026  -4.271  -7.182  -9.757  -6.191  -4.525  -7.922  -8.084  -6.698   3.537   2.851  -6.327   1.915   3.157  -6.615  -6.490  -6.024   2.405   3.540   1.038 
  2 A  -3.338   1.526   1.002  -3.416  -3.332   2.348  -2.985  -3.180   2.411   0.741  -0.589   2.723  -0.584  -1.288  -6.379   1.072   0.291  -2.373  -0.325   0.044 
  3 A  -1.808   2.881  -0.242  -7.827  -4.547   1.196  -3.292  -5.367   2.837   0.516   1.644   1.544   0.855  -2.265  -3.594  -1.002  -0.737  -1.177   0.349   0.011 
  4 A  -1.305  -4.228   2.252  -4.754  -8.769  -1.671  -4.600  -1.315  -2.255   1.679   2.992  -3.639   2.880  -3.273 -10.514   1.545  -2.308  -7.330  -4.670   1.269 
  5 A   0.216   2.803  -0.662  -8.110  -1.068   0.447  -2.870  -2.185  -0.190  -0.526  -1.302   2.674   0.373  -2.400   1.356   0.570   0.469  -4.096   0.562  -0.621 
  6 A   0.506   2.881   3.671  -7.732  -5.154  -4.804  -4.982  -0.352  -1.284  -2.798  -3.473   0.794   0.512  -8.877   0.050   3.184   1.933  -6.750  -7.674  -3.046 
  7 A  -0.233  -0.114   2.398  -5.338  -8.689  -0.123  -6.293  -5.285  -2.108   1.757   2.521  -2.917   2.035  -3.488  -1.142  -0.667  -1.625  -3.715  -0.606   1.613 
  8 A   1.924   2.519  -2.860  -5.080  -5.101  -0.462  -2.438  -1.247  -1.856  -2.201   1.747   1.170   0.035  -0.850   0.741  -0.011  -0.068  -5.802   0.499  -2.564 
  9 A  -0.743  -1.741  -0.489  -6.705  -8.889  -2.351  -3.449  -2.888  -0.514   2.478   1.415  -2.390   1.038  -0.062  -6.347   1.870   0.678  -2.224   1.389   1.544 
