DRB1_1212

Last position-specific scoring matrix computed       
            A       R       N       D       C       Q       E       G       H       I       L       K       M       F       P       S       T       W       Y       V 
  1 A  -5.717  -5.813  -9.876  -9.527  -3.998  -5.427  -9.947  -8.805  -7.775   3.362   2.460  -9.032   2.217   3.952  -6.140  -8.789  -5.527   2.671   2.813   1.815 
  2 A  -2.419   0.565   2.339  -4.136  -4.439   2.086  -4.017  -2.188   0.958   2.451  -0.576   1.526   0.706  -4.275  -8.594   0.461  -0.237  -1.084  -3.119   1.291 
  3 A  -1.702   1.092  -1.104  -6.832  -5.810   1.997  -2.830  -2.115   3.500   0.212   1.584  -0.023   1.872  -2.492  -0.902  -0.146  -1.878   2.385   1.008   0.212 
  4 A   0.938  -1.236   1.170  -3.002  -9.772  -0.568  -0.872  -2.084   0.003   0.715   1.162  -2.865   1.556  -1.495  -6.952   2.682   0.294  -7.858  -2.550   0.920 
  5 A   0.502   0.749   0.952  -5.804  -0.630   0.194  -1.015  -2.602   0.836  -1.138   0.385   1.941  -1.705  -2.118   1.016   1.714   0.215  -6.106   0.816  -1.162 
  6 A   1.759   1.801   1.208  -3.516  -5.149  -0.785  -2.574  -1.482  -1.182  -3.254  -5.548   0.032  -0.490 -11.090   4.505   3.075   0.473  -6.967  -6.607  -2.068 
  7 A   1.668   0.984   1.759  -3.107  -8.663   1.451  -3.733  -1.950  -0.652   0.239   0.692  -2.281   2.069  -2.951   0.061   0.973  -1.739  -2.867  -1.171   0.769 
  8 A  -0.144   1.344  -2.926  -2.612  -4.462   0.229  -1.747  -0.059  -2.970  -0.835   2.789  -1.083   1.665  -0.238   1.481  -0.818  -1.687  -5.122   0.596  -1.858 
  9 A  -4.213  -2.598  -7.383  -9.018 -10.549  -5.555  -6.288  -7.866  -6.013   3.295   3.732  -9.351   1.079  -0.881 -12.122  -3.552  -3.731  -6.465  -0.937   3.351 
