DRB1_0464

Last position-specific scoring matrix computed       
            A       R       N       D       C       Q       E       G       H       I       L       K       M       F       P       S       T       W       Y       V 
  1 A -10.398  -6.965  -9.509 -11.027 -11.556  -9.497  -8.943 -10.679  -8.040   0.776   1.865 -10.660   1.237   5.833 -11.076  -9.091  -9.471   4.218   5.215  -0.870 
  2 A  -2.940   2.194   0.258  -6.571  -0.317   2.279  -2.485  -3.168   2.424  -1.736   0.574   2.430  -0.160  -1.208  -8.729   0.567  -0.110  -4.263   0.348   0.778 
  3 A  -0.087   2.217  -0.026  -5.454  -4.107   1.356  -1.155  -2.046   1.743  -0.591   0.380  -1.672   2.452  -0.715  -2.510   1.274   1.037  -0.637   1.692  -1.684 
  4 A  -0.046  -5.322  -1.310   2.285  -8.180   1.052   0.442  -2.154  -4.134   1.030   1.686  -2.365   3.161  -3.261  -3.825   0.876   1.166  -3.099  -5.141  -0.954 
  5 A  -2.420   0.952  -0.468  -3.269   1.525   0.689  -0.985  -3.967  -0.689  -0.363  -0.135  -0.209  -0.119   0.635   2.100   1.004   0.801   0.716   1.424   0.540 
  6 A   1.102  -8.572   4.177  -6.178  -7.010  -7.925  -6.584  -0.106  -7.354  -4.359  -3.882  -7.143  -4.916 -12.673   0.386   4.323   4.044  -6.662 -11.604  -1.181 
  7 A  -0.825  -2.864   3.612  -2.902 -10.081  -1.777  -0.504  -8.331  -2.994  -0.246   2.475  -4.374   1.938  -1.983   0.759   1.402  -1.184  -4.606   0.749  -0.218 
  8 A   0.562   1.884  -3.506  -2.185  -3.870   0.482  -1.906  -2.532  -1.154  -2.510   1.530   1.121   0.689  -0.239   2.277   0.966   1.083  -5.326  -1.445  -2.543 
  9 A   1.496   1.138   1.422  -2.995  -4.977  -0.558  -3.059   0.043   0.176  -1.464  -2.639  -1.245   0.209  -1.907  -0.158   3.225   1.754  -1.294  -0.117  -1.843 
