DRB1_1131

Last position-specific scoring matrix computed       
            A       R       N       D       C       Q       E       G       H       I       L       K       M       F       P       S       T       W       Y       V 
  1 A  -6.226  -4.925  -7.612 -10.177  -6.371  -4.763  -8.104  -8.269  -7.038   3.475   2.909  -7.258   1.992   3.348  -6.728  -6.702  -6.299   2.491   3.558   0.902 
  2 A  -3.523   1.349   1.333  -3.588  -3.151   2.358  -2.879  -2.949   2.322   0.845  -0.358   2.604  -0.397  -1.572  -6.964   1.017   0.252  -2.407  -0.622   0.111 
  3 A  -1.824   2.845  -0.369  -7.885  -4.939   1.155  -3.091  -5.467   3.022   0.331   1.765   1.480   0.789  -2.078  -3.496  -0.911  -0.962  -1.320   0.235   0.083 
  4 A  -0.888  -3.959   2.449  -4.423  -9.053  -1.845  -4.534  -1.209  -2.285   1.613   2.616  -3.345   2.573  -3.119 -10.108   1.923  -1.819  -7.019  -4.416   1.394 
  5 A   0.367   2.690  -0.926  -8.003  -1.049   0.073  -2.890  -2.440  -0.191  -0.287  -1.256   2.544   0.237  -2.101   1.345   0.831   0.542  -4.302   0.697  -0.530 
  6 A   0.806   2.763   3.333  -7.373  -4.893  -4.621  -4.660  -0.492  -1.521  -2.931  -3.670   0.771   0.421  -8.977   0.490   3.304   1.986  -6.906  -7.454  -2.555 
  7 A  -0.102  -0.093   2.428  -5.659  -9.019  -0.438  -6.809  -4.861  -2.220   1.650   2.386  -2.852   2.252  -3.619  -1.346  -0.700  -1.499  -3.935  -0.220   1.799 
  8 A   1.910   2.155  -3.071  -5.109  -4.985  -0.754  -2.737  -1.147  -2.119  -2.127   1.973   1.051   0.308  -0.680   0.808   0.022   0.077  -6.291   0.423  -2.443 
  9 A  -0.824  -2.208  -1.076  -7.381  -9.234  -2.588  -4.079  -3.573  -1.003   2.737   1.687  -3.058   1.087   0.168  -6.716   1.705   0.326  -2.077   1.459   1.760 
