DRB1_1113

Last position-specific scoring matrix computed       
            A       R       N       D       C       Q       E       G       H       I       L       K       M       F       P       S       T       W       Y       V 
  1 A  -7.140  -5.257  -9.075 -12.272  -8.258  -6.587 -11.294  -9.737  -7.869   4.275   3.384  -7.800   2.204   1.806  -8.292  -9.481  -7.500   1.418   0.674   1.839 
  2 A  -2.806   1.530   1.057  -2.575  -4.477   1.717  -3.532  -1.427   1.885   1.085  -0.455   2.172  -0.104  -1.527  -3.598   1.298   0.156  -5.318  -1.366   0.397 
  3 A  -1.327   2.308  -1.159  -8.488  -5.644   0.676  -3.982  -2.809   1.009   0.512   1.931  -0.033   1.256  -1.086  -2.667  -0.621  -0.097   2.351   1.460   0.397 
  4 A  -2.776  -9.554  -0.299  -2.687  -8.201  -3.219  -5.431  -2.451  -4.017   0.822   4.352  -5.985   3.625  -0.689 -12.574   1.156  -5.429  -9.150  -4.483   0.209 
  5 A  -1.071   3.097  -0.673  -5.171   0.400   1.499  -2.270  -1.451   0.274  -0.626  -0.046   1.690   0.733  -3.726   1.616  -0.385   0.380  -3.056   0.319  -1.073 
  6 A  -0.063   3.661   2.757  -4.063  -5.032  -3.010  -4.202  -1.542  -1.118  -1.210  -2.787   2.067   1.739  -8.346   0.604   1.853   1.248  -6.693  -6.709  -2.234 
  7 A   0.839  -0.582   1.979  -4.351  -8.842   1.326  -3.875  -6.906  -4.431   0.918   3.147  -4.747   2.236  -5.317   0.521   0.191  -2.009  -4.877  -2.365  -0.327 
  8 A   1.389   2.228  -1.197  -3.303  -4.116   0.662  -1.690  -0.176  -0.929  -2.689   1.426   0.722   1.661  -1.432   1.206  -0.361  -1.175  -6.413   0.559  -2.281 
  9 A   0.702   1.249   0.867  -3.388  -6.522  -0.437  -2.612  -1.322   1.068  -0.644  -0.065  -0.580  -0.360  -1.993  -5.081   3.336   0.758  -3.077   0.644  -0.247 
