DRB1_0446

Last position-specific scoring matrix computed       
            A       R       N       D       C       Q       E       G       H       I       L       K       M       F       P       S       T       W       Y       V 
  1 A  -8.817  -6.778 -10.085 -12.279  -9.820  -8.400 -10.633 -10.128  -8.393   3.266   2.835 -10.142   2.366   4.373  -9.201  -9.760  -9.178   2.880   2.545   1.330 
  2 A  -2.767   1.586   0.946  -4.397  -3.654   2.279  -3.483  -3.254   1.951   0.095   0.310   2.186   1.820  -4.679  -5.389   1.349  -0.094  -8.673  -1.529   1.126 
  3 A  -0.375   1.471  -1.973  -7.553  -5.657   1.422  -3.479  -1.246   1.358  -0.233   1.102  -2.508   2.309  -0.443  -2.079   1.115   0.691   1.990   2.585  -0.726 
  4 A  -0.724  -8.311  -5.879  -0.814  -8.985  -1.252  -2.167  -3.667  -8.708   1.822   3.477  -5.623   3.726  -0.189  -9.849   1.241   0.244  -4.988  -4.753  -0.210 
  5 A  -2.935   1.114   0.257  -3.987   2.457   0.551  -0.923  -3.795   0.231  -0.179   0.081   0.321  -1.148  -0.409   1.546   0.040   0.945  -0.712   2.307   0.347 
  6 A   0.788  -4.730   4.342  -2.352  -4.669  -5.495  -6.109  -2.488  -7.254  -2.489  -4.502  -4.524  -2.762 -12.217   2.294   4.025   3.624  -9.069 -12.191  -1.214 
  7 A   0.443  -2.826   2.970  -2.816 -11.073   0.018  -1.372  -8.646  -5.128   0.258   3.120  -5.651   1.807  -3.157   1.677   1.052  -2.693  -4.860  -1.756  -1.536 
  8 A  -0.271   0.990  -2.945  -1.369  -4.930   1.186  -1.671  -0.377  -1.265  -1.962   2.011  -0.531   1.914  -1.584   3.444   0.042  -0.006  -5.606  -1.668  -2.828 
  9 A   0.595   1.352   0.929  -0.630  -5.937  -0.320  -1.885   0.186   1.758  -1.414  -1.432  -0.897  -0.763  -2.922  -2.243   3.072   1.598  -1.275  -0.753  -1.308 
