DRB1_0317

Last position-specific scoring matrix computed       
            A       R       N       D       C       Q       E       G       H       I       L       K       M       F       P       S       T       W       Y       V 
  1 A  -6.335  -6.222 -10.687  -9.174  -6.122  -8.036  -9.416  -8.765  -6.846   1.801   2.712  -8.346   1.902   5.023  -6.992  -6.247  -5.638   2.001   4.174   0.610 
  2 A  -5.256   0.755   0.982  -4.289  -2.656   1.879  -4.583  -2.388   0.696   0.636   2.146   1.938   0.304  -0.584  -9.626   0.058  -0.676  -3.212  -1.363   0.806 
  3 A  -1.321   2.453   0.398  -4.142  -2.801   0.290  -0.138  -2.314   0.925  -0.468   0.117   0.017   1.855  -1.819  -3.927   1.608   0.961   0.858   0.702  -0.178 
  4 A  -1.541  -4.662   1.347   6.317 -11.766  -2.197   0.915  -4.885  -4.032  -5.017  -4.209  -2.709  -2.899 -10.817  -9.192   2.703   0.202 -13.456 -12.702  -5.277 
  5 A  -2.826   1.664   0.537  -2.317  -0.011   0.481  -0.216  -3.168  -0.102  -0.003  -0.130   0.740  -0.327   0.837   1.458  -0.042   0.520  -1.717   1.052   0.208 
  6 A  -0.084   1.494   1.985  -3.748  -2.454  -2.401  -2.463  -1.325  -1.728  -2.703  -1.681   1.065  -1.884  -7.116   2.233   2.375   2.695  -4.672  -6.062   0.717 
  7 A  -0.101  -2.308   2.756  -1.871  -8.889  -0.281  -2.068  -4.524  -2.591   0.022   2.204  -2.645   2.551  -2.633   0.701   1.247  -0.311  -8.371  -0.463   0.290 
  8 A   0.840   1.834  -2.680  -2.275  -4.363   0.910  -1.075  -2.949  -1.643  -1.481   1.674   1.274   2.123  -1.030   0.736   0.229   0.393  -5.671  -0.645  -1.798 
  9 A  -0.100   2.986  -0.262  -3.891  -6.824  -0.737  -2.548  -2.469   0.354  -0.439  -1.406  -1.629   0.341   0.714  -2.780   2.648   0.452  -0.781   3.316  -1.300 
