DRB1_0820

Last position-specific scoring matrix computed       
            A       R       N       D       C       Q       E       G       H       I       L       K       M       F       P       S       T       W       Y       V 
  1 A  -7.554  -7.036 -10.925 -11.866  -7.812  -7.278 -11.241  -9.230  -7.539   3.791   2.049 -10.111   2.458   4.037  -7.727  -8.775  -6.570   2.765   2.565   2.082 
  2 A  -3.551   1.930   0.269  -4.518  -3.226   0.900  -4.030  -3.345   0.761   1.687   0.135   2.828   0.996  -3.311  -5.666   0.877  -0.453  -1.946  -1.802   1.198 
  3 A  -0.551   2.753   0.054  -7.881  -3.851  -0.630  -3.774  -1.114   1.775  -0.408  -0.155  -0.062   0.692  -1.874  -3.817   1.483   0.966   2.675   0.157   0.851 
  4 A   0.845  -0.802  -0.915  -4.340  -5.094  -1.173  -2.864  -1.688  -2.228   0.054   3.073  -0.016   2.797  -1.497  -6.354   1.625  -2.002  -6.960  -4.148  -0.130 
  5 A  -2.116   3.217  -0.835  -5.658  -0.138   0.758  -2.683  -1.252  -0.012  -0.777   0.830   1.824   0.231  -1.011   0.929  -0.578  -0.099  -3.216   0.863  -1.035 
  6 A  -0.142   4.964   0.155  -6.623  -5.849  -3.560  -5.684  -1.924  -1.504  -4.247  -2.996   3.535  -1.241  -9.388   2.723   1.261  -1.449  -6.693  -8.080  -3.302 
  7 A   1.505   0.842   0.840  -5.710  -8.755   0.466  -4.602  -4.568  -2.593   0.678   2.407  -1.782   2.120  -3.065   2.378   0.033  -2.064  -4.773  -0.774  -1.208 
  8 A   0.150   1.603  -2.578  -4.754  -3.625   1.717  -2.610  -1.871  -0.711  -1.698   2.490  -0.031   2.286  -1.045   0.786  -0.314   0.346  -5.651  -0.461  -1.309 
  9 A   0.869   3.019  -0.757  -5.530  -8.671  -1.206  -4.501   1.806  -0.552  -1.334  -1.518  -0.367  -0.393  -2.236  -4.666   3.198   0.191  -2.333  -0.100  -1.265 
