DRB1_0810

Last position-specific scoring matrix computed       
            A       R       N       D       C       Q       E       G       H       I       L       K       M       F       P       S       T       W       Y       V 
  1 A  -6.361  -5.203  -8.553  -8.902  -5.496  -4.860  -8.666  -8.859  -7.685   3.818   2.121  -9.979   3.036   3.310  -6.155  -7.855  -6.115   3.829   1.582   2.233 
  2 A  -3.287   0.923   1.489  -5.380  -5.646   1.629  -5.861  -2.252  -1.374   2.751  -0.085   1.828   1.166  -5.898  -7.108  -0.278  -1.358  -2.262  -5.170   2.554 
  3 A  -1.919   2.383  -0.014  -7.067  -6.685   1.284  -3.278  -1.413   2.778   0.191   0.003   0.264   2.124  -3.566  -1.146   1.356  -1.427   2.948   0.545   0.370 
  4 A   0.819  -0.089   0.418  -0.004 -10.537  -0.135  -0.115  -1.914  -1.267  -0.004   0.676  -0.110   0.984  -2.151  -6.931   2.663   0.962  -6.493  -2.552  -0.274 
  5 A  -1.491   1.498   0.889  -5.278  -0.262   0.586  -0.673  -2.983   1.217  -0.952   0.020   1.860  -2.677   0.164   0.274   1.005   0.604  -4.324   2.018  -0.933 
  6 A   0.339   2.790   0.902  -3.536  -6.241  -1.370  -3.984  -2.526  -2.203  -3.403  -4.168   2.886  -1.264 -12.225   4.092   2.963  -0.383  -8.516 -10.556  -1.961 
  7 A   2.516  -0.020   2.179  -2.789 -10.111   1.155  -3.662  -2.658  -2.145   0.215  -0.458  -2.161   0.541  -3.550   3.329   0.736  -2.615  -5.577  -1.503   0.222 
  8 A  -1.495   1.572  -4.950  -5.249  -5.464   1.067  -2.807  -2.867  -2.206  -0.734   3.590  -1.207   1.929  -0.766   1.402  -1.725  -1.430  -6.080   0.471  -0.966 
  9 A  -1.259  -0.006  -3.576  -5.938  -8.204  -3.237  -5.397  -1.658  -3.655   2.649   2.768  -5.723   1.380   0.097  -8.793  -0.182  -1.872  -3.485   0.915   2.174 
