DRB1_1601

Last position-specific scoring matrix computed       
            A       R       N       D       C       Q       E       G       H       I       L       K       M       F       P       S       T       W       Y       V 
  1 A  -6.170  -3.591  -6.139  -9.097  -5.614  -6.321  -8.275  -7.151  -4.325   2.813   1.981  -7.383   1.370   4.576  -8.531  -6.109  -5.396   3.033   4.151   1.079 
  2 A  -1.752   1.865  -0.395  -2.412  -0.935   1.689  -1.197  -5.029   2.873  -0.129  -0.403   2.237   1.683  -2.664  -5.755   0.647  -0.274  -1.748   1.455   0.120 
  3 A   0.422   2.444  -0.805  -7.018  -4.309  -0.467  -4.134  -0.062   2.630  -0.306   0.312  -0.373  -0.944  -0.336  -2.649   1.016   0.862   0.973   1.378  -0.965 
  4 A  -3.421  -3.244  -5.460 -12.032  -5.847  -3.695  -5.644  -4.206  -3.084   1.948   3.670  -1.763   4.668   1.904 -10.343  -1.146  -4.194  -1.048  -2.481   0.824 
  5 A  -0.637   3.317  -2.936  -7.416  -0.837   0.765  -2.389  -0.521  -2.539  -2.864   0.184   3.114  -1.423  -2.466   0.829   1.051  -0.005  -3.998   0.103  -1.811 
  6 A   2.341   0.089   3.652  -6.130  -5.031  -5.536  -6.085   1.020  -2.216  -4.177  -2.157  -2.860  -1.664  -8.415  -0.608   4.406   0.612  -3.081  -7.717  -4.438 
  7 A  -1.732   2.572  -0.125  -7.502 -10.434   0.422  -4.092  -3.712  -0.121   0.110   1.612  -0.062   1.819   0.766   0.560  -0.026  -2.600   2.012   2.745  -1.411 
  8 A   0.629   2.852  -2.286  -4.883  -2.193  -1.528  -2.113  -0.115  -0.951  -1.181   0.595  -0.665  -0.834  -1.202   0.244   1.146   1.924  -4.761  -0.360  -0.100 
  9 A   0.782   2.903   0.586  -5.820  -7.534  -3.423  -5.607   0.819  -0.381  -1.207  -1.130   1.768  -1.746  -4.077  -3.989   2.758   1.248  -3.978  -3.983  -0.307 
