DRB1_1452

Last position-specific scoring matrix computed       
            A       R       N       D       C       Q       E       G       H       I       L       K       M       F       P       S       T       W       Y       V 
  1 A  -8.853  -8.105 -11.968 -13.323 -11.010  -9.334 -12.974 -12.099  -9.363   3.557   2.839 -10.967   2.921   3.733  -9.255 -11.629  -9.852   3.070   1.755   2.025 
  2 A  -2.912   1.774   1.110  -5.029  -5.518   1.913  -4.314  -2.694   0.636   1.796   0.354   2.281   1.310  -4.434  -5.430  -0.211  -1.423  -6.622  -3.531   1.904 
  3 A  -1.164   1.685  -0.494  -8.362  -6.276   1.446  -2.818  -1.693   2.179   0.265   0.711  -2.252   3.223  -2.753  -2.345   0.237   0.512   2.826   1.731   0.451 
  4 A   0.820  -4.040  -0.349  -0.349  -8.697  -0.028  -0.779  -3.211  -2.727   0.436   2.978  -2.027   3.223  -1.910  -9.111   1.353  -0.300  -7.764  -4.337  -0.687 
  5 A  -2.625   1.883   1.178  -3.458   0.226   1.292  -0.743  -2.385   0.743  -0.751   0.727   0.808  -1.074  -0.689   1.144  -0.109   0.130  -2.714   1.535  -0.478 
  6 A   0.752   2.217   2.887  -2.927  -6.744  -2.232  -5.486  -1.687  -2.167  -3.010  -4.086   1.735  -0.462 -12.545   3.869   2.248   1.410 -11.153 -11.478  -1.944 
  7 A   2.148  -1.086   2.466  -3.778 -10.741   1.323  -2.758  -6.333  -3.115   0.016   2.417  -3.465   1.848  -4.927   1.279   0.822  -2.917  -7.712  -1.591  -1.038 
  8 A  -0.275   2.684  -3.295  -3.355  -4.416   1.850  -2.166  -2.036  -1.131  -2.211   2.801  -0.142   2.137  -1.454   1.699  -1.741  -1.540  -7.392  -0.875  -2.110 
  9 A   0.325   3.180  -1.385  -5.053  -7.508  -0.772  -4.492   0.290  -0.234  -0.054   0.724  -1.128   1.372  -1.324  -5.909   1.863  -0.018  -3.448   0.580  -0.215 
