DRB1_1446

Last position-specific scoring matrix computed       
            A       R       N       D       C       Q       E       G       H       I       L       K       M       F       P       S       T       W       Y       V 
  1 A -10.408  -8.476 -10.006 -12.778 -11.614  -9.311 -11.053 -12.841  -8.569   1.387   1.448 -10.122   0.672   6.045 -11.827 -11.534 -10.889   4.005   5.320  -1.592 
  2 A  -3.283   2.171   1.431  -5.038  -2.108   2.663  -3.137  -3.096   2.547  -0.870  -0.022   2.661  -0.295  -2.134  -8.549   1.327   0.034  -6.135  -1.339   0.027 
  3 A  -1.010   2.422   0.200  -7.146  -3.780   1.747  -2.432  -2.734   2.130  -0.667   1.420  -1.003   2.066  -1.170  -4.151   0.318   0.542   1.144   1.538  -0.998 
  4 A  -0.007  -5.078  -0.131  -0.157  -8.183   1.080  -0.648  -2.568  -4.489   1.395   2.618  -3.869   3.187  -4.104  -7.024   0.985   0.309  -6.048  -6.132   0.600 
  5 A  -0.880   1.676  -0.524  -4.760   0.499   0.716  -1.284  -3.951  -0.360  -0.085   0.262   0.803  -0.998  -0.163   2.302   0.749   0.591  -2.303   0.880  -0.146 
  6 A   1.370  -1.627   3.622  -7.071  -4.464  -5.347  -4.907   0.048  -2.557  -2.176  -2.871  -1.588  -0.509 -10.125   1.474   3.348   3.008  -7.256  -9.953  -0.359 
  7 A   0.385  -0.480   3.374  -3.826 -11.329   0.229  -1.613  -7.165  -1.356   0.024   1.966  -3.990   2.250  -2.313   0.453   1.096  -1.751  -5.141   0.190   0.039 
  8 A   0.775   2.554  -4.269  -3.131  -5.022   0.971  -1.632  -2.493  -1.364  -1.607   1.810   0.984   1.322  -0.128   0.820   0.394   0.040  -5.612   0.061  -3.106 
  9 A   1.099  -0.823   1.021  -2.737  -6.040  -0.764  -2.432  -0.486  -0.763   0.540  -0.473  -2.503   0.539  -1.439  -1.824   3.254   1.165  -2.404  -0.215   0.081 
