DRB1_1502

Last position-specific scoring matrix computed       
            A       R       N       D       C       Q       E       G       H       I       L       K       M       F       P       S       T       W       Y       V 
  1 A  -4.344  -1.851  -3.893  -6.378  -3.769  -3.895  -5.511  -5.767  -5.015   2.786   2.915  -4.920   1.964   2.350  -7.466  -4.266  -3.526   3.245   2.738   1.671 
  2 A  -1.024   2.301  -0.604  -2.684  -1.167   2.359  -0.419  -2.947   2.109  -0.207  -0.814   1.609   0.135  -1.343  -4.059  -0.222  -0.653  -0.248   1.590   0.554 
  3 A   0.494   2.966  -2.360  -6.988  -7.653  -0.733  -4.273  -1.105   2.173   1.544   0.902   0.492  -0.525  -0.518  -1.293  -0.256  -0.838  -1.181   1.471  -1.837 
  4 A  -6.843  -3.734  -3.583  -7.214  -8.808  -3.235  -4.642  -2.590  -0.796   2.189   2.744  -1.196   4.082   3.240 -11.438  -0.680  -6.413   1.490   1.729  -0.124 
  5 A  -0.269   3.140  -3.359  -7.418  -0.297   1.226  -1.442  -0.190  -1.758  -3.927  -0.382   2.896  -0.696  -2.418  -0.090   1.717   0.142  -3.948   0.277  -2.232 
  6 A   1.888  -4.147   3.930  -4.748  -8.013  -8.212  -8.237   1.280  -5.191  -5.848  -2.404  -8.040  -2.449 -10.936  -3.545   5.322   1.299  -2.662  -9.635  -6.620 
  7 A  -2.375   1.491   0.381  -5.277 -10.690  -0.238  -3.513  -3.728  -1.809   0.624   1.353  -0.985   1.590  -0.046   1.226   0.887  -2.941   3.097   3.203   0.039 
  8 A   0.933   2.916  -1.631  -6.071  -1.654  -4.008  -3.047  -0.179  -1.330  -1.735   0.534  -0.199  -1.524  -1.439   0.566   1.055   1.485  -5.400   0.278   0.587 
  9 A   0.832   2.634   0.880  -6.707  -5.195  -4.690  -6.542  -1.601  -0.156  -0.542   0.795   1.278  -1.532  -3.277  -5.649   1.998   1.130  -6.169  -3.222   1.133 
