DRB1_1413

Last position-specific scoring matrix computed       
            A       R       N       D       C       Q       E       G       H       I       L       K       M       F       P       S       T       W       Y       V 
  1 A  -9.973  -6.980  -9.452 -12.544  -9.744  -7.936 -10.616 -11.446  -7.527   2.360   1.146  -9.314  -0.114   6.151  -9.501 -10.553  -9.927   3.925   4.592  -1.283 
  2 A  -3.246   1.177   1.799  -5.562  -3.387   2.091  -3.808  -2.714   2.490   0.594   0.612   2.086   0.908  -2.420 -10.402   1.411   0.085  -4.395  -1.847   0.151 
  3 A  -1.716   2.158  -0.823  -8.397  -4.863   1.605  -2.573  -2.471   2.451  -1.216   2.135  -0.418   1.137  -1.943  -4.959   0.872  -0.465   2.299   1.614  -0.634 
  4 A  -0.332  -5.290  -0.302   0.032  -9.932  -1.322  -1.260  -3.446  -4.352   1.049   2.647  -5.354   2.518  -2.353 -10.415   2.619   0.667  -6.931  -5.839   0.849 
  5 A  -1.264   2.200  -1.218  -5.876   0.229   0.673  -1.637  -4.763  -0.003  -0.016  -0.263   2.123  -2.077  -1.034   2.763   0.194   0.954  -3.606   1.030  -0.745 
  6 A   1.349   1.322   3.272  -5.958  -3.842  -3.279  -3.643  -1.489  -2.351  -1.087  -3.994   0.727   0.505  -9.956   0.814   2.783   2.189  -6.776  -8.552   0.042 
  7 A   0.553   0.675   2.595  -4.605 -12.188   1.716  -2.514  -7.022  -2.321   0.045   2.188  -4.117   2.963  -2.209   1.068   0.331  -2.371  -3.677  -1.002  -0.322 
  8 A   0.109   1.816  -3.822  -2.049  -6.879   0.955  -0.849  -0.691  -2.022  -0.810   1.978   0.102   1.813  -0.083   0.940  -0.459  -0.200  -4.726   1.059  -2.902 
  9 A  -0.298  -2.415   1.005   0.582  -6.211  -0.459  -0.079  -3.017  -0.254   1.196   0.041  -3.093  -1.082  -1.754  -3.458   2.983   0.658  -2.542   0.531   0.929 
