DRB1_1157

Last position-specific scoring matrix computed       
            A       R       N       D       C       Q       E       G       H       I       L       K       M       F       P       S       T       W       Y       V 
  1 A  -6.756  -5.226  -8.133 -10.970  -7.934  -5.877 -10.426  -8.592  -7.778   4.080   3.406  -7.320   2.341   1.789  -7.672  -7.906  -6.374   0.924   1.019   1.916 
  2 A  -3.411   1.296   0.806  -2.506  -4.298   1.699  -3.302  -2.912   1.898   1.305   0.089   2.449   0.445  -1.245  -3.830   0.854  -0.122  -2.990  -0.636   0.336 
  3 A  -1.395   2.569  -0.693  -7.264  -5.144   0.107  -3.353  -3.260   1.617   0.447   1.598   0.527   0.800  -1.295  -3.407  -0.297   0.147   1.539   0.880   0.767 
  4 A  -2.144  -5.833   0.929  -4.084  -7.582  -3.215  -4.703  -2.590  -3.021   0.798   3.994  -3.097   3.386  -1.269 -12.403   1.426  -3.804  -7.137  -4.323   0.545 
  5 A  -1.213   3.337  -0.428  -5.477  -0.139   1.298  -2.399  -1.256   0.190  -0.942  -0.137   2.066   0.538  -3.020   1.108  -0.392   0.107  -3.638   0.377  -0.868 
  6 A  -0.741   4.461   2.623  -6.203  -5.516  -3.176  -4.772  -1.843  -0.340  -2.365  -3.273   2.613   0.742  -8.493   0.369   1.853   0.956  -6.096  -6.394  -3.154 
  7 A   0.426  -0.103   1.522  -5.278  -8.978   1.005  -4.706  -5.994  -2.958   0.972   3.217  -3.268   2.697  -4.283  -0.274  -0.227  -2.034  -5.188  -1.504   0.119 
  8 A   1.671   2.519  -1.634  -4.298  -3.702   0.288  -2.088  -0.740  -0.556  -2.543   1.421   0.839   1.335  -1.473   0.689  -0.462  -0.355  -6.684   0.452  -1.823 
  9 A  -0.231   1.913   0.269  -4.951  -6.992  -0.727  -3.691  -1.268   0.910   0.068   0.238  -0.195   0.462  -0.506  -5.674   2.736   0.722  -2.690   1.440  -0.177 
