DRB1_1431

Last position-specific scoring matrix computed       
            A       R       N       D       C       Q       E       G       H       I       L       K       M       F       P       S       T       W       Y       V 
  1 A  -7.836  -7.646 -11.964 -12.390  -6.130  -8.166 -11.585  -9.473  -8.580   3.763   2.185 -10.416   1.845   4.366  -7.364 -11.056  -7.964   3.625   2.375   1.662 
  2 A  -2.974   1.093   1.914  -5.396  -5.842   1.817  -5.244  -1.677   0.744   2.348  -0.600   1.703   0.848  -6.428  -7.263   1.054  -0.497  -3.802  -4.550   1.787 
  3 A  -2.005   1.436  -1.165  -7.605  -7.045   1.513  -3.247  -1.627   3.099  -0.365   1.330  -1.126   2.118  -2.429  -1.535   0.793  -2.103   4.016   1.915   0.365 
  4 A   0.640  -3.737  -0.311   0.632 -10.738  -0.873  -1.066  -2.068  -2.735   0.530   1.749  -3.270   1.603  -0.499  -8.249   3.055   0.104  -8.655  -2.850   0.247 
  5 A  -1.254   1.158   0.661  -5.766   0.719   0.615  -1.086  -4.164   1.523  -0.285   0.529   1.513  -1.635  -0.808   1.439   0.813   0.607  -5.465   1.699  -1.256 
  6 A   0.881   1.564   1.911  -2.167  -3.939  -1.801  -3.288  -2.909  -3.357  -1.942  -4.884   1.435   0.210 -12.414   4.316   2.685   1.059  -8.006 -10.010  -1.056 
  7 A   2.164  -0.128   2.274  -3.154 -11.989   1.748  -2.911  -4.922  -4.163   0.307   1.574  -5.148   2.202  -3.793   1.765   0.956  -2.619  -5.251  -2.122  -0.432 
  8 A  -1.403   0.534  -4.036  -2.366  -7.404   1.311  -2.100  -0.352  -3.842  -0.913   3.266  -1.385   2.482  -0.964   2.359  -1.944  -1.741  -6.146   0.275  -2.056 
  9 A  -0.964  -0.176  -2.022  -1.239  -9.818  -1.869  -2.029  -2.809  -1.730   1.999   2.285  -4.512  -0.448  -0.996  -7.298   1.437  -1.371  -2.717   0.344   2.299 
