DRB1_0106

Last position-specific scoring matrix computed       
            A       R       N       D       C       Q       E       G       H       I       L       K       M       F       P       S       T       W       Y       V 
  1 A  -8.592  -7.758  -9.471 -12.818  -7.386  -9.558 -12.307 -10.476  -9.873   2.781   2.996 -11.210   2.736   3.960 -13.222 -10.167  -7.941   3.546   2.775   1.902 
  2 A   0.141   1.658   0.640  -2.072  -1.943   2.083  -0.827  -3.182   0.597   0.382   0.236   0.497   1.009  -1.866  -3.448  -0.510  -0.723  -2.389   0.148   1.309 
  3 A   1.133   1.161  -1.247  -6.849  -6.277   1.867  -4.410   0.402   0.699   0.705   0.441  -1.795   2.429  -1.424   0.052   0.307  -0.368   1.839   1.357  -1.967 
  4 A  -2.283  -8.175  -2.848  -8.568  -5.506  -0.885  -2.650  -3.788  -2.207   1.656   4.102  -6.066   5.459   0.275  -8.397  -2.530  -4.756  -5.827  -3.545  -0.602 
  5 A   1.241   1.639  -0.794  -2.915  -2.241   0.493  -0.980   1.146  -0.965  -2.511   0.788   0.215  -0.444  -2.637   1.340   1.174  -0.693  -3.686  -0.355  -1.692 
  6 A   3.177  -5.098   2.609  -1.499  -8.410  -3.182  -5.502   1.829  -1.870  -4.588  -3.388  -7.521  -1.949  -8.481   3.195   3.686  -0.096  -7.127  -4.573  -6.365 
  7 A   1.541  -0.289   0.646  -3.688  -7.290   0.947  -0.690  -2.458  -0.333  -0.459   0.294  -2.141   0.979  -1.572   0.891   1.948  -0.364   0.466   1.160   0.197 
  8 A   1.141   2.204  -0.725  -2.970  -0.916  -0.932  -2.928   0.006  -1.349  -1.036   1.749  -1.485   0.921  -0.972   1.153   0.027  -1.942  -4.879  -0.154  -0.321 
  9 A   1.153   0.108  -2.183  -8.383  -4.628  -4.890  -8.655  -0.891  -3.861   0.653   2.391  -3.328   1.651  -3.822  -8.494   1.116   1.595  -7.277  -4.533   2.390 
