DRB1_1437

Last position-specific scoring matrix computed       
            A       R       N       D       C       Q       E       G       H       I       L       K       M       F       P       S       T       W       Y       V 
  1 A  -6.645  -4.646  -8.011 -10.141  -7.466  -5.501  -9.388  -8.654  -9.308   3.894   3.614  -7.532   3.003   0.296  -8.626  -8.779  -6.983   2.135  -0.045   2.271 
  2 A  -1.860   1.600   1.031  -3.489  -4.947   2.466  -3.618  -1.206   0.962   1.439  -0.431   1.829  -0.696  -2.347  -3.514   0.083  -1.365  -2.974  -0.742   1.596 
  3 A  -1.468   2.482  -2.348  -9.293  -9.350   0.977  -3.717  -3.526   1.696   2.069   1.640  -0.148   2.252  -1.590  -1.117  -1.267  -1.804   0.207   1.692  -0.312 
  4 A  -2.946  -5.307   0.916   0.806 -11.994  -1.583  -2.660  -1.184  -1.744   1.375   2.786  -2.047   2.941   0.425 -11.778   1.620  -3.034  -3.540  -0.691  -0.671 
  5 A  -1.093   1.904   0.274  -5.611   0.907   1.233  -1.352  -1.251   0.479  -1.342  -0.666   1.706   0.569  -1.174  -0.215   1.026   0.810  -2.269   1.620  -0.674 
  6 A   0.205   0.092   4.075  -2.528  -8.245  -5.772  -5.840  -0.676  -4.788  -3.140  -2.978  -1.650  -0.370 -11.331   1.199   4.283   2.782  -6.454 -11.190  -3.370 
  7 A   0.371  -2.209   2.363  -3.306  -9.798  -0.789  -4.285  -5.713  -5.184   1.690   2.405  -4.558   1.527  -4.639   1.344   0.778  -3.095  -4.126  -0.553   1.467 
  8 A   1.094   2.767  -1.891  -4.928  -4.688  -0.925  -2.761  -0.634  -1.909  -2.259   1.849   0.534   0.712  -1.682   2.243  -0.620  -0.661  -8.520   0.079  -1.216 
  9 A  -0.043   2.357  -0.409  -6.527  -7.567  -2.770  -5.722  -2.405   0.738   0.944   1.718  -0.886   0.620  -0.566  -6.979   1.344   0.120  -3.587   0.747   0.845 
