DRB1_0329

Last position-specific scoring matrix computed       
            A       R       N       D       C       Q       E       G       H       I       L       K       M       F       P       S       T       W       Y       V 
  1 A  -6.426  -5.846 -10.830  -9.818  -5.628  -6.869  -8.784  -9.010  -6.634   2.159   3.270  -9.017   2.009   4.255  -6.715  -5.580  -5.516   1.449   3.519   1.144 
  2 A  -5.616  -0.084   0.993  -3.553  -2.775   1.378  -5.369  -2.506   0.691   1.118   2.537   1.387   0.272   0.395  -9.199  -0.573  -0.494  -3.234  -1.184   0.673 
  3 A  -1.103   2.083   0.158  -4.341  -2.750  -0.007  -0.250  -2.169   0.913  -0.408   0.631   0.337   1.208  -1.780  -3.828   1.644   0.916   0.852   0.215   0.095 
  4 A  -1.960  -5.625   1.997   6.358  -9.421  -4.641   0.906  -5.159  -2.926  -7.455  -4.817  -3.065  -3.755 -10.091  -8.686   3.266  -1.254 -13.440 -12.198  -6.300 
  5 A  -2.757   1.991   0.448  -2.166  -1.166   0.498  -0.261  -2.020   0.137  -0.298  -0.057   1.206   0.428   0.442   1.345  -0.298   0.249  -2.574   0.544   0.115 
  6 A  -0.455   2.980   1.259  -3.715  -2.474  -1.463  -1.831  -1.366  -0.743  -2.354  -1.855   1.906  -1.273  -5.346   1.879   1.701   1.636  -4.018  -3.653   0.362 
  7 A  -0.374  -1.429   1.779  -1.865  -7.543   0.206  -2.672  -3.585  -1.817   0.044   2.333  -1.675   2.891  -2.673  -0.190   1.050  -0.142  -7.195  -0.668   0.690 
  8 A   1.266   2.073  -1.772  -2.147  -3.778   0.602  -0.999  -2.351  -1.338  -1.562   1.268   1.107   2.114  -0.998  -0.005   0.179  -0.020  -4.654  -0.323  -1.233 
  9 A  -0.715   3.310  -0.763  -4.807  -7.323  -1.011  -2.672  -4.281   0.414  -0.469  -0.450  -1.261   0.413   1.207  -4.590   2.045   0.204  -1.913   3.826  -0.886 
