DRB1_0804

Last position-specific scoring matrix computed       
            A       R       N       D       C       Q       E       G       H       I       L       K       M       F       P       S       T       W       Y       V 
  1 A  -7.756  -6.416 -11.386 -12.324  -8.062  -8.595 -11.138  -9.938  -6.933   3.630   1.566 -11.105   2.771   4.303  -8.819  -9.034  -7.010   3.430   3.168   2.003 
  2 A  -2.931   2.239   0.355  -5.295  -3.148   1.353  -4.652  -3.127  -0.366   1.705  -0.236   2.867   0.961  -4.404  -5.729   0.536  -0.822  -1.916  -2.621   1.699 
  3 A  -0.581   2.883   0.460  -7.737  -4.327  -0.283  -3.394  -0.728   2.019  -0.682  -1.216  -0.032   1.508  -2.461  -2.702   1.548   0.985   2.642   0.287   0.550 
  4 A   1.293   0.672  -1.673  -4.414  -5.166   0.521  -2.154  -1.496  -1.488  -0.281   2.273   1.242   2.559  -1.865  -4.069   1.292  -1.590  -5.875  -3.551  -0.637 
  5 A  -2.280   2.861  -0.565  -4.975  -0.213   0.703  -2.332  -1.798   0.395  -0.659   0.916   1.699  -0.227  -0.119   0.733  -0.152  -0.112  -2.848   1.229  -1.126 
  6 A   0.261   4.453  -0.650  -6.097  -6.249  -3.004  -5.521  -1.640  -1.791  -4.834  -2.779   3.454  -2.568 -10.124   3.882   1.530  -1.779  -7.795  -8.477  -3.263 
  7 A   2.094   0.974   0.679  -4.970  -9.509   0.375  -4.070  -3.758  -2.304   0.563   1.623  -1.109   1.313  -2.945   2.999   0.170  -2.129  -5.822  -0.490  -1.277 
  8 A  -0.733   1.625  -3.529  -4.992  -3.358   1.941  -2.851  -3.058  -0.978  -1.686   2.961  -0.078   2.431  -1.381   1.051  -0.684   0.258  -6.994  -0.846  -1.091 
  9 A   1.102   3.196  -1.847  -7.069  -9.067  -1.396  -5.925   2.600  -1.625  -1.053  -1.080  -0.809  -0.004  -2.708  -4.840   2.725  -0.296  -2.612  -0.946  -1.140 
