DRB1_0313

Last position-specific scoring matrix computed       
            A       R       N       D       C       Q       E       G       H       I       L       K       M       F       P       S       T       W       Y       V 
  1 A  -5.100  -4.724  -9.009  -9.840  -3.855  -5.892  -8.372  -8.015  -6.203   2.613   3.615  -8.216   2.509   2.553  -5.050  -5.064  -4.663   0.782   1.117   2.429 
  2 A  -4.054  -0.362   1.398  -2.090  -3.609   1.154  -4.781  -0.601  -0.225   1.946   2.029   0.637  -0.196  -0.234  -6.443  -0.529  -0.498  -1.908  -1.910   0.736 
  3 A  -0.907   1.287  -0.791  -4.371  -3.113  -0.083  -0.483  -1.546   0.580   0.264   0.781  -0.232   1.660  -1.037  -2.333   1.383   0.258   1.654   0.955   0.553 
  4 A  -2.715  -6.015   0.438   6.812  -9.941  -5.793  -0.298  -5.286  -2.380  -7.998  -5.872  -3.999  -6.274  -7.827  -9.238   3.577  -2.564 -13.436 -10.823  -8.027 
  5 A  -2.536   1.410   0.588  -1.571  -0.353   0.543   0.411  -1.842   0.814  -0.493   0.370   0.749   0.472   0.179   0.150   0.110  -0.049  -2.205   1.094  -0.070 
  6 A  -0.469   3.337  -0.866  -1.003  -2.139  -0.019  -0.923  -2.252  -0.874  -2.133  -1.416   2.106  -0.581  -4.629   2.501   0.908   0.228  -3.074  -2.778   0.125 
  7 A   0.368  -1.850   0.820  -0.423  -6.857   0.535  -1.947  -2.581  -2.019   0.296   2.122  -2.205   2.556  -3.475   0.691   1.046  -0.027  -6.475  -1.351   0.306 
  8 A   0.252   0.754  -0.810  -1.200  -2.591   1.101  -0.485  -1.432  -1.362  -1.259   1.740   0.190   2.758  -1.038   0.544  -0.314  -0.907  -4.109  -0.785  -0.224 
  9 A  -1.179   3.813  -2.267  -5.435  -7.354  -1.676  -3.439  -4.982  -0.081  -0.048   0.896  -1.910  -0.141   1.399  -7.055   0.889  -0.722  -2.083   3.577   0.330 
