DRB1_0834

Last position-specific scoring matrix computed       
            A       R       N       D       C       Q       E       G       H       I       L       K       M       F       P       S       T       W       Y       V 
  1 A  -5.780  -4.721  -8.610  -9.147  -4.964  -4.127  -7.184  -9.086  -5.416   2.424   1.210  -8.092   1.621   5.115  -5.276  -7.330  -6.426   4.199   4.685   0.428 
  2 A  -3.701   1.418   1.877  -5.755  -2.605   2.287  -3.952  -2.072  -0.147   0.993   0.126   2.301   0.153  -3.945  -9.755   1.144  -0.056  -1.844  -3.383   1.477 
  3 A  -1.577   2.588   0.202  -5.151  -4.825   1.054  -1.850  -3.060   2.858  -0.278   0.586   1.378   0.931  -2.818  -2.345   1.460  -1.638   2.064  -0.065  -0.239 
  4 A   0.559   0.637   1.707   0.941 -10.068   0.514   0.053  -1.138  -1.167  -0.280  -1.500  -0.354  -0.849  -4.477  -5.894   2.853   1.584  -7.280  -3.944  -0.149 
  5 A  -0.253   0.975   0.085  -5.976  -0.870  -0.080  -0.333  -4.107   0.973  -0.655  -0.977   2.453  -2.616   0.392   1.157   1.867   0.567  -4.171   1.197  -1.262 
  6 A   1.386   1.012   1.227  -4.776  -4.603  -1.935  -3.341  -1.302  -2.466  -3.315  -3.500   1.099  -1.463 -10.061   3.609   3.776   1.067  -7.173  -8.017  -0.910 
  7 A   1.377   0.272   2.403  -2.527  -9.324   0.538  -2.850  -1.821  -0.269   0.472  -1.264  -1.846   1.006  -2.286   2.595   1.082  -1.371  -3.950   0.256   0.680 
  8 A  -0.725   0.712  -5.043  -3.588  -5.271   0.163  -2.064  -3.074  -2.928  -0.001   3.016  -0.724   1.390   0.121   1.215   0.076  -0.096  -5.333   1.057  -1.006 
  9 A  -3.475  -5.133  -6.156  -7.910  -9.678  -6.630  -7.040  -5.735  -7.924   4.196   2.684 -10.772   0.729   0.520 -10.505  -1.974  -3.106  -3.225   0.006   3.236 
