DRB1_1434

Last position-specific scoring matrix computed       
            A       R       N       D       C       Q       E       G       H       I       L       K       M       F       P       S       T       W       Y       V 
  1 A  -8.585  -7.697 -11.743 -12.598 -10.336  -8.914 -12.362 -11.775  -9.977   4.153   3.224  -9.953   2.341   2.933  -8.777 -12.488  -9.345   2.083   1.222   1.630 
  2 A  -3.490   1.622   1.833  -3.837  -6.027   2.143  -4.272  -1.585   1.716   1.425  -0.634   2.330   0.124  -4.737  -5.025   1.288  -0.506  -7.059  -3.348   1.043 
  3 A  -1.410   1.753  -1.054  -9.645  -6.371   1.340  -3.916  -2.997   2.232   0.371   1.716  -1.349   2.369  -1.218  -2.415  -0.429  -0.650   2.855   1.957   0.515 
  4 A  -0.354  -7.145   0.093  -1.199 -11.032  -1.742  -3.531  -2.089  -4.966   1.188   3.434  -4.682   2.826  -0.865 -11.761   2.023  -2.349 -10.267  -4.940   0.511 
  5 A  -1.216   2.121   0.329  -5.626   0.885   0.961  -2.025  -2.613   0.831   0.165   0.292   1.104  -0.257  -1.843   1.544   0.086   0.494  -3.249   1.446  -0.818 
  6 A   0.577   2.146   2.876  -3.641  -4.711  -3.773  -4.683  -1.944  -2.839  -1.565  -3.758   1.341   0.908 -11.386   2.957   2.581   2.063  -8.819 -10.529  -1.523 
  7 A   1.498  -1.465   2.710  -4.135 -10.987   1.122  -4.137  -7.327  -5.243   0.914   2.793  -5.393   2.033  -5.863   0.576   0.685  -2.560  -5.797  -2.453  -0.259 
  8 A   0.659   1.603  -2.688  -3.103  -5.265   1.304  -2.092  -0.501  -2.018  -2.211   2.431  -0.070   2.246  -0.887   2.074  -1.047  -1.157  -6.691   0.039  -2.887 
  9 A   0.228   1.230  -0.218  -2.965  -8.766  -0.508  -2.998  -1.256   0.466   0.644   0.710  -2.075   0.208  -0.994  -6.592   2.733   0.326  -1.687   0.905   0.695 
