DRB1_1504

Last position-specific scoring matrix computed       
            A       R       N       D       C       Q       E       G       H       I       L       K       M       F       P       S       T       W       Y       V 
  1 A  -4.978  -2.899  -5.272  -9.163  -4.945  -5.895  -7.927  -6.992  -5.598   3.655   2.818  -6.418   2.053   2.341  -7.558  -5.469  -4.261   2.015   1.406   2.389 
  2 A  -1.017   1.499  -1.039  -1.791  -2.026   1.420  -1.365  -3.071   1.808   1.133  -0.334   1.213   1.468  -2.124  -3.364  -0.040  -0.263  -0.073   1.493   0.958 
  3 A   0.741   2.217  -2.478  -8.003  -6.242  -1.990  -4.960   0.623   1.594   1.083   0.711  -0.298  -1.330  -0.178  -1.449   0.491  -0.156   0.663   1.434  -0.726 
  4 A  -6.180  -5.077  -7.102 -11.217  -8.013  -6.594  -7.612  -3.422  -2.069   1.443   3.505  -2.909   4.282   4.101 -11.714  -1.061  -7.284  -0.014   0.372  -0.210 
  5 A  -0.965   3.251  -3.202  -7.119  -0.187   0.958  -1.673   0.671  -1.909  -3.620   0.176   2.842  -0.570  -3.538  -0.400   1.386  -0.194  -4.146  -0.010  -2.014 
  6 A   2.162  -0.046   3.417  -3.030  -6.038  -5.168  -5.659   0.811  -2.860  -3.595  -1.548  -3.665  -1.237  -7.826  -1.082   4.659   0.255  -2.111  -6.779  -5.500 
  7 A  -1.486   1.989  -0.891  -6.566  -9.658   0.621  -4.064  -2.846  -1.759   0.634   1.571  -1.017   1.834   0.282   1.614   0.652  -3.031   2.911   2.310  -0.766 
  8 A   0.760   2.425  -0.883  -4.800  -2.039  -3.079  -2.585   0.943  -1.022  -1.423   0.251  -1.332  -1.069  -1.633   0.878   1.044   1.185  -6.388  -0.001   0.846 
  9 A   0.872   3.600   0.257  -6.749  -6.752  -4.820  -7.047  -0.247   0.095  -1.775  -0.526   1.948  -2.851  -5.380  -7.143   2.552   0.944  -6.382  -4.783   0.498 
