DRB1_1337

Last position-specific scoring matrix computed       
            A       R       N       D       C       Q       E       G       H       I       L       K       M       F       P       S       T       W       Y       V 
  1 A  -5.927  -4.828  -6.706  -9.369  -5.945  -3.678  -6.666  -8.146  -6.981   2.830   2.824  -7.550   2.771   3.517  -5.737  -6.685  -6.222   2.911   3.911   0.894 
  2 A  -3.572   1.746   1.514  -4.672  -3.963   3.176  -2.988  -2.888   1.827   0.290  -0.275   2.793  -1.179  -2.284  -7.683   0.664  -0.114  -3.182  -1.668   0.640 
  3 A  -1.921   2.675   0.800  -5.599  -5.070   2.091  -1.690  -5.675   3.312   0.437   0.457   1.142   2.398  -2.601  -2.191  -0.866  -0.839  -2.412   0.665  -0.367 
  4 A  -0.399  -2.461   3.143   0.122  -8.861   0.954  -1.495  -0.590  -1.620   1.242   0.715  -2.194   1.607  -6.054  -7.464   1.576   0.501  -6.592  -5.043   0.626 
  5 A  -0.110   1.353   1.076  -5.538  -0.435  -0.012  -1.688  -3.502   0.118   0.034  -1.570   1.449  -0.179  -0.106   0.981   1.472   0.655  -2.421   1.262   0.195 
  6 A   0.336  -0.526   4.126  -6.692  -6.716  -5.288  -5.930  -0.093  -3.523  -4.305  -3.958  -1.517  -1.546 -12.080   1.475   4.067   3.335  -9.163 -10.299  -2.192 
  7 A  -0.206  -2.004   3.796  -3.103  -8.097  -1.688  -3.975  -5.229  -1.918   1.469   1.335  -2.746   1.000  -3.991  -1.194   0.466  -1.636  -5.031  -0.089   2.345 
  8 A   1.400   2.328  -3.613  -4.367  -5.050  -0.435  -3.021  -3.046  -2.069  -1.833   2.356   1.081   0.126  -0.649   1.821   0.122  -0.158  -6.951  -0.499  -2.532 
  9 A  -1.196  -2.427  -1.978  -9.304  -7.484  -3.485  -5.339  -3.660  -1.904   3.134   1.876  -5.166   2.560   0.860  -6.080   0.320   0.170  -1.626   2.037   1.653 
