DRB1_0427

Last position-specific scoring matrix computed       
            A       R       N       D       C       Q       E       G       H       I       L       K       M       F       P       S       T       W       Y       V 
  1 A  -8.834  -7.655  -9.374 -11.927  -9.896  -9.138 -10.677 -10.499  -8.341   3.236   2.658 -10.395   2.369   4.506  -9.917 -10.205  -9.225   2.992   2.759   1.398 
  2 A  -2.892   1.475   1.132  -4.407  -3.715   2.442  -3.257  -3.230   2.025   0.192   0.196   2.096   1.756  -5.008  -5.449   1.313  -0.332  -7.673  -1.534   1.283 
  3 A  -0.557   1.487  -2.082  -7.462  -6.049   1.457  -2.930  -0.915   1.427  -0.412   0.940  -2.583   2.451  -0.641  -2.145   1.151   0.680   2.293   2.697  -0.749 
  4 A  -0.554  -7.875  -5.580   0.067  -9.432  -1.051  -1.861  -3.482  -7.746   1.719   3.184  -5.152   3.480  -0.035  -9.867   1.406   0.538  -4.458  -4.233  -0.132 
  5 A  -3.412   0.790   0.309  -3.909   2.367   0.442  -0.637  -3.962   0.425  -0.321   0.356   0.252  -1.377  -0.127   1.576   0.079   0.714  -0.358   2.487   0.308 
  6 A   0.694  -4.754   4.422  -2.196  -5.185  -5.753  -6.605  -2.563  -7.818  -2.895  -4.676  -4.805  -3.423 -12.395   2.603   3.988   3.648  -9.118 -12.251  -1.251 
  7 A   0.612  -2.830   2.889  -2.874 -11.107  -0.188  -1.293  -9.062  -5.216   0.194   3.092  -5.995   2.022  -3.209   1.822   1.097  -2.826  -5.193  -1.728  -1.613 
  8 A  -0.296   0.825  -3.081  -0.988  -5.043   1.202  -1.590  -0.266  -1.275  -1.902   1.881  -0.554   1.848  -1.791   3.736  -0.023  -0.102  -5.170  -1.981  -2.894 
  9 A   0.603   1.531   0.771  -0.396  -5.930  -0.153  -1.653   0.214   1.653  -1.501  -1.647  -0.820  -0.764  -2.886  -2.028   2.993   1.518  -1.475  -0.646  -1.299 
