DRB1_1215

Last position-specific scoring matrix computed       
            A       R       N       D       C       Q       E       G       H       I       L       K       M       F       P       S       T       W       Y       V 
  1 A  -6.200  -7.224 -10.758 -11.823  -5.555  -8.013 -10.241  -9.513  -6.906   3.502   1.860  -9.497   1.341   4.764  -7.206  -8.603  -6.609   2.749   3.182   1.594 
  2 A  -3.188   1.001   1.942  -3.873  -3.161   1.229  -3.945  -3.405   1.737   2.471  -0.447   2.063   1.095  -5.079  -8.235   0.762   0.077  -1.100  -2.924   0.843 
  3 A  -1.251   1.309  -1.007  -7.588  -4.852   0.768  -3.623  -1.435   3.672  -0.473   1.605  -0.519   0.808  -2.121  -2.247   0.966  -0.856   2.869   0.714   0.482 
  4 A   1.140  -1.320  -0.590  -6.682  -8.143  -2.095  -2.847  -2.759  -0.730   0.479   2.338  -3.032   2.342  -0.194  -6.576   2.544  -1.503  -7.436  -3.612   1.507 
  5 A  -0.138   1.944  -0.225  -6.727  -0.323   0.120  -2.101  -1.970   0.554  -1.429   1.028   2.489  -1.157  -3.044   1.310   1.231   0.086  -6.438  -0.142  -1.642 
  6 A   1.558   3.865   0.466  -6.520  -4.451  -1.429  -3.016  -2.431   0.095  -3.303  -4.884   1.698  -0.207  -8.494   3.927   2.210  -1.506  -5.491  -5.911  -2.459 
  7 A   1.204   2.473   0.324  -5.577 -10.742   1.628  -4.817  -2.187  -0.813   0.009   1.723  -1.548   2.651  -2.129   0.219  -0.055  -1.938  -2.260  -1.108  -0.413 
  8 A  -0.138   1.326  -2.554  -2.870  -4.710   0.709  -1.279   0.434  -2.143  -1.139   2.436  -0.690   1.669  -0.058   0.756  -0.650  -1.051  -3.908   0.499  -1.611 
  9 A  -1.705   0.119  -3.433  -5.479 -10.947  -2.781  -3.945  -2.799  -2.190   2.425   2.685  -3.763   0.413  -0.957 -10.530   0.236  -1.568  -4.660  -0.500   3.002 
