DRB1_1609

Last position-specific scoring matrix computed       
            A       R       N       D       C       Q       E       G       H       I       L       K       M       F       P       S       T       W       Y       V 
  1 A  -5.971  -3.310  -6.131  -8.737  -5.199  -6.130  -8.538  -6.980  -4.723   3.203   2.207  -7.127   1.330   4.045  -8.296  -5.719  -4.605   2.513   3.866   1.320 
  2 A  -2.044   1.698  -0.593  -2.346  -1.292   1.278  -1.197  -5.153   2.932   0.189  -0.296   2.214   1.615  -2.015  -6.055   0.748  -0.005  -1.364   1.638  -0.025 
  3 A   0.397   2.542  -1.038  -7.549  -4.231  -1.070  -4.315  -0.248   2.284  -0.131   0.671   0.166  -1.744  -0.328  -3.171   0.924   0.674   1.041   1.151  -0.645 
  4 A  -4.043  -3.666  -4.610 -12.005  -5.690  -5.355  -6.810  -4.037  -2.674   1.708   3.844  -2.389   4.431   2.041 -10.907  -0.406  -5.274  -1.831  -2.578   0.946 
  5 A  -0.735   3.724  -3.433  -8.331  -1.100   0.754  -2.880  -0.430  -2.535  -2.987  -0.008   3.385  -1.203  -3.487   0.673   0.687  -0.011  -4.285  -0.339  -1.992 
  6 A   2.069   1.434   3.450  -6.166  -4.660  -5.140  -5.195   1.040  -1.284  -3.779  -1.865  -1.618  -0.998  -7.281  -1.430   4.097   0.235  -2.711  -6.569  -4.151 
  7 A  -2.084   2.669  -0.649  -7.978 -10.317   0.561  -5.244  -3.781  -0.498   0.427   2.070  -0.226   2.223   0.278   0.224  -0.247  -2.692   1.766   2.285  -1.050 
  8 A   0.982   2.832  -1.791  -5.329  -2.510  -1.525  -2.331   0.098  -0.909  -1.396   0.270  -0.296  -0.809  -1.199  -0.112   1.117   1.901  -4.859   0.004  -0.244 
  9 A   0.719   2.757   0.829  -5.617  -7.608  -3.291  -5.037   0.310  -0.007  -1.222  -1.227   1.848  -1.918  -4.139  -4.478   3.018   1.217  -3.794  -3.178  -0.289 
