DRB1_1355

Last position-specific scoring matrix computed       
            A       R       N       D       C       Q       E       G       H       I       L       K       M       F       P       S       T       W       Y       V 
  1 A  -7.796  -4.774  -8.712  -9.785  -7.584  -7.282  -9.223  -8.284  -5.690   2.369  -0.262  -8.013   0.277   6.038  -6.328  -7.671  -7.194   3.823   5.134  -0.648 
  2 A  -3.590   1.806   0.761  -5.260  -2.262   1.103  -3.737  -3.619   1.343   0.653   0.123   2.775   0.981  -2.944  -7.617   1.857   0.430  -1.592  -1.838   0.550 
  3 A  -1.159   3.099   0.283  -8.150  -3.707  -0.687  -3.404  -1.831   1.846  -1.426   0.533   0.896  -0.824  -2.096  -4.577   2.208   0.166   2.579  -0.080   0.189 
  4 A   0.945  -0.811  -1.013  -4.498  -6.183  -0.849  -2.327  -1.455  -3.112   0.159   2.656  -1.622   2.303  -2.280  -5.932   2.467  -0.156  -7.522  -4.408   0.391 
  5 A  -1.371   3.071  -1.673  -7.513  -0.247   0.378  -2.667  -3.950   0.333  -0.514   0.085   2.416  -1.386  -0.743   2.453   0.300   0.513  -4.458   0.460  -1.558 
  6 A   0.904   4.400   0.267  -8.566  -3.996  -3.060  -3.851  -1.589  -1.345  -2.637  -3.169   3.110  -0.887  -8.924   1.589   1.994  -0.982  -5.169  -6.787  -1.568 
  7 A   0.947   2.251   0.932  -6.099  -9.240   0.698  -3.456  -4.122  -1.802   0.558   1.476  -2.200   2.313  -1.507   2.760  -0.425  -1.663  -3.770  -0.081  -1.061 
  8 A  -0.229   0.721  -3.891  -3.599  -5.535   1.309  -1.487  -1.563  -1.984  -0.741   2.312  -0.053   1.994  -0.430   0.730   0.244   1.137  -4.756   0.794  -1.807 
  9 A   0.810  -1.601   0.313  -1.817  -7.023  -0.770  -1.665   0.963  -1.413   0.413  -1.385  -2.693  -1.369  -2.826  -2.217   3.865   0.822  -1.593  -0.214   0.229 
