DRB1_1507

Last position-specific scoring matrix computed       
            A       R       N       D       C       Q       E       G       H       I       L       K       M       F       P       S       T       W       Y       V 
  1 A  -4.745  -1.949  -3.795  -6.435  -3.706  -4.239  -5.818  -5.194  -5.654   3.336   2.969  -4.866   2.189   1.575  -6.674  -4.697  -3.328   2.305   0.589   2.368 
  2 A  -0.584   1.926  -0.570  -2.309  -2.140   1.999  -0.867  -2.602   1.532   0.688  -0.801   0.852   1.124  -2.634  -1.884  -0.209  -0.549  -0.693   1.279   1.244 
  3 A   0.686   2.090  -2.721  -7.070  -8.843  -0.964  -4.507  -0.093   1.567   1.950   0.818  -0.445   0.251  -0.281  -0.365  -0.374  -0.979  -0.307   1.893  -1.426 
  4 A  -7.213  -5.847  -6.545  -8.660  -9.504  -4.703  -5.514  -3.483  -2.060   2.122   2.822  -2.401   3.999   4.214 -12.290  -1.106  -6.912   1.494   2.372  -0.672 
  5 A  -0.329   2.290  -2.288  -6.000   0.412   1.344  -1.020   0.455  -1.135  -3.779  -0.108   2.222  -0.491  -2.148  -0.664   1.881   0.351  -3.194   0.762  -1.704 
  6 A   1.942  -5.905   4.139  -2.738  -9.200  -8.227  -8.315   0.263  -6.823  -5.441  -2.610  -8.080  -3.081 -11.739  -1.909   5.401   1.351  -2.629 -11.826  -6.429 
  7 A  -1.501   0.784   0.328  -4.877 -10.622   0.283  -3.077  -2.998  -2.551   0.706   1.014  -1.232   0.983  -0.188   2.266   1.369  -2.744   3.468   2.735  -0.266 
  8 A   0.508   2.403  -1.079  -4.938  -1.727  -3.614  -2.622   0.719  -1.336  -1.158   0.643  -1.084  -1.450  -1.364   1.392   0.564   0.973  -6.397   0.152   0.974 
  9 A   0.299   2.781   0.441  -5.845  -4.478  -5.346  -6.138  -1.262   0.264  -0.556   1.227   1.064  -1.501  -3.743  -7.223   1.586   1.158  -6.115  -4.124   1.489 
