DRB1_1451

Last position-specific scoring matrix computed       
            A       R       N       D       C       Q       E       G       H       I       L       K       M       F       P       S       T       W       Y       V 
  1 A -10.124  -8.454 -11.217 -12.884 -10.238  -8.996 -11.852 -12.513  -8.922   1.887   1.911 -11.544   1.216   5.737 -10.312 -11.593 -10.840   3.738   5.062  -1.252 
  2 A  -4.536   2.492   1.776  -5.772  -3.447   2.814  -3.905  -2.897   2.401  -0.866  -0.119   3.113  -0.757  -3.226 -10.255   1.432  -0.110  -4.991  -3.105  -0.357 
  3 A  -1.662   2.937   0.226  -8.525  -3.628   1.522  -2.014  -3.659   2.081  -1.034   1.198  -0.136   1.996  -1.600  -4.458   0.446   0.233   1.873   1.467  -0.607 
  4 A   0.400  -3.029   1.027   0.759  -9.919   1.347  -0.492  -2.786  -3.101   0.438   2.026  -2.674   2.345  -5.398  -6.904   1.960   0.646  -8.619  -6.550   0.092 
  5 A  -1.112   2.231  -0.236  -5.152  -0.130   0.581  -1.140  -4.482   0.221   0.132   0.176   1.124  -0.865  -0.726   2.080   0.635   0.597  -3.275   0.560  -0.256 
  6 A   1.058   1.467   2.533  -7.449  -4.230  -4.165  -4.539  -0.591  -1.456  -2.465  -2.928   0.744  -0.200 -10.464   2.638   2.819   2.415  -7.439 -10.124  -0.539 
  7 A   0.522   0.062   3.574  -3.738 -10.645   0.722  -2.538  -6.755  -1.838   0.134   2.075  -3.981   2.377  -4.002   0.248   1.013  -1.956  -7.749  -0.619  -0.260 
  8 A   0.567   2.666  -4.816  -3.396  -6.451   1.695  -1.508  -3.444  -1.755  -2.199   2.046   1.363   1.773  -0.696   0.817   0.404  -0.501  -5.478   0.083  -4.165 
  9 A   0.808   0.249   0.549  -3.772  -6.797  -0.512  -2.358  -0.769  -0.200   0.776  -0.202  -2.770   0.594  -0.875  -2.896   3.137   0.752  -1.759   0.898  -0.061 
