DRB1_0447

Last position-specific scoring matrix computed       
            A       R       N       D       C       Q       E       G       H       I       L       K       M       F       P       S       T       W       Y       V 
  1 A  -8.636  -5.207  -8.508  -9.570  -9.354  -7.922  -9.284  -8.424  -5.467   1.649   0.728  -8.992   0.419   5.977  -7.433  -7.460  -7.536   3.664   5.322  -0.657 
  2 A  -2.861   1.897  -0.091  -4.972  -0.803   1.304  -2.281  -5.002   3.074  -1.217  -0.049   2.548   1.241  -1.847  -8.125   1.634   0.317  -3.086   1.067   0.182 
  3 A  -0.034   2.350  -0.350  -6.497  -3.367   0.084  -3.030  -1.607   1.716  -1.163   0.603  -0.615   0.182  -0.034  -4.230   2.013   1.579   0.284   1.043  -0.904 
  4 A  -0.210  -4.978  -3.792  -4.415  -6.471  -0.680  -2.280  -2.606  -5.305   1.475   3.411  -3.348   4.021  -1.631  -5.740   0.768   0.039  -3.737  -6.557   0.601 
  5 A  -1.922   2.467  -1.655  -5.095   0.962   0.408  -2.104  -3.130  -0.854  -0.633   0.300   1.206  -0.759  -0.306   2.325   0.336   0.578  -1.438   0.961   0.280 
  6 A   1.762  -2.142   3.847  -6.337  -3.531  -6.119  -5.127  -0.197  -3.796  -2.743  -2.843  -2.502  -2.503 -10.262   0.229   4.090   2.730  -5.073  -9.695  -0.873 
  7 A  -0.554   0.242   1.854  -6.570  -9.625  -0.580  -2.172  -6.124  -2.701   0.349   2.938  -3.063   2.287  -0.527   1.145   0.634  -1.792  -2.861   1.071  -1.381 
  8 A   0.876   1.573  -2.773  -2.582  -3.248   0.764  -1.365  -1.148  -0.759  -1.627   0.804   0.382   0.420  -0.778   1.557   1.373   1.695  -3.625  -0.725  -2.077 
  9 A   0.932   0.214   1.736  -2.095  -6.202  -0.657  -2.728   1.141   0.377  -2.066  -3.624  -0.693  -1.146  -3.937  -0.712   3.797   2.087  -1.521  -1.549  -2.322 
