DRB1_0711

Last position-specific scoring matrix computed       
            A       R       N       D       C       Q       E       G       H       I       L       K       M       F       P       S       T       W       Y       V 
  1 A  -4.646  -4.756  -6.152  -7.190  -2.684  -4.515  -5.908  -6.552  -4.638   1.185   2.427  -7.387   0.767   5.240  -5.650  -5.172  -4.929   2.846   4.004   0.380 
  2 A  -3.384   0.749   1.785  -3.313  -0.592   1.867  -1.982  -4.530   1.329  -0.086   0.433   1.635   3.529  -4.564  -9.047   1.335   0.450  -0.673  -2.607   0.506 
  3 A   0.440   0.901  -1.158  -3.554  -3.008   0.779  -1.300  -1.388   3.328  -0.736   0.557   0.366  -0.422  -2.011  -0.711   2.047  -0.984   0.282   0.709  -0.591 
  4 A   0.927  -0.729  -1.448  -5.330  -8.000  -1.934  -0.995  -3.819  -1.230   1.037  -0.796  -2.334  -0.411  -2.580  -4.911   3.802   3.036  -4.984  -3.301   1.186 
  5 A   1.130   1.413  -1.028  -5.619  -2.335  -0.658  -0.420  -2.781  -0.827  -1.360  -0.546   1.990  -2.924  -0.961   1.223   1.640   0.714  -4.856   0.745   0.326 
  6 A   3.074  -3.849   2.448  -4.017  -4.003  -3.029  -1.636  -1.259  -1.783  -4.976  -6.421  -6.349  -5.425 -10.549   2.736   4.885   0.724  -5.348  -6.820  -2.862 
  7 A  -0.883   1.705   0.613  -4.358  -6.301   1.079  -3.296  -0.663   1.221  -1.176   0.400   0.469   1.451  -0.465  -0.409   1.547  -0.297   0.777   1.245  -0.383 
  8 A   0.048   1.461  -3.454  -2.036  -1.801  -0.864  -1.356  -1.055  -1.180  -0.139   1.483   0.068   0.419   0.034   1.303   0.745   0.621  -3.143   0.065  -0.780 
  9 A  -6.115  -3.589  -8.121 -10.016  -8.954  -7.742  -8.130  -8.056  -6.563   3.495   3.571  -8.352   0.902   0.061 -10.387  -4.182  -1.764  -5.412  -0.971   3.384 
