DRB1_0829

Last position-specific scoring matrix computed       
            A       R       N       D       C       Q       E       G       H       I       L       K       M       F       P       S       T       W       Y       V 
  1 A  -7.050  -4.971  -8.152 -10.038  -5.802  -4.768  -7.397  -8.822  -6.804   2.853   1.348  -8.617   1.382   5.254  -6.805  -8.105  -7.883   4.604   4.493  -0.598 
  2 A  -3.448   1.442   2.194  -4.544  -3.857   2.880  -3.442  -2.440   1.196   0.804  -0.427   2.497   0.101  -3.995  -8.354   1.193  -0.379  -2.213  -3.049   0.826 
  3 A  -2.732   2.825   0.305  -6.389  -4.754   1.679  -2.074  -3.976   3.306  -0.748   0.870   1.195   1.042  -2.700  -3.149   1.078  -1.973   2.186   0.880  -0.407 
  4 A   0.115  -0.417   1.613  -0.048  -9.918   0.936  -0.247  -2.266  -1.677   0.585   0.559  -1.399   0.865  -4.384  -7.318   2.509   1.447  -7.520  -3.781   0.419 
  5 A  -0.394   1.812  -0.225  -6.649  -0.265   0.147  -1.055  -5.274   0.872  -0.327  -1.031   2.433  -2.303  -0.474   1.410   1.490   1.006  -5.524   1.153  -1.036 
  6 A   0.627   2.426   1.760  -5.340  -4.769  -2.320  -3.613  -1.889  -1.184  -2.569  -4.142   1.626  -0.409 -11.264   3.171   3.459   1.114  -9.255  -8.878  -1.340 
  7 A   1.014   1.368   2.927  -2.988  -9.189   1.596  -3.140  -3.211  -0.486   0.609  -0.086  -1.467   1.609  -3.271   1.188   0.714  -2.383  -5.196   0.026   0.300 
  8 A  -0.717   2.249  -5.049  -4.104  -6.837   0.747  -1.742  -2.880  -3.185  -1.218   2.978   0.213   1.401  -0.686   1.148  -0.489  -0.431  -5.082   1.224  -2.340 
  9 A  -1.680  -3.401  -2.671  -4.634  -8.746  -3.318  -4.148  -3.252  -3.796   3.536   2.197  -7.060   0.739   0.596  -6.820   0.260  -1.204  -1.657   1.239   2.326 
