DRB1_0906

Last position-specific scoring matrix computed       
            A       R       N       D       C       Q       E       G       H       I       L       K       M       F       P       S       T       W       Y       V 
  1 A  -5.680  -5.886  -9.582 -10.666  -7.136  -5.696 -10.537  -7.295  -6.473   2.516   1.767  -8.386   2.562   4.525  -5.339  -8.655  -5.936   4.051   4.203   1.496 
  2 A  -1.654   0.035   2.913  -5.515  -1.851   0.371  -5.693   1.091   2.000   1.982  -2.132   0.821  -0.996  -4.158  -8.304   0.825   0.671  -0.069  -3.188   0.931 
  3 A   0.181   1.396  -4.708  -6.913  -2.895   1.868  -1.821  -1.772   2.679  -0.922   1.623   0.529   1.850  -2.063  -0.185   1.681  -2.763  -0.024   0.432  -1.533 
  4 A   2.012  -5.188  -3.668  -1.751 -11.175  -3.691  -2.831  -0.621  -0.235  -0.618   0.675  -8.405   0.042   2.022  -1.847   3.559  -2.592  -3.368   0.880   0.884 
  5 A  -0.343  -0.418  -0.061  -5.669   0.710  -0.652  -0.376  -4.563   1.259  -1.115   0.558   2.433  -0.245  -3.725   0.620   3.007   0.565  -4.048  -0.169  -2.260 
  6 A   2.617   1.138  -2.686  -3.163  -4.495  -1.565  -0.088   0.464  -4.924  -3.818  -6.451  -1.745  -2.568 -11.127   4.793   3.022  -0.386  -4.516  -6.936  -1.385 
  7 A   1.152   0.964   0.765  -0.648  -9.274  -2.657  -1.912  -1.539  -3.500   0.320   1.325  -2.705   1.972  -3.519   2.192   0.171  -2.327  -3.500  -3.940   1.535 
  8 A  -1.688  -0.898  -3.188  -0.639  -6.025   1.603   1.337   0.491  -3.877  -3.108   2.133   0.033   1.629   1.195   3.143  -0.977  -1.638  -4.417  -2.480  -4.812 
  9 A   0.007  -3.238  -5.766  -2.697 -10.305  -2.109  -2.751  -5.491  -6.146   2.015   3.201  -7.140  -1.320  -4.810 -11.886  -0.511  -2.922  -5.948  -1.196   3.810 
