DRB1_1346

Last position-specific scoring matrix computed       
            A       R       N       D       C       Q       E       G       H       I       L       K       M       F       P       S       T       W       Y       V 
  1 A  -7.894  -4.894  -8.814  -9.516  -6.001  -7.648  -9.118  -8.078  -5.724   2.902   1.306  -8.020   0.052   5.582  -7.187  -7.126  -6.196   2.838   4.502  -0.179 
  2 A  -3.545   1.340   0.855  -3.177  -2.419   0.662  -2.855  -4.454   2.634   0.610   0.366   2.373   1.286  -1.448  -7.990   1.778   0.613  -1.503  -0.485  -0.513 
  3 A  -1.300   2.392  -0.897  -8.170  -3.891  -1.093  -3.839  -2.142   1.772  -0.805   1.843   1.141  -2.134  -0.984  -5.773   1.763   0.080   2.129   0.061   0.161 
  4 A  -0.433  -3.835  -1.011  -6.346  -6.100  -3.755  -4.661  -2.484  -3.196   0.649   3.397  -4.387   2.545  -1.094  -9.437   2.831  -0.957  -7.564  -5.617   1.301 
  5 A  -1.038   3.536  -2.639  -7.912  -0.538   0.505  -3.539  -3.529  -0.217  -1.031  -0.307   2.926  -0.684  -3.315   2.754  -0.230   0.640  -5.478  -0.267  -1.273 
  6 A   0.942   4.360   1.817  -8.457  -2.454  -3.123  -3.595  -2.143  -0.221  -1.686  -3.802   2.535  -0.233  -6.637  -0.589   2.082  -0.152  -3.907  -4.239  -1.930 
  7 A  -0.603   2.653   0.207  -7.492  -9.238   1.304  -5.123  -4.799  -1.928   0.447   2.761  -2.286   3.317  -1.672   0.557  -0.943  -1.560  -2.785  -0.412  -1.287 
  8 A   0.787   0.899  -2.320  -3.031  -4.704   0.324  -1.492  -0.266  -1.543  -1.060   1.262   0.554   1.798  -0.544   0.194   0.673   0.960  -3.789   1.250  -1.662 
  9 A  -0.084  -1.393   0.992  -1.708  -6.573  -0.814  -1.082  -1.682   0.495   0.623  -0.718  -1.053  -1.700  -1.515  -3.637   3.457   1.305  -1.701   0.705   0.715 
