DRB1_1433

Last position-specific scoring matrix computed       
            A       R       N       D       C       Q       E       G       H       I       L       K       M       F       P       S       T       W       Y       V 
  1 A  -8.311  -6.411 -10.142 -12.003  -9.289  -7.976 -11.077 -10.147  -7.994   4.121   3.655  -9.622   2.512   1.404  -9.232 -10.126  -7.550   1.062  -0.302   2.116 
  2 A  -3.425   1.207   1.038  -2.331  -6.196   1.621  -4.257  -1.378   1.404   1.736   0.444   1.818   0.149  -1.424  -3.234   0.932  -0.180  -3.847  -1.680   0.356 
  3 A  -1.672   2.161  -1.212  -7.915  -5.282   0.205  -3.117  -2.462   0.830   0.505   1.761  -0.132   0.977  -1.149  -3.177   0.226   0.096   3.022   1.493   0.511 
  4 A  -1.624  -7.312   0.436   0.226  -7.357  -3.110  -3.147  -2.290  -3.065  -0.155   3.674  -3.833   2.856  -0.916 -12.193   2.846  -3.595  -9.088  -5.078  -0.581 
  5 A  -1.883   3.127  -0.268  -4.289   0.137   1.283  -1.281  -1.555   0.619  -0.679   0.124   1.540   0.436  -3.098   1.378  -0.520   0.460  -3.545   0.446  -0.942 
  6 A  -0.955   4.485   1.502  -3.372  -5.352  -1.705  -3.734  -2.912  -0.764  -1.421  -2.936   2.712   1.261  -8.736   1.588   1.413   0.543  -7.572  -6.501  -2.514 
  7 A   0.846  -0.758   1.491  -4.155  -8.839   1.452  -4.496  -6.874  -4.335   0.776   3.190  -4.460   2.789  -5.563   0.211   0.451  -1.722  -7.473  -2.596  -0.225 
  8 A   1.268   2.291  -1.084  -2.816  -4.197   1.164  -1.783  -0.446  -0.999  -2.688   1.400   0.345   2.252  -1.769   1.393  -0.559  -1.429  -6.624   0.224  -1.660 
  9 A   0.354   2.443   0.206  -3.586  -6.850  -0.417  -3.250  -2.118   1.429  -1.170  -0.242  -0.563  -0.725  -1.572  -7.124   3.340   0.500  -2.740   1.585  -0.242 
