DRB1_1521

Last position-specific scoring matrix computed       
            A       R       N       D       C       Q       E       G       H       I       L       K       M       F       P       S       T       W       Y       V 
  1 A  -5.462  -2.788  -5.372  -8.348  -5.147  -5.383  -7.909  -7.363  -6.538   3.909   2.750  -6.627   2.639   1.586  -7.563  -6.090  -4.520   2.189   1.028   2.502 
  2 A  -1.396   1.571  -0.589  -2.057  -2.355   1.758  -1.834  -3.094   1.099   1.482  -0.616   1.494   2.037  -3.277  -3.531  -0.108  -0.489  -0.512   0.723   1.384 
  3 A   0.423   2.641  -1.931  -8.232  -7.610  -1.260  -5.210   0.008   2.038   1.473   0.401   0.320  -0.430  -1.105  -0.768   0.237  -0.302   0.242   1.155  -0.886 
  4 A  -5.017  -3.850  -5.003 -11.675  -8.739  -5.406  -6.831  -3.224  -1.760   1.885   3.261  -1.681   4.112   3.473 -11.277  -0.495  -6.236  -0.446   0.651   0.210 
  5 A  -0.214   2.705  -2.849  -8.013  -0.651   0.795  -1.988   0.459  -1.570  -3.678   0.121   2.989  -0.879  -2.859  -0.645   1.553   0.223  -4.812   0.539  -1.870 
  6 A   2.039   0.354   3.378  -3.437  -8.057  -5.160  -6.626   0.307  -2.652  -4.502  -1.877  -2.695  -1.203  -8.821   0.406   4.838   0.134  -3.652  -8.110  -6.292 
  7 A  -0.497   1.879  -0.175  -6.446  -9.613   0.314  -5.007  -2.408  -1.770   0.959   0.831  -0.362   1.097  -0.409   2.250   0.669  -2.942   2.477   2.098  -0.219 
  8 A   0.448   2.544  -1.671  -7.213  -2.263  -3.034  -3.215   0.085  -1.483  -0.887   1.255  -1.284  -0.799  -1.464   0.926   0.551   0.801  -6.217   0.403   1.179 
  9 A   0.182   2.774  -0.605  -8.128  -6.530  -6.232  -8.620  -0.518  -0.721   0.167   1.540   0.481  -1.302  -3.849  -8.573   1.697   0.492  -6.209  -4.247   1.928 
