DRB1_0302

Last position-specific scoring matrix computed       
            A       R       N       D       C       Q       E       G       H       I       L       K       M       F       P       S       T       W       Y       V 
  1 A  -6.657  -6.493 -10.971  -9.480  -6.666  -7.691  -8.892  -9.303  -7.158   1.747   2.849  -8.958   1.873   4.988  -6.755  -5.916  -5.980   2.161   3.957   0.763 
  2 A  -5.273   0.577   1.243  -3.894  -3.009   1.824  -4.759  -2.565   0.430   0.681   2.254   1.799   0.364  -0.533  -9.919  -0.083  -0.594  -3.039  -1.547   0.856 
  3 A  -1.103   1.978   0.484  -4.012  -2.532   0.502  -0.015  -1.939   1.015  -0.513   0.135  -0.234   1.877  -1.878  -3.986   1.795   0.950   0.999   0.583  -0.150 
  4 A  -1.657  -4.768   1.250   6.491 -11.820  -2.954   1.236  -5.493  -4.014  -6.934  -5.882  -2.947  -4.374 -11.947  -8.352   2.671   0.160 -13.510 -12.765  -6.642 
  5 A  -2.776   1.299   0.792  -1.803  -0.415   0.318   0.116  -2.851   0.234  -0.111  -0.024   0.633  -0.214   0.991   1.196   0.087   0.462  -1.933   0.936   0.137 
  6 A  -0.013   1.699   1.499  -3.250  -2.377  -1.681  -1.955  -1.408  -1.219  -2.673  -1.896   1.363  -1.863  -6.266   2.658   2.045   2.162  -4.774  -5.009   0.912 
  7 A  -0.073  -2.048   2.425  -1.340  -8.076   0.361  -1.811  -3.780  -1.398  -0.240   1.857  -1.714   2.483  -2.494   0.393   1.394  -0.062  -8.112  -0.511   0.358 
  8 A   0.727   1.951  -2.550  -2.093  -3.995   1.065  -0.806  -2.955  -1.517  -1.241   1.732   0.978   2.227  -0.719   0.351   0.023  -0.019  -4.733  -0.655  -1.555 
  9 A  -0.738   3.118  -0.988  -4.134  -6.498  -1.066  -2.457  -3.260  -0.073   0.182  -0.491  -1.856   0.575   1.415  -3.782   2.045   0.181  -1.456   3.525  -0.792 
