DRB1_0411

Last position-specific scoring matrix computed       
            A       R       N       D       C       Q       E       G       H       I       L       K       M       F       P       S       T       W       Y       V 
  1 A  -9.586  -7.039 -10.844 -12.648  -8.409 -10.516 -11.563 -11.025  -7.679   3.191   2.377  -9.704   1.401   5.219  -8.713 -10.158  -8.882   3.225   2.719   0.790 
  2 A  -2.938   0.752   1.236  -3.767  -5.181   2.090  -3.674  -3.049   1.890   1.016   0.511   1.239   2.611  -4.391  -6.229   1.596  -0.076  -6.458  -1.470   1.102 
  3 A  -1.020   1.071  -2.638  -7.301  -6.736   1.359  -2.766  -0.629   1.319  -0.905   1.683  -1.942   1.380  -1.244  -2.985   1.965  -0.584   3.558   2.665  -1.020 
  4 A  -1.503  -9.161  -6.352   0.317  -9.835  -3.336  -2.025  -4.261  -7.916   1.580   3.159  -6.020   2.839   1.431 -10.813   2.127   0.534  -4.925  -3.024  -0.035 
  5 A  -3.186   0.906  -0.410  -4.098   2.436   0.589  -0.927  -5.011   0.642  -0.270   0.036   1.053  -1.975  -0.038   1.963  -0.019   1.304  -1.793   2.338  -0.112 
  6 A   0.727  -3.550   4.202  -1.613  -2.943  -3.628  -3.592  -3.257  -7.243  -1.064  -4.571  -2.840  -2.077 -11.755   1.802   3.856   2.968  -9.127 -12.219  -0.121 
  7 A   0.501  -1.875   2.124  -2.567 -10.807   1.411  -1.333  -8.066  -4.828   0.084   2.676  -5.617   2.551  -1.607   2.276   1.033  -2.619  -2.892  -1.868  -1.478 
  8 A  -1.620  -0.067  -3.451  -0.206  -5.538   0.687  -0.978   0.827  -2.290  -0.382   1.908  -1.871   1.817  -1.373   3.620  -0.538  -0.790  -4.599  -0.342  -2.057 
  9 A  -0.480  -0.951   0.759   3.228  -7.089  -1.196   0.580  -2.291   1.022  -1.013  -1.119  -2.429  -3.675  -3.366  -3.020   3.044   1.161  -1.404  -0.953  -0.176 
