DRB1_0811

Last position-specific scoring matrix computed       
            A       R       N       D       C       Q       E       G       H       I       L       K       M       F       P       S       T       W       Y       V 
  1 A  -8.464  -5.818 -10.041 -11.225  -8.848  -8.659 -10.468  -9.187  -5.632   1.874  -1.019  -9.168   0.651   6.119  -7.701  -9.543  -7.953   4.362   5.605  -0.566 
  2 A  -3.467   2.094   0.796  -6.044  -2.064   1.349  -4.282  -3.317   0.509   0.756   0.046   2.796   0.691  -4.093  -9.170   1.591   0.213  -1.584  -2.407   1.166 
  3 A  -1.208   3.227   0.659  -7.762  -3.700  -0.388  -3.035  -1.243   2.118  -1.555  -0.592   0.963  -0.017  -2.642  -3.816   2.325   0.250   2.655  -0.156  -0.012 
  4 A   1.517   0.681  -1.050  -3.546  -6.201   0.637  -1.603  -1.272  -1.913  -0.154   1.486   0.054   1.764  -2.849  -3.631   2.292   0.408  -6.410  -4.249  -0.246 
  5 A  -1.697   2.785  -0.985  -6.070  -0.671   0.358  -1.858  -4.568   0.721  -0.690   0.223   2.094  -1.498  -0.008   2.201   0.645   0.551  -4.444   0.779  -1.389 
  6 A   1.043   3.831  -0.559  -7.228  -4.284  -2.487  -3.854  -1.072  -1.662  -3.408  -2.849   2.946  -2.214 -10.063   3.230   2.199  -1.039  -5.997  -7.322  -1.521 
  7 A   1.599   2.063   0.923  -5.612  -9.649   0.325  -3.175  -3.414  -1.687   0.439   0.583  -1.572   1.785  -1.414   3.180  -0.215  -1.687  -5.447   0.235  -0.738 
  8 A  -0.856   0.728  -4.820  -3.792  -5.369   1.736  -1.903  -3.041  -1.903  -0.737   2.840  -0.200   2.134  -0.528   0.901   0.114   0.954  -5.182   0.016  -1.673 
  9 A   1.119  -0.942  -0.371  -2.981  -7.348  -0.741  -2.725   1.750  -2.836   0.759  -0.752  -3.373  -0.309  -2.652  -2.311   3.358   0.270  -1.592  -0.285   0.385 
