DRB1_1416

Last position-specific scoring matrix computed       
            A       R       N       D       C       Q       E       G       H       I       L       K       M       F       P       S       T       W       Y       V 
  1 A  -3.797  -4.663  -5.906  -8.488  -4.419  -2.886  -6.664  -7.650  -7.700   3.741   3.298  -5.882   2.681   0.907  -5.024  -6.832  -4.433   1.585   0.547   2.118 
  2 A  -2.826   0.618   2.009  -4.175  -5.933   2.595  -4.324  -1.872   0.122   2.370  -0.337   1.840  -0.435  -2.954  -5.211   0.200  -0.308  -2.186  -2.589   1.358 
  3 A  -2.041   1.581  -1.146  -6.829  -8.963   1.783  -2.907  -4.749   2.763   1.759   1.646   0.595   1.974  -2.523  -0.898  -1.527  -2.885   0.189   1.035   0.637 
  4 A  -0.869  -2.581   2.468   0.114 -11.426  -1.345  -2.313  -1.253  -1.009   1.571   0.810  -2.334  -0.002  -1.416  -9.349   2.731  -0.116  -7.360  -0.526   0.812 
  5 A   0.469   0.740   1.081  -6.182   0.370   0.327  -1.791  -2.147   0.469  -0.142  -1.543   2.006  -0.546  -0.728  -0.368   1.506   0.681  -4.718   1.337  -0.197 
  6 A   0.576   0.392   3.700  -2.997  -4.729  -2.975  -4.054  -1.257  -4.474  -2.368  -4.282  -0.901   0.307 -11.804   2.007   3.830   2.619  -5.442  -8.856  -1.827 
  7 A   0.653  -2.103   2.600  -2.451  -9.856  -0.474  -5.351  -3.797  -3.977   1.842   1.216  -2.911   1.182  -4.344   0.316   0.511  -1.588  -2.952  -1.318   2.420 
  8 A   0.478   1.040  -3.066  -4.508  -4.928  -1.552  -2.748  -0.727  -2.582  -0.500   2.643  -0.002   1.052   0.044   1.872  -0.941  -0.860  -8.000   1.010  -0.993 
  9 A  -4.830  -3.432  -5.356  -9.640  -9.869  -6.580  -6.041  -9.494  -3.632   3.826   3.223  -7.914   0.989   0.996 -12.435  -3.294  -2.608  -4.628   1.334   2.660 
