DRB1_1363

Last position-specific scoring matrix computed       
            A       R       N       D       C       Q       E       G       H       I       L       K       M       F       P       S       T       W       Y       V 
  1 A  -6.409  -4.468  -7.880 -10.535  -7.254  -5.484  -8.765  -8.032  -6.871   3.449   2.623  -6.802   1.680   3.446  -7.550  -7.574  -6.407   2.126   4.142   1.183 
  2 A  -3.676   1.877   0.985  -3.840  -2.751   1.948  -3.021  -3.239   2.664   0.412  -0.938   3.097  -1.717  -1.043  -6.473   1.162   0.639  -2.454  -0.397  -0.357 
  3 A  -1.421   3.205  -0.050  -7.782  -3.720   0.399  -3.111  -4.947   2.209   0.252   1.478   1.764   0.433  -2.200  -4.225  -0.700  -0.261  -1.092  -0.358   0.289 
  4 A  -1.201  -3.612   2.059  -5.486  -7.529  -1.427  -5.489  -0.994  -1.795   1.205   3.263  -2.937   3.308  -3.110  -9.940   1.239  -3.373  -7.723  -5.055   0.983 
  5 A  -0.046   3.214  -1.141  -8.516  -0.733   0.428  -3.111  -1.489  -0.367  -0.595  -1.099   2.685   1.077  -2.881   1.492   0.469  -0.004  -3.574  -0.271  -1.014 
  6 A   0.264   3.863   2.835  -9.372  -4.788  -5.174  -5.116   0.149  -0.778  -3.278  -2.779   1.461   0.605  -7.751  -0.115   2.703   1.303  -5.564  -6.380  -3.393 
  7 A  -0.411   0.344   2.077  -5.827  -8.452  -0.796  -6.127  -5.153  -2.562   1.587   2.894  -2.565   2.309  -3.850  -1.080  -0.707  -1.491  -4.453  -0.627   1.205 
  8 A   1.953   2.317  -2.470  -5.352  -5.105  -0.009  -2.638  -1.518  -1.489  -2.388   1.504   1.435   0.592  -0.653   0.369   0.388   0.300  -6.369   0.258  -2.649 
  9 A   0.498  -0.868   0.047  -6.424  -8.213  -1.126  -3.196  -1.302  -0.218   1.525   0.334  -1.482   0.878  -0.773  -5.571   2.751   1.021  -2.168   1.181   0.818 
