DRB1_0832

Last position-specific scoring matrix computed       
            A       R       N       D       C       Q       E       G       H       I       L       K       M       F       P       S       T       W       Y       V 
  1 A  -7.207  -6.477  -8.506 -10.243  -5.681  -5.426  -8.057 -10.201  -6.661   2.482   1.337  -9.731   2.370   5.120  -7.333  -8.265  -7.050   4.303   4.554   0.605 
  2 A  -3.737   1.508   1.539  -6.852  -3.139   2.650  -4.639  -2.898  -0.163   1.497  -0.181   2.854   0.439  -5.081  -9.786   0.103  -0.787  -2.791  -3.776   1.900 
  3 A  -1.518   2.721   0.544  -5.797  -4.263   2.014  -1.691  -2.434   3.203  -0.663   0.070   0.756   2.055  -4.059  -2.320   0.951  -0.684   1.129  -0.204  -0.246 
  4 A   1.353   0.553   1.561  -0.583  -9.320   1.489   0.730  -2.127  -0.640   0.040  -0.095  -0.443   0.926  -5.429  -4.962   1.471   1.203  -8.451  -4.412  -0.097 
  5 A  -0.381   0.561   1.029  -5.874  -1.017   0.117  -0.436  -3.549   0.780  -0.565  -0.085   1.938  -2.344   0.368   1.025   1.716   0.384  -5.518   1.116  -1.135 
  6 A   1.372   1.556   1.550  -6.139  -7.398  -1.844  -4.240  -0.594  -1.381  -3.724  -3.080   1.617  -0.972 -10.491   3.872   3.028   0.397  -8.441  -7.296  -0.951 
  7 A   2.023   0.834   2.878  -2.900  -8.609   0.534  -2.594  -1.780   0.334  -0.681  -1.370  -0.621   0.184  -3.244   2.091   1.031  -2.048  -5.687  -0.259   0.414 
  8 A  -1.107   2.506  -6.631  -4.949  -5.803   0.744  -1.945  -4.223  -2.546  -0.469   3.099   0.155   1.185   0.345   0.629  -1.004  -0.770  -6.237   0.566  -1.665 
  9 A  -1.238  -1.901  -5.411  -8.782  -9.364  -4.108  -6.151  -2.140  -5.826   3.552   2.605  -8.111   2.354   0.055  -8.798  -1.019  -2.234  -3.683   0.292   2.469 
