DRB1_1123

Last position-specific scoring matrix computed       
            A       R       N       D       C       Q       E       G       H       I       L       K       M       F       P       S       T       W       Y       V 
  1 A  -7.452  -4.321  -8.632 -10.083  -6.814  -6.284  -9.559  -7.676  -5.634   2.709   1.201  -7.686   1.207   5.071  -7.740  -6.121  -5.960   3.038   5.050   0.469 
  2 A  -3.936   1.968  -0.020  -4.272  -1.776   0.832  -3.203  -3.592   1.961   0.145   0.011   3.084   0.082  -1.063  -6.668   1.514   0.522  -1.136  -0.386   0.113 
  3 A  -0.633   3.430  -0.123  -7.638  -3.146  -1.324  -3.525  -1.988   1.306  -1.078   0.480   1.344  -1.274  -1.518  -5.053   1.471   1.020   1.185  -0.787   0.294 
  4 A   0.169  -0.771  -0.215  -5.548  -4.521  -1.336  -3.466  -1.453  -1.685  -0.021   3.172  -0.592   3.126  -2.052  -5.985   1.636  -2.438  -5.143  -4.979   0.467 
  5 A  -1.610   3.763  -2.136  -7.178  -0.911   0.297  -3.017  -2.005  -0.584  -0.810   0.299   2.404   0.243  -1.688   1.753  -0.208  -0.023  -3.661  -0.075  -1.150 
  6 A   0.275   5.039   0.233  -9.805  -4.049  -4.351  -5.525  -0.553  -0.453  -4.025  -2.376   2.999  -0.900  -7.774   0.819   1.592  -1.258  -4.818  -5.285  -2.790 
  7 A   0.052   2.262   0.406  -6.947  -8.122  -0.177  -4.283  -4.204  -1.663   0.708   2.479  -1.342   2.426  -1.936   1.599  -0.515  -1.633  -3.685   0.347  -0.911 
  8 A   0.895   1.888  -2.521  -5.429  -4.388   1.063  -2.320  -1.921  -0.990  -1.890   1.361   1.097   1.630  -0.538  -0.267   1.031   1.327  -4.570   0.250  -1.766 
  9 A   1.294   1.366   0.299  -5.542  -7.991  -0.953  -3.932   1.432  -0.729  -1.213  -2.447  -0.344  -1.152  -2.841  -2.890   3.883   0.863  -1.929  -0.420  -0.978 
