DRB1_0424

Last position-specific scoring matrix computed       
            A       R       N       D       C       Q       E       G       H       I       L       K       M       F       P       S       T       W       Y       V 
  1 A  -9.477  -6.181  -8.683 -10.788  -9.205  -8.209  -9.225 -10.295  -6.397   2.098   1.157  -7.924   0.362   5.988  -7.815  -9.840  -8.361   4.134   4.711  -0.717 
  2 A  -2.109   1.517   0.902  -4.482  -2.176   2.220  -2.253  -2.472   2.656  -0.429   0.194   1.617   0.794  -2.734  -7.223   1.801   0.417  -5.293  -0.432   0.320 
  3 A  -1.155   1.676  -1.185  -6.099  -5.754   2.066  -2.328  -1.701   1.665  -1.231   1.937  -1.482   1.441  -0.735  -3.534   1.191  -0.169   2.058   2.323  -1.564 
  4 A  -1.543  -7.931  -4.845  -0.227  -9.878  -1.055  -1.636  -3.192  -7.932   2.193   3.216  -6.141   3.332  -0.202  -8.647   0.843   0.089  -3.627  -4.483   0.767 
  5 A  -1.944   0.934  -0.920  -4.554   1.672   0.819  -1.262  -5.377  -0.282   0.240  -0.252   1.097  -1.784   0.276   2.718   0.361   1.254  -1.397   1.777  -0.493 
  6 A   1.041  -4.691   4.073  -4.225  -3.285  -5.871  -4.529  -1.715  -6.092  -1.020  -4.014  -3.736  -1.035 -12.012  -0.157   3.826   3.486  -8.815 -11.173   0.563 
  7 A   0.129  -1.408   2.790  -2.758 -11.253   0.834  -0.479  -8.099  -3.150   0.209   2.225  -5.909   2.354  -1.145   1.582   0.852  -2.248  -2.674  -0.395  -0.406 
  8 A  -0.492   0.675  -3.406  -0.815  -5.194   0.308  -0.899   0.110  -2.214  -0.409   1.879  -0.866   1.306  -0.734   2.844   0.015  -0.270  -3.707   0.164  -2.234 
  9 A   0.276  -3.355   1.905   2.791  -5.001  -0.672   0.852  -2.424   0.100  -0.775  -1.621  -2.928  -2.941  -4.125  -1.095   3.280   1.240  -2.184  -1.704  -0.862 
