DRB1_1343

Last position-specific scoring matrix computed       
            A       R       N       D       C       Q       E       G       H       I       L       K       M       F       P       S       T       W       Y       V 
  1 A  -5.141  -5.868  -8.554  -9.622  -5.395  -4.563  -8.636  -8.439  -8.014   4.011   3.571  -7.513   2.595   0.766  -6.914  -8.007  -5.791   1.101   0.189   2.057 
  2 A  -2.957   0.675   1.894  -3.845  -5.490   2.248  -4.293  -1.828   0.969   2.198  -0.103   1.945  -0.467  -1.897  -5.163   0.219  -0.206  -2.575  -1.733   0.968 
  3 A  -2.274   2.057  -1.521  -8.578  -8.996   1.387  -3.075  -4.790   2.345   1.495   2.095   1.029   1.350  -2.201  -1.986  -1.507  -2.361   0.623   0.946   0.394 
  4 A  -1.622  -4.096   2.591  -0.452 -11.180  -2.440  -3.420  -1.425  -1.204   1.274   1.988  -2.918   1.215  -0.724 -11.842   2.837  -1.605  -8.140  -1.257   0.676 
  5 A   0.100   1.854   0.489  -6.373   0.376   0.744  -2.213  -1.790   0.527  -0.643  -1.387   2.351  -0.039  -1.889   0.553   0.931   0.817  -5.002   0.961  -0.544 
  6 A   0.196   2.273   3.563  -3.416  -4.620  -3.054  -4.181  -1.475  -3.096  -2.051  -4.425   0.743   0.752 -10.467   1.376   3.328   2.233  -4.845  -7.698  -2.537 
  7 A   0.611  -1.332   2.419  -3.819 -10.856  -0.105  -5.659  -5.103  -4.330   1.740   2.192  -3.804   1.895  -5.079   0.155   0.121  -1.917  -4.168  -1.592   1.917 
  8 A   1.178   1.364  -2.513  -4.588  -4.900  -1.364  -3.065  -0.228  -2.300  -1.143   2.284   0.187   1.191  -0.383   1.717  -0.938  -0.837  -6.639   1.053  -1.183 
  9 A  -2.631  -1.586  -2.637  -7.183  -9.219  -4.210  -4.854  -8.483  -1.138   2.979   2.736  -4.705   0.838   0.899 -12.044  -0.227  -0.821  -3.663   2.016   2.303 
