DRB1_0457

Last position-specific scoring matrix computed       
            A       R       N       D       C       Q       E       G       H       I       L       K       M       F       P       S       T       W       Y       V 
  1 A -11.183  -7.558 -10.615 -12.430  -9.437 -10.192 -10.545 -11.118  -7.434   1.475   1.187 -11.518   0.012   6.309  -9.598 -10.473  -9.950   4.314   4.745  -1.076 
  2 A  -2.603   1.144   1.001  -5.245  -2.045   2.151  -2.810  -2.865   2.343   0.192   0.801   1.430   1.512  -2.593  -8.592   1.346   0.254  -5.369  -0.350   0.639 
  3 A  -0.989   1.159  -1.545  -6.128  -5.657   1.687  -1.917  -1.418   1.999  -1.197   1.851  -1.639   1.477  -1.103  -3.637   1.936  -0.102   1.841   2.242  -1.606 
  4 A  -0.596  -7.048  -4.242   1.421  -9.281  -1.787  -0.612  -3.012  -7.123   1.566   2.250  -5.599   2.644   0.121  -7.535   2.109   1.245  -3.578  -4.505   0.346 
  5 A  -2.510   0.662  -1.140  -4.819   1.714   0.313  -1.062  -5.658  -0.430   0.110  -0.346   1.121  -2.106   0.703   2.651   0.659   1.344  -1.105   2.107  -0.215 
  6 A   1.188  -5.733   3.915  -4.003  -2.898  -5.128  -4.113  -2.413  -7.236  -1.677  -4.762  -4.371  -2.535 -12.202   0.296   4.205   3.512  -8.536 -11.202   0.551 
  7 A   0.088  -1.322   2.704  -2.620 -10.227   0.611  -0.514  -8.909  -3.038  -0.053   2.103  -5.422   2.670  -0.645   1.713   0.899  -2.052  -2.003  -0.219  -0.440 
  8 A  -0.779   0.149  -3.686  -0.560  -5.346   0.055  -1.099   0.262  -2.632   0.016   1.954  -1.298   1.316  -0.414   2.896  -0.136  -0.127  -3.535  -0.084  -1.740 
  9 A   0.019  -2.751   1.468   2.854  -4.970  -1.253   0.737  -3.152   0.209  -0.342  -0.911  -2.981  -2.893  -2.434  -1.927   2.964   0.990  -1.628  -0.839  -0.062 
