DRB1_0444

Last position-specific scoring matrix computed       
            A       R       N       D       C       Q       E       G       H       I       L       K       M       F       P       S       T       W       Y       V 
  1 A  -9.880  -8.744 -10.956 -12.645 -10.786  -9.712 -11.400 -12.372  -9.656   2.800   2.925 -11.302   1.897   4.988 -11.462 -10.740  -9.696   2.475   2.534   1.200 
  2 A  -3.205   0.788   0.326  -4.915  -2.970   1.679  -3.949  -3.540   1.734   1.105   1.481   1.762   2.341  -3.085  -7.447   0.195  -0.584  -7.017  -1.198   1.488 
  3 A   0.107   0.988  -1.659  -6.757  -5.740   1.160  -2.382  -0.408   1.254  -0.448   0.758  -3.273   2.246  -1.108  -2.531   1.656   1.163   1.654   2.375  -0.796 
  4 A  -0.021  -8.453  -4.430   1.688  -8.442  -2.606  -0.689  -3.694  -7.935   1.180   2.671  -5.132   3.405  -0.506  -8.140   2.047   0.946  -5.382  -5.735  -0.610 
  5 A  -3.905   1.074  -0.109  -3.036   2.089   0.523  -1.006  -3.654  -0.521  -0.303   0.160   0.303  -1.008   0.394   1.732  -0.409   0.814  -0.301   2.406   0.757 
  6 A   1.075  -4.700   4.557  -2.264  -4.722  -5.669  -5.587  -2.424  -7.109  -3.117  -4.718  -4.352  -4.310 -12.263   1.671   3.865   3.621  -9.491 -12.227  -0.600 
  7 A   0.401  -3.047   2.541  -3.207 -10.438  -0.049  -1.113  -9.580  -5.005  -0.141   3.153  -5.638   2.542  -2.215   1.886   0.872  -2.281  -5.029  -1.479  -1.365 
  8 A   0.028   0.959  -2.707  -0.979  -4.200   0.699  -1.360  -0.158  -0.950  -1.434   1.730  -0.701   1.861  -1.311   3.224  -0.117   0.203  -5.412  -2.027  -2.215 
  9 A   0.538   2.252   0.872   0.019  -6.125  -0.628  -1.522  -0.626   1.361  -2.451  -2.271  -0.704  -1.027  -2.889  -2.724   3.364   1.733  -1.258  -0.167  -2.151 
