DRB5_0106

Last position-specific scoring matrix computed       
            A       R       N       D       C       Q       E       G       H       I       L       K       M       F       P       S       T       W       Y       V 
  1 A  -6.745  -6.149  -8.185  -9.608  -6.263  -8.222  -9.456  -8.363  -7.883   2.750   3.617  -9.767   2.153   3.468  -8.250  -7.566  -7.242   2.278   0.936   2.115 
  2 A  -2.821   2.127   1.184  -4.530  -2.456   2.276  -2.916  -3.949   1.876   1.539   0.162   2.117   2.051  -5.503  -6.712  -1.190  -1.629  -1.709  -1.044   1.216 
  3 A   0.343   0.810  -2.352  -5.193  -6.422   0.528  -0.690  -1.366   3.249   0.795   0.461  -2.707   2.270  -1.577  -0.343   0.529  -0.755  -0.458   2.723  -0.544 
  4 A  -0.406  -1.517  -2.103  -0.974  -8.723  -0.053   1.331  -3.524   0.134   0.407   0.446   0.594   1.972   0.881  -4.150   2.171  -0.207  -1.725   0.588  -0.002 
  5 A  -2.062   0.886   0.364  -3.759  -0.044   1.316   0.737  -0.615   0.805  -3.006   0.946   1.297  -1.176  -0.057  -0.794   1.532  -0.579  -3.479   1.780  -1.829 
  6 A   2.272  -5.690   3.568  -2.193  -7.532  -4.817  -6.355  -1.234  -4.805  -5.582  -5.110  -6.093  -5.091 -10.474   4.191   4.613   0.851  -4.251 -11.606  -3.382 
  7 A   0.259   0.183   1.374  -2.480 -10.513   0.806  -2.071  -2.410  -1.383  -0.548   1.865  -0.849   1.713  -1.273  -0.003   1.894  -2.439   0.347   0.950  -0.851 
  8 A  -0.479   3.419  -3.652  -3.234  -1.673   0.121  -1.675  -0.364  -0.815  -1.526   1.759  -0.140   0.455  -1.033   1.080  -1.007   0.027  -5.129  -0.906  -0.620 
  9 A  -2.874   5.322  -3.126  -8.942  -9.389  -5.198  -7.843  -3.931  -0.997   0.278   1.628   1.362   0.251  -0.787 -10.845  -2.524  -2.005  -5.242  -2.470   1.125 
