DRB5_0205

Last position-specific scoring matrix computed       
            A       R       N       D       C       Q       E       G       H       I       L       K       M       F       P       S       T       W       Y       V 
  1 A  -7.779  -7.800  -9.753 -11.892  -6.772 -10.965 -10.988  -8.592  -7.207   2.681   3.233  -9.972   1.663   4.483  -8.041  -8.884  -7.462   2.693   1.484   1.861 
  2 A  -2.680   1.708   1.748  -4.143  -1.742   1.795  -3.487  -3.409   1.918   1.857   0.354   1.590   2.519  -6.412  -7.517  -1.041  -1.351  -2.748  -2.079   1.262 
  3 A   0.405   0.035  -2.368  -5.101  -4.721   0.939  -1.017  -0.401   3.457  -0.076   0.191  -3.557   2.481  -1.674  -0.177   1.069  -0.215   0.193   2.578  -0.576 
  4 A   1.248  -2.203  -2.833  -1.626  -8.176  -0.437   1.485  -3.704  -0.322   0.086   0.477  -0.423   1.867   0.645  -2.670   2.301   0.478  -3.282  -0.749   0.070 
  5 A  -1.900   0.803   0.687  -2.966  -0.288   1.166   0.735  -1.367   0.918  -2.490   1.332   1.080  -1.279  -0.464   0.129   1.115  -0.599  -4.274   1.663  -1.777 
  6 A   2.570  -5.071   2.663  -1.842  -5.525  -3.848  -4.923  -1.486  -4.343  -5.073  -6.294  -4.819  -4.652 -10.449   5.294   3.882   0.527  -5.070 -10.893  -2.652 
  7 A   1.084   0.330   1.068  -2.881  -9.516   1.208  -1.560  -2.524  -1.251  -1.169   1.942  -1.072   1.924  -1.189   0.049   1.764  -1.720  -1.776   0.153  -1.439 
  8 A  -0.742   2.983  -3.580  -1.606  -1.819   0.983  -0.482   0.063  -0.728  -1.773   1.740  -0.518   1.376  -1.068   1.603  -1.509  -0.424  -4.585  -1.050  -1.714 
  9 A  -2.531   5.295  -3.216  -6.887 -10.127  -3.704  -6.193  -2.841  -1.313   0.185   1.625   1.055   0.243  -1.447  -9.817  -1.761  -2.104  -5.389  -2.358   1.034 
