DRB5_0107

Last position-specific scoring matrix computed       
            A       R       N       D       C       Q       E       G       H       I       L       K       M       F       P       S       T       W       Y       V 
  1 A  -7.217  -6.911  -7.396 -10.186  -5.409  -7.674  -8.919  -9.174  -7.394   1.708   2.951  -9.882   1.196   5.181  -8.120  -7.671  -7.652   3.535   3.266   0.789 
  2 A  -4.281   2.123   0.991  -5.317  -0.765   2.425  -3.210  -5.738   2.114   1.099   0.280   2.901   2.312  -5.202 -10.420  -1.194  -1.645  -2.488  -1.633   0.935 
  3 A   0.214   1.273  -0.412  -4.656  -4.308   1.329  -0.519  -1.833   3.962  -0.135   0.054  -1.540   1.791  -2.720  -1.114   0.923   0.010  -0.822   1.331  -0.475 
  4 A   0.950   0.081  -0.868  -2.854  -9.003   1.028   1.624  -4.094   0.582   0.259  -0.022   0.520   1.568  -3.261  -2.308   1.605   1.109  -3.605  -2.495   0.499 
  5 A  -0.879   1.164   0.396  -4.147  -1.540   1.063  -0.015  -1.408  -0.133  -2.244   0.616   1.890  -1.839   0.415   0.078   1.343  -0.154  -4.747   1.415  -1.185 
  6 A   2.626  -5.496   3.541  -5.431  -6.436  -5.516  -6.293  -0.529  -2.750  -6.403  -6.781  -5.226  -6.587 -12.260   4.075   4.482   0.992  -4.920  -9.412  -2.913 
  7 A  -0.047   0.986   1.376  -3.121  -9.780   0.991  -2.550  -1.737   0.718  -1.186   1.447   1.190   1.275  -1.042  -0.987   1.319  -1.772  -1.480   1.077  -1.041 
  8 A  -0.447   3.899  -5.208  -3.657  -2.002   0.168  -1.284  -2.085  -0.467  -1.339   1.781   0.503  -0.121  -0.241  -0.046  -1.003   0.355  -5.121  -0.575  -1.418 
  9 A  -2.956   3.958  -3.906  -9.889 -10.064  -4.601  -6.926  -3.151  -2.080   1.887   2.142   0.294   1.434   0.524  -8.521  -2.013  -1.454  -2.758  -0.416   1.201 
