DRB5_0111

Last position-specific scoring matrix computed       
            A       R       N       D       C       Q       E       G       H       I       L       K       M       F       P       S       T       W       Y       V 
  1 A  -7.430  -6.337  -7.580  -8.467  -5.522  -7.849  -8.414  -9.027  -6.893   1.606   3.024 -10.450   1.235   5.074  -8.065  -7.519  -7.817   3.516   3.172   1.029 
  2 A  -3.097   2.422   0.946  -5.646  -0.661   2.447  -2.780  -5.140   2.338   0.977   0.286   2.473   1.595  -4.783  -9.187  -1.071  -1.976  -1.519  -0.827   0.943 
  3 A   0.500   1.250  -1.498  -4.671  -5.528   1.029  -0.254  -1.461   3.740   0.314   0.129  -1.754   2.010  -2.046  -0.586   0.779  -0.765  -0.811   1.851  -0.949 
  4 A   0.025  -0.559  -1.300  -0.261  -9.149   0.782   2.259  -3.664   0.672   0.315  -0.468   0.824   1.485  -1.582  -2.065   1.751   0.428  -2.366  -0.975  -0.137 
  5 A  -1.345   0.975   0.223  -3.997  -0.892   1.215   0.563  -1.347   0.397  -2.500   0.550   1.641  -1.232   0.533  -0.085   1.723  -0.307  -4.136   1.555  -1.909 
  6 A   2.553  -8.425   3.539  -4.821  -6.892  -7.176  -7.161  -0.597  -4.611  -6.979  -6.357  -7.593  -7.165 -12.251   3.784   4.927   0.907  -4.691 -11.274  -3.309 
  7 A  -0.336   0.685   1.591  -2.365 -10.327   0.519  -1.776  -2.230  -0.327  -0.896   1.439  -0.202   1.734  -0.798  -0.562   1.830  -2.061  -0.716   1.710  -0.682 
  8 A  -0.457   3.800  -5.334  -3.547  -1.865  -0.297  -1.698  -1.404  -1.066  -1.346   1.839   0.510  -0.077  -0.402   0.290  -0.856   0.355  -4.864  -0.583  -1.295 
  9 A  -2.304   4.445  -2.741  -8.857  -7.870  -4.658  -6.701  -3.867  -1.353   1.220   1.924   1.039   0.600  -0.286  -8.349  -1.716  -1.447  -4.232  -1.605   1.330 
