DRB5_0112

Last position-specific scoring matrix computed       
            A       R       N       D       C       Q       E       G       H       I       L       K       M       F       P       S       T       W       Y       V 
  1 A  -7.566  -7.734 -10.492 -12.189  -7.683  -8.426 -10.743  -8.794  -6.564   0.922   1.605 -10.939   0.862   5.978  -9.344  -9.465  -9.925   3.891   4.931  -0.061 
  2 A  -3.287   1.538   2.244  -6.924   0.188   1.564  -3.884  -2.508   3.132   0.994  -1.167   2.463   1.381  -5.859 -10.650   0.500  -0.233  -1.626  -2.159   0.747 
  3 A   0.391   1.266  -2.292  -5.117  -2.491   1.360  -0.662  -1.523   3.944  -1.756   0.513  -0.638   1.367  -2.076  -0.622   2.160  -0.475  -1.294   0.663  -1.529 
  4 A   2.650  -1.804  -3.300  -3.420  -9.603  -0.580   0.381  -2.814  -1.312   0.079  -0.276  -2.547   1.412  -1.419  -0.338   3.084   0.512  -4.257  -2.694   0.627 
  5 A  -0.520   0.768  -0.130  -4.967  -0.376   0.253  -0.373  -3.673   0.718  -1.628   0.536   2.260  -1.114  -1.749   1.276   2.179   0.234  -3.404   0.714  -1.246 
  6 A   2.808  -2.867   0.513  -5.747  -4.619  -5.872  -2.796   0.013  -4.664  -5.808  -7.006  -4.418  -5.399 -12.312   4.911   4.266   0.753  -5.425 -10.794  -1.300 
  7 A  -0.081   1.640   1.742  -2.370  -9.594  -0.391  -1.998  -1.881  -0.632  -1.262   1.828  -0.032   1.834  -1.796   0.538   1.109  -2.030  -3.185  -0.373  -0.357 
  8 A  -1.052   2.048  -4.455  -1.519  -3.988   1.774   0.304  -1.195  -1.889  -2.620   1.730   0.910   0.998   0.394   1.969   0.082   0.600  -4.942  -2.216  -4.124 
  9 A  -0.224   3.078  -3.000  -4.574  -9.439  -1.271  -3.484  -1.964  -1.881   1.214   1.850  -0.445   0.784  -1.862  -6.438   0.320  -1.067  -2.742  -0.951   1.745 
