DRB5_0202

Last position-specific scoring matrix computed       
            A       R       N       D       C       Q       E       G       H       I       L       K       M       F       P       S       T       W       Y       V 
  1 A  -6.770  -6.761  -8.277 -11.304  -5.994  -8.188 -10.578  -8.275  -8.089   2.753   3.409  -9.877   2.239   3.668  -8.058  -7.473  -7.418   2.794   1.248   2.172 
  2 A  -2.320   2.099   1.719  -4.688  -1.964   2.208  -2.864  -3.180   1.840   1.483  -0.237   1.860   1.748  -6.005  -7.026  -0.850  -1.710  -1.145  -1.440   1.388 
  3 A   0.544   0.739  -2.747  -5.337  -6.101   0.571  -1.088  -1.194   3.522   0.795   0.419  -2.146   2.312  -1.518   0.293   0.457  -1.364  -0.627   2.537  -0.835 
  4 A  -0.221  -1.691  -2.429  -1.206  -8.755  -0.427   1.086  -3.224   0.260   0.519   0.228   0.184   1.990   1.264  -3.944   2.203  -0.137  -1.958   0.957   0.286 
  5 A  -1.515   0.687   0.235  -3.958  -0.269   1.190   0.798  -0.864   0.793  -3.195   0.869   1.416  -1.151  -0.470  -0.580   1.888  -0.597  -4.063   1.695  -1.611 
  6 A   2.528  -6.824   3.200  -2.436  -7.410  -6.031  -6.671  -1.067  -5.570  -6.173  -6.331  -7.026  -5.595 -12.234   4.540   4.706   0.620  -4.342 -11.922  -4.198 
  7 A   0.347   0.305   1.378  -2.618  -9.969   0.630  -1.997  -2.137  -1.495  -0.474   1.597  -1.196   1.661  -1.261   0.394   1.974  -2.338   0.096   0.935  -0.453 
  8 A  -0.316   3.255  -3.771  -3.134  -2.090   0.062  -1.510  -0.368  -1.040  -1.822   1.819  -0.195   0.765  -1.006   1.413  -0.596   0.117  -5.002  -0.903  -1.115 
  9 A  -2.766   4.683  -3.713  -9.440  -9.670  -5.346  -8.327  -4.003  -1.602   0.914   2.284   0.554   0.593  -1.062 -11.003  -2.746  -2.471  -6.975  -2.738   2.030 
