DRB5_0102

Last position-specific scoring matrix computed       
            A       R       N       D       C       Q       E       G       H       I       L       K       M       F       P       S       T       W       Y       V 
  1 A  -7.812  -7.650  -9.192 -11.376  -6.505  -9.922  -9.991  -8.968  -6.356   1.441   2.063 -11.110   0.605   5.919  -8.725  -8.424  -7.554   3.680   3.945   0.403 
  2 A  -3.254   2.231   0.979  -5.310  -0.049   1.429  -2.713  -5.714   2.920   0.796  -0.212   2.822   2.299  -5.259 -10.156  -0.331  -0.796  -2.066  -0.940   0.585 
  3 A   0.516   0.751  -0.425  -5.421  -2.901   0.672  -0.901  -0.621   4.095  -0.739   0.091  -2.179   0.965  -1.441  -1.508   1.433   0.501  -0.196   1.223  -0.859 
  4 A   1.551   0.043  -2.709  -5.741  -6.207   0.216   0.914  -4.358  -0.381   0.372   0.774   0.383   2.365  -1.596  -0.853   1.080   0.269  -3.243  -3.061   0.988 
  5 A  -0.968   1.662  -0.473  -4.324  -1.313   1.050  -0.732  -1.219  -0.139  -2.087   1.287   2.087  -1.701  -0.507   0.968   1.015  -0.457  -4.338   0.494  -1.462 
  6 A   2.899  -3.360   2.602  -6.230  -4.637  -5.032  -5.603  -0.134  -2.191  -4.937  -5.193  -4.174  -5.135 -12.291   4.460   4.190   0.136  -4.347  -8.192  -2.459 
  7 A  -0.212   2.039   0.649  -5.091  -8.397   1.176  -2.642  -2.004   0.503  -1.484   1.633   1.152   1.845  -0.229  -0.949   0.856  -1.614  -1.558   1.442  -2.405 
  8 A  -0.630   3.572  -4.511  -2.963  -1.681   1.279  -0.682  -1.399   0.077  -2.048   1.282   0.555   0.248  -0.392  -0.098  -0.460   1.077  -3.216  -0.928  -2.013 
  9 A  -1.723   4.534  -1.884  -7.533  -9.741  -2.463  -5.362  -0.777  -1.060   0.532   0.922   1.487   0.619  -0.821  -5.335  -0.343  -0.874  -2.766  -2.199   0.523 
