DRB5_0109

Last position-specific scoring matrix computed       
            A       R       N       D       C       Q       E       G       H       I       L       K       M       F       P       S       T       W       Y       V 
  1 A  -7.473  -7.224  -9.390 -10.938  -6.936 -10.169 -10.180  -8.313  -5.816   1.375   2.274 -11.182   0.641   5.945  -8.743  -8.025  -7.731   3.247   3.643   0.409 
  2 A  -3.303   2.270   0.533  -4.956  -0.350   1.657  -2.538  -6.220   2.776   0.962   0.444   2.674   2.465  -5.053  -9.294  -0.778  -1.300  -2.455  -0.987   0.512 
  3 A   0.318   0.737  -0.387  -4.795  -3.518   0.610  -0.644  -0.395   3.657  -0.744   0.106  -2.680   0.873  -1.337  -1.916   1.609   0.768  -0.383   1.665  -0.816 
  4 A   1.245  -0.218  -3.077  -4.652  -5.923   0.540   1.617  -4.805  -0.263   0.152   0.683   0.884   2.315  -1.234  -0.864   1.141   0.174  -2.552  -2.788   0.522 
  5 A  -1.650   1.647  -0.386  -3.946  -0.937   1.164  -0.515  -1.159  -0.124  -2.092   1.397   1.921  -1.256   0.028   0.783   0.761  -0.487  -3.713   0.778  -1.701 
  6 A   2.731  -3.189   2.715  -5.198  -4.236  -4.516  -5.038  -0.535  -2.182  -4.510  -4.352  -3.975  -4.273 -10.877   4.343   4.008   0.815  -3.549  -8.451  -1.967 
  7 A  -0.220   1.616   0.519  -4.749  -8.454   1.565  -2.476  -2.512   0.365  -1.219   1.850   1.004   1.819  -0.159  -0.888   0.892  -1.630  -1.252   1.448  -2.546 
  8 A  -0.841   3.585  -4.522  -2.776  -1.391   1.225  -0.511  -0.994   0.039  -1.846   1.272   0.564   0.013  -0.823   0.017  -0.897   0.878  -2.865  -0.813  -1.502 
  9 A  -1.839   5.230  -1.730  -6.830 -10.292  -2.849  -5.093  -1.263  -0.571  -0.638   0.044   2.477  -0.452  -1.158  -5.214  -0.352  -0.910  -2.712  -2.202  -0.471 
