DRB5_0204

Last position-specific scoring matrix computed       
            A       R       N       D       C       Q       E       G       H       I       L       K       M       F       P       S       T       W       Y       V 
  1 A  -6.667  -6.597  -8.264 -10.082  -6.383  -9.725 -10.970  -7.471  -6.661   2.593   3.005 -10.197   1.776   4.455  -7.513  -6.988  -7.011   2.929   1.777   2.015 
  2 A  -2.298   2.148   1.206  -3.991  -1.121   1.431  -2.962  -3.608   2.237   1.721  -0.063   1.850   2.163  -5.623  -6.461  -0.864  -1.265  -1.098  -1.362   1.110 
  3 A   0.756   0.488  -2.322  -5.410  -4.744   0.276  -1.156  -0.312   3.507   0.180   0.164  -2.927   1.678  -1.533  -0.392   1.218  -0.171  -0.076   2.365  -0.741 
  4 A   0.534  -1.693  -3.636  -3.309  -7.508  -1.012   0.689  -3.376  -0.067   0.165   1.030   0.085   2.620   1.686  -2.215   1.987  -0.739  -1.579  -0.055   0.260 
  5 A  -2.294   1.290  -0.068  -3.641  -0.292   1.214   0.477  -0.575   0.666  -3.231   1.472   1.663  -1.364  -0.703  -0.196   1.225  -0.662  -3.768   1.358  -2.292 
  6 A   2.646  -3.777   2.714  -2.990  -6.068  -4.417  -5.339  -0.970  -4.035  -5.040  -4.898  -5.261  -4.480 -10.513   4.761   4.328   0.287  -3.536 -10.369  -3.366 
  7 A   0.430   0.893   0.518  -3.693  -9.534   0.941  -2.015  -2.524  -1.764  -0.767   2.133  -0.681   1.809  -0.521   0.732   1.343  -2.217  -0.553   0.882  -1.437 
  8 A  -0.648   3.110  -3.214  -2.220  -1.645   0.920  -0.813   0.275  -0.364  -2.167   1.303  -0.300   0.826  -1.066   1.392  -0.709   0.407  -4.071  -1.201  -1.339 
  9 A  -2.047   5.669  -2.595  -7.742 -10.782  -4.177  -6.574  -1.793  -1.326  -0.811   0.608   2.069  -0.737  -2.566  -8.920  -1.225  -1.823  -7.495  -3.760   0.714 
