DRB5_0103

Last position-specific scoring matrix computed       
            A       R       N       D       C       Q       E       G       H       I       L       K       M       F       P       S       T       W       Y       V 
  1 A  -7.256  -6.776  -8.313 -10.686  -6.974  -9.168  -9.526  -9.008  -6.649   1.338   2.316 -11.072   1.042   5.648  -8.898  -8.142  -7.136   4.000   3.945   0.528 
  2 A  -3.267   2.611   0.852  -5.425  -0.112   1.864  -2.749  -5.629   2.770   0.519  -0.382   2.982   1.691  -4.773  -9.906  -0.727  -1.132  -2.063  -0.696   0.736 
  3 A   0.483   1.368  -0.667  -5.137  -3.680   0.785  -0.725  -1.235   4.062  -0.354   0.018  -1.722   1.268  -1.601  -1.256   1.275   0.288  -0.973   1.284  -1.145 
  4 A   0.966   0.258  -2.305  -4.602  -7.214   0.733   1.111  -3.917   0.149   0.515   0.516   0.796   2.464  -1.366  -1.137   0.908  -0.018  -2.310  -1.967   0.780 
  5 A  -1.134   1.676  -0.241  -4.438  -0.972   1.148  -0.370  -1.272  -0.190  -2.375   0.983   2.101  -1.554  -0.201   0.657   1.286  -0.376  -3.292   0.736  -1.710 
  6 A   2.827  -4.370   2.661  -6.643  -5.956  -5.989  -6.473   0.161  -2.894  -5.885  -5.282  -5.217  -5.966 -12.304   4.301   4.474   0.531  -4.410  -9.875  -2.891 
  7 A  -0.272   1.756   0.952  -4.391  -9.859   0.691  -2.443  -2.075   0.248  -1.155   1.590   0.888   1.660  -0.297  -0.514   0.984  -1.863  -1.154   1.747  -1.651 
  8 A  -0.503   3.757  -5.160  -3.601  -1.837   0.944  -1.158  -1.783   0.025  -2.217   1.364   0.828  -0.039  -0.430   0.120  -0.349   1.092  -3.569  -0.898  -2.100 
  9 A  -1.422   4.581  -2.009  -8.369 -10.780  -2.750  -6.136  -1.082  -1.239   0.520   1.085   1.458   0.766  -0.850  -5.874  -0.687  -0.843  -2.961  -1.946   0.561 
