DRB5_0113

Last position-specific scoring matrix computed       
            A       R       N       D       C       Q       E       G       H       I       L       K       M       F       P       S       T       W       Y       V 
  1 A  -6.979  -6.646  -8.648 -10.703  -6.409  -8.940  -9.588  -8.099  -5.250   1.356   2.283 -10.863   0.732   5.844  -8.375  -7.414  -7.324   3.267   3.753   0.420 
  2 A  -3.632   2.161   0.387  -5.078  -0.491   1.540  -2.674  -6.599   2.723   0.929   0.518   2.898   2.562  -4.821  -9.618  -0.699  -1.298  -2.208  -0.953   0.458 
  3 A   0.247   0.869  -0.234  -4.879  -3.323   0.389  -0.588  -0.623   3.805  -0.763   0.071  -2.156   0.701  -1.449  -2.144   1.621   0.810  -0.324   1.359  -0.583 
  4 A   1.414   0.241  -2.388  -5.336  -5.644   0.307   1.371  -4.695  -0.111   0.022   0.646   0.952   2.197  -1.588  -1.005   1.226   0.195  -2.681  -3.418   0.568 
  5 A  -1.570   1.843  -0.554  -4.219  -1.041   1.173  -0.799  -0.961  -0.395  -2.089   1.341   2.073  -1.460  -0.133   0.743   0.615  -0.413  -3.760   0.669  -1.382 
  6 A   2.662  -2.455   2.759  -5.499  -3.748  -4.305  -5.000  -0.293  -1.779  -4.578  -4.231  -3.180  -4.169 -10.518   4.040   3.999   0.756  -3.395  -7.937  -1.731 
  7 A  -0.454   1.761   0.385  -4.976  -7.857   1.281  -2.982  -2.282   0.452  -1.249   1.948   1.357   1.808  -0.033  -1.247   0.653  -1.550  -1.603   1.501  -2.601 
  8 A  -0.766   3.636  -4.609  -3.170  -1.316   1.098  -0.608  -1.376   0.147  -1.899   1.280   0.772  -0.147  -0.778  -0.239  -0.737   0.996  -2.826  -0.833  -1.439 
  9 A  -2.078   5.342  -1.959  -7.717 -10.909  -2.972  -5.333  -1.246  -0.752  -0.662  -0.050   2.453  -0.211  -0.786  -5.396  -0.626  -0.839  -2.419  -1.759  -0.668 
