DRB5_0203

Last position-specific scoring matrix computed       
            A       R       N       D       C       Q       E       G       H       I       L       K       M       F       P       S       T       W       Y       V 
  1 A  -7.251  -6.784  -7.424  -8.792  -5.811  -7.738  -7.756  -8.656  -7.191   1.572   2.723 -10.450   1.223   5.146  -8.819  -7.726  -7.871   4.246   3.526   0.977 
  2 A  -2.472   2.460   1.415  -5.828  -0.415   2.328  -2.496  -3.925   2.361   0.599  -0.169   2.312   1.178  -4.683  -9.277  -0.738  -1.507  -0.929  -0.849   1.049 
  3 A   0.583   1.279  -1.793  -4.751  -5.270   1.160  -0.664  -1.361   3.821   0.469   0.309  -1.412   1.933  -2.032  -0.161   0.744  -1.207  -1.315   1.772  -1.545 
  4 A   0.085  -0.560  -1.558  -0.306 -10.455   0.832   1.888  -3.074   0.665   0.647  -0.500   0.399   1.480  -1.145  -2.116   1.639   0.400  -2.348  -0.448   0.215 
  5 A  -1.055   0.770   0.086  -4.300  -1.016   1.178   0.516  -1.846   0.726  -2.508   0.439   1.764  -1.367   0.231   0.114   2.148  -0.265  -3.833   1.249  -1.778 
  6 A   2.739  -8.819   2.989  -5.117  -7.078  -8.225  -7.590  -0.074  -5.290  -7.481  -7.119  -8.519  -7.448 -12.950   3.920   5.059   0.700  -5.846 -11.997  -3.853 
  7 A  -0.274   0.963   1.649  -2.487 -10.850   0.382  -1.856  -1.896  -0.382  -0.765   1.018  -0.538   1.588  -0.988  -0.172   2.010  -1.893  -0.559   1.644  -0.295 
  8 A  -0.493   3.718  -4.936  -3.534  -2.059  -0.276  -1.538  -1.632  -1.390  -1.712   1.856   0.569   0.165  -0.359   0.659  -0.485   0.387  -4.850  -0.422  -1.600 
  9 A  -1.881   3.599  -2.697  -8.946  -8.653  -4.675  -7.068  -3.905  -2.451   1.702   2.475   0.140   0.906  -0.618  -8.268  -1.870  -1.630  -5.464  -1.989   2.063 
