DRB3_0213

Last position-specific scoring matrix computed       
            A       R       N       D       C       Q       E       G       H       I       L       K       M       F       P       S       T       W       Y       V 
  1 A -10.016 -10.217 -13.268 -12.191  -9.274 -11.128 -11.596 -11.953  -9.000   0.506   2.580 -11.588   1.660   5.870 -12.583  -8.707  -9.988   2.364   4.867  -0.842 
  2 A  -4.577   1.317   1.459  -5.051  -2.315   2.629  -4.231  -2.628   1.325  -0.229   1.712   2.228  -0.359  -1.039 -10.358   0.399  -0.463  -4.932  -1.809   0.531 
  3 A  -0.953   2.061  -0.114  -5.118  -3.061   1.320  -0.022  -1.746   1.484  -1.092   0.306  -0.676   2.130  -1.830  -2.808   1.851   0.862   0.710   0.931  -0.767 
  4 A  -0.177  -5.629   1.095   5.486 -11.647  -0.366   2.014  -4.230  -3.700  -2.570  -2.196  -3.426  -0.387  -8.814  -6.327   2.156   0.954 -11.253 -12.518  -3.709 
  5 A  -1.742   0.554   0.556  -2.269   0.265  -0.181   0.245  -3.312  -0.288  -0.147   0.407  -0.363  -0.245   0.890   1.847   0.702   0.410  -1.317   0.711   0.296 
  6 A   1.174  -2.121   2.719  -3.945  -4.358  -2.962  -2.887  -0.447  -2.405  -3.428  -2.464  -1.562  -1.974  -8.603   2.995   2.959   3.114  -5.997  -8.243   0.547 
  7 A   0.118  -2.283   3.450  -1.426  -8.770  -0.367  -0.958  -5.150  -1.365  -0.885   1.448  -3.449   2.465  -3.147   0.254   2.179  -0.166  -7.692  -0.168  -0.107 
  8 A   0.986   2.056  -3.254  -1.676  -4.096   0.826  -1.138  -2.549  -1.766  -1.198   1.710   0.531   1.724  -0.831   1.310   0.652  -0.092  -6.416  -1.280  -2.200 
  9 A   0.763   1.932  -0.590  -4.141  -6.747  -0.922  -2.507  -2.552  -0.478   0.112  -0.434  -2.746   1.054   0.348  -3.033   2.746   1.031  -1.683   2.183   0.008 
