DRB3_0102

Last position-specific scoring matrix computed       
            A       R       N       D       C       Q       E       G       H       I       L       K       M       F       P       S       T       W       Y       V 
  1 A  -4.593  -4.387  -6.938  -7.709  -3.030  -3.755  -6.595  -6.669  -3.200   1.022   1.966  -6.704   1.300   5.266  -4.365  -4.507  -4.328   3.036   4.204   0.630 
  2 A  -3.251   0.226   1.683  -3.012  -1.977   1.858  -3.155  -0.685  -0.018   0.946   1.666   0.596  -0.098  -0.586  -6.995   0.688  -0.108  -1.819  -1.783   0.502 
  3 A  -1.173   0.988  -0.783  -2.703  -2.310   0.886   0.196  -1.438   1.141  -0.666   1.104  -0.073   1.289  -0.586  -2.177   1.726  -0.818   1.758   0.809  -0.406 
  4 A  -3.103  -6.906  -0.576   7.352 -13.169  -5.627   0.152  -7.067  -4.676  -8.346 -10.361  -6.686  -9.306 -12.011  -9.183   2.148  -1.552 -11.359 -11.301  -8.956 
  5 A  -1.420  -0.259   0.360  -2.390   0.212   0.350   1.078  -3.553   0.728  -0.078  -0.176   0.419  -0.369   0.737   1.241   1.355   0.219  -1.195   1.144  -0.450 
  6 A   0.688  -0.425   0.534  -1.881  -0.996  -0.468  -0.487  -1.120  -1.983  -1.354  -1.296  -0.847  -0.545  -4.938   2.547   2.471   1.563  -2.814  -3.858   1.332 
  7 A  -0.154  -0.924   2.018   0.610  -6.413   0.649  -0.614  -2.415  -0.460  -0.358   0.285  -2.287   2.131  -1.790   0.457   1.621  -0.180  -3.805   0.525   0.372 
  8 A  -0.753  -0.178  -2.099  -0.065  -3.608   0.768   0.293  -1.262  -2.095  -0.307   2.137  -0.225   1.966  -0.425   0.708   0.282  -0.916  -3.011  -0.489  -0.865 
  9 A  -1.449  -0.680  -1.919  -2.529  -5.203  -2.474  -1.885  -5.910  -1.421   2.310   1.614  -4.397  -0.652   1.748  -5.101   0.538  -0.681  -1.478   2.562   2.114 
