DRB3_0103

Last position-specific scoring matrix computed       
            A       R       N       D       C       Q       E       G       H       I       L       K       M       F       P       S       T       W       Y       V 
  1 A  -4.856  -5.061  -7.725  -8.187  -3.357  -3.882  -6.818  -6.609  -3.184   0.863   1.985  -6.795   1.461   5.443  -4.654  -4.721  -4.451   3.325   4.170   0.291 
  2 A  -3.119   0.598   1.941  -2.692  -2.089   2.169  -2.833  -0.806  -0.168   0.851   1.408   0.688  -0.395  -0.994  -6.330   0.695  -0.096  -1.852  -2.143   0.504 
  3 A  -1.197   0.969  -0.779  -2.482  -2.533   1.336   0.309  -1.279   1.449  -0.699   1.029  -0.095   1.465  -0.854  -1.647   1.354  -1.129   1.883   0.881  -0.438 
  4 A  -2.582  -4.809   0.364   7.053 -13.127  -3.567   1.189  -6.298  -3.135  -7.489 -10.182  -5.314  -8.735 -11.123  -7.101   1.951  -0.978 -11.316  -9.150  -7.728 
  5 A  -1.033  -0.552   0.473  -2.546  -0.252   0.285   1.377  -3.433   1.011  -0.138   0.078   0.421  -0.774   0.861   0.807   1.492   0.096  -2.089   0.887  -0.702 
  6 A   1.036  -0.858  -0.032  -2.286  -1.443  -0.447  -0.399  -0.857  -1.450  -1.526  -1.266  -1.319  -0.726  -4.240   3.199   2.424   1.066  -3.410  -2.954   1.287 
  7 A  -0.104  -0.580   1.862   0.898  -5.485   1.060  -0.522  -1.690   0.684  -0.822  -0.541  -1.814   1.931  -1.636  -0.020   1.684  -0.226  -3.294   0.863   0.247 
  8 A  -0.611   0.212  -2.266  -0.151  -3.093   0.682   0.291  -1.300  -2.313  -0.197   2.161  -0.425   2.025  -0.274   0.420   0.259  -1.272  -3.189  -0.355  -0.910 
  9 A  -2.293  -1.800  -3.247  -4.030  -5.947  -3.543  -3.026  -7.212  -2.450   2.956   2.325  -5.593  -0.360   1.968  -6.149  -0.453  -1.571  -2.464   2.157   2.456 
