DRB3_0301

Last position-specific scoring matrix computed       
            A       R       N       D       C       Q       E       G       H       I       L       K       M       F       P       S       T       W       Y       V 
  1 A  -7.511  -7.853 -10.907 -11.539  -5.645  -6.818 -10.609  -8.997  -6.081   1.251   2.786  -8.340   1.784   5.387  -9.322  -6.871  -7.146   2.898   3.731   0.693 
  2 A  -3.162   0.058   1.872  -3.459  -2.666   2.002  -3.724  -1.138   0.300   1.422   1.561   0.596   0.180  -1.382  -7.069   0.670  -0.419  -2.648  -2.025   0.893 
  3 A  -1.263   0.631  -1.773  -3.820  -4.067   0.954  -0.131  -0.892   1.568  -0.908   1.453  -1.049   1.761  -0.734  -1.433   1.711  -1.474   2.927   1.191  -0.257 
  4 A  -1.178  -6.726  -0.051   6.499 -10.538  -4.077   1.007  -4.645  -4.536  -4.482  -5.732  -6.586  -5.187  -6.502  -7.942   3.150   0.211 -10.369  -9.092  -5.618 
  5 A  -1.715  -0.454   0.621  -2.848   0.940   0.310   0.843  -3.763   1.062  -0.266   0.100  -0.005  -0.711   0.889   1.236   1.058   0.195  -1.796   1.601  -0.078 
  6 A   0.897  -1.615   0.998  -1.370  -1.546  -0.868  -0.985  -1.528  -2.909  -1.559  -2.014  -1.260  -1.178  -7.047   3.635   2.571   1.854  -4.023  -5.781   1.259 
  7 A   0.454  -1.906   2.575   0.294  -6.568   0.692  -0.811  -3.953  -0.737  -0.417   0.821  -4.427   2.750  -1.929   0.493   1.710  -0.512  -4.435  -0.100   0.029 
  8 A  -0.685  -0.342  -2.211   0.040  -4.282   0.958  -0.855  -0.086  -2.692  -0.307   2.326  -1.734   2.133  -0.866   1.920   0.155  -1.316  -3.887  -1.071  -1.155 
  9 A  -1.026  -0.496  -2.241  -1.475  -5.275  -2.219  -1.721  -5.335  -0.961   1.907   1.693  -5.563  -0.512   1.164  -5.467   1.075  -0.435  -1.655   1.905   2.269 
