DRB3_0105

Last position-specific scoring matrix computed       
            A       R       N       D       C       Q       E       G       H       I       L       K       M       F       P       S       T       W       Y       V 
  1 A  -4.497  -4.322  -6.780  -7.735  -3.202  -3.598  -6.147  -6.329  -2.898   0.943   2.003  -6.424   1.481   5.276  -4.268  -4.221  -4.105   3.245   4.077   0.391 
  2 A  -3.017   0.474   1.865  -2.718  -2.092   2.133  -2.817  -0.749  -0.209   0.904   1.441   0.674  -0.330  -0.981  -6.204   0.586  -0.096  -1.787  -1.877   0.549 
  3 A  -1.136   0.887  -0.820  -2.499  -2.625   1.213   0.320  -1.302   1.382  -0.667   1.042  -0.104   1.459  -0.827  -1.639   1.352  -1.120   1.915   0.961  -0.329 
  4 A  -2.985  -5.381   0.055   7.220 -13.201  -4.155   0.998  -6.585  -3.518  -8.033 -11.126  -5.722  -8.929 -11.745  -7.029   1.768  -1.503 -11.343  -9.487  -8.342 
  5 A  -1.175  -0.525   0.435  -2.449  -0.229   0.389   1.393  -3.566   1.081  -0.188   0.096   0.407  -0.660   0.832   0.851   1.502   0.076  -1.875   0.935  -0.764 
  6 A   0.930  -0.803   0.083  -2.172  -1.175  -0.492  -0.495  -1.026  -1.629  -1.340  -1.171  -1.222  -0.634  -4.337   3.050   2.411   1.201  -3.019  -3.064   1.323 
  7 A  -0.016  -0.575   1.871   0.870  -5.571   1.103  -0.601  -1.703   0.475  -0.680  -0.465  -1.935   1.920  -1.649   0.004   1.655  -0.237  -3.347   0.940   0.170 
  8 A  -0.644   0.187  -2.153  -0.146  -2.917   0.697   0.357  -1.167  -2.364  -0.248   2.108  -0.341   1.972  -0.253   0.398   0.188  -1.153  -2.831  -0.437  -0.865 
  9 A  -2.224  -1.364  -2.887  -3.805  -5.545  -3.175  -2.784  -7.129  -2.261   2.824   2.243  -5.091  -0.365   1.957  -6.011  -0.346  -1.549  -1.988   2.120   2.427 
