DRB3_0208

Last position-specific scoring matrix computed       
            A       R       N       D       C       Q       E       G       H       I       L       K       M       F       P       S       T       W       Y       V 
  1 A  -9.122  -8.951 -11.213 -12.087  -7.515 -10.341 -10.792 -10.501  -8.048   0.620   2.125 -10.034   0.999   6.220 -10.527  -8.526  -9.078   2.561   4.661  -0.957 
  2 A  -4.535   0.301   1.512  -4.304  -3.283   2.459  -4.162  -2.544   1.013   0.987   2.245   1.193   1.317  -1.395  -9.543  -0.260  -0.774  -3.744  -1.991   0.641 
  3 A  -1.047   1.416  -0.502  -3.734  -4.694   1.530   0.503  -1.000   1.527  -1.457   0.543  -0.677   1.608  -1.980  -2.662   2.025   0.053   1.857   1.551  -0.989 
  4 A  -0.922  -5.871   0.095   6.010 -12.746  -2.616   1.912  -5.412  -4.471  -3.265  -4.038  -4.690  -2.112  -7.745  -8.514   2.961   1.079 -10.629  -9.995  -4.710 
  5 A  -2.217   0.299   0.288  -2.489   0.010   0.019   0.682  -4.067  -0.045  -0.197   0.163   0.657  -1.570   1.008   2.252   0.469   0.805  -2.256   1.234  -0.236 
  6 A   0.878  -0.860   2.632  -2.544  -2.591  -1.498  -1.408  -1.275  -2.694  -2.507  -3.525  -0.647  -2.038  -8.740   2.937   2.691   2.699  -5.338  -7.454   0.894 
  7 A   0.338  -1.674   2.746  -0.895  -8.726   0.511  -0.586  -4.743  -1.478  -0.691   1.120  -3.061   2.765  -2.228   1.159   1.754  -0.119  -6.390  -0.374  -0.209 
  8 A   0.015   1.041  -3.119  -0.601  -4.592   0.704  -0.578  -1.164  -2.001  -0.522   1.895  -0.198   2.197  -0.620   1.755   0.055  -0.529  -4.892  -0.461  -1.623 
  9 A   0.007   1.584  -0.008  -0.261  -5.432  -0.593  -0.506  -4.002  -0.220   0.110  -0.282  -2.301  -1.094   0.258  -3.187   2.621   0.387  -0.826   2.127   0.185 
