DRB3_0207

Last position-specific scoring matrix computed       
            A       R       N       D       C       Q       E       G       H       I       L       K       M       F       P       S       T       W       Y       V 
  1 A  -9.179 -10.184 -13.224 -11.735  -7.389  -9.558 -10.333 -10.354  -7.329   0.224   1.909 -10.546   0.541   6.402 -11.097  -8.486  -9.454   2.707   4.813  -1.250 
  2 A  -4.103   0.313   1.731  -4.353  -2.423   2.409  -3.761  -2.373   0.914   0.846   1.936   1.112   1.039  -1.378  -9.682   0.214  -0.563  -2.776  -1.986   0.831 
  3 A  -1.198   1.080  -0.928  -3.273  -3.925   1.479   0.254  -1.133   1.823  -1.194   0.951  -0.805   1.458  -1.692  -2.318   2.037  -0.308   2.062   1.169  -0.706 
  4 A  -0.708  -4.935  -0.003   5.909 -12.692  -2.630   1.730  -5.274  -3.879  -3.056  -4.716  -4.710  -3.240  -8.547  -7.056   3.129   1.395 -11.287  -8.805  -4.228 
  5 A  -1.508   0.038   0.356  -2.738   0.023  -0.010   0.738  -4.202   0.168  -0.484   0.079   0.370  -1.620   0.968   2.027   1.154   0.740  -2.182   1.096  -0.109 
  6 A   1.088  -2.223   2.336  -2.421  -2.371  -1.892  -1.101  -1.196  -2.694  -2.425  -3.185  -1.862  -2.166  -7.884   3.131   3.052   2.543  -5.381  -7.375   1.031 
  7 A   0.027  -1.388   2.684  -0.437  -7.330   0.732  -0.554  -3.771  -0.700  -0.862   0.722  -3.058   2.652  -1.793   0.580   1.947  -0.080  -5.149   0.289  -0.139 
  8 A  -0.302   0.584  -3.084  -0.468  -4.297   0.380  -0.633  -1.121  -2.414  -0.418   2.127  -0.515   2.341  -0.445   1.807   0.351  -0.577  -3.861  -0.626  -1.736 
  9 A  -0.378   0.415  -0.697  -0.888  -5.273  -1.261  -0.966  -4.928  -0.912   1.265   0.711  -3.441  -0.512   0.767  -3.780   1.983   0.187  -0.840   2.084   1.365 
