DRB3_0209

Last position-specific scoring matrix computed       
            A       R       N       D       C       Q       E       G       H       I       L       K       M       F       P       S       T       W       Y       V 
  1 A  -8.256  -8.112 -11.601 -11.129  -5.861  -7.321  -9.924 -10.007  -6.624   0.109   1.847  -9.814   0.678   6.158  -9.089  -7.477  -8.229   3.259   5.064  -0.830 
  2 A  -3.382   0.536   2.042  -3.436  -1.569   2.370  -2.990  -1.614   0.877   0.604   1.306   1.109   0.363  -1.361  -7.797   0.740  -0.268  -2.407  -1.775   0.608 
  3 A  -1.197   1.012  -1.239  -2.961  -3.268   1.414   0.399  -1.341   2.012  -1.186   1.196  -0.337   1.490  -1.125  -1.534   1.796  -1.082   1.810   0.701  -0.827 
  4 A  -0.910  -4.828   0.492   6.107 -10.595  -2.093   1.676  -4.404  -3.392  -3.395  -5.594  -5.272  -4.637  -8.562  -5.967   2.761   0.972 -11.286  -8.835  -3.983 
  5 A  -0.856  -0.509   0.333  -3.112   0.028  -0.050   0.947  -3.944   0.401  -0.305  -0.013   0.219  -1.329   0.847   1.568   1.632   0.308  -1.643   1.182  -0.152 
  6 A   1.384  -3.121   1.470  -2.594  -2.202  -1.718  -1.241  -0.891  -2.803  -2.001  -2.357  -2.852  -1.523  -6.791   3.198   3.239   2.196  -4.291  -5.359   1.111 
  7 A  -0.114  -1.116   2.640   0.217  -7.273   0.713  -0.487  -2.900   0.115  -0.969  -0.012  -2.797   2.370  -1.791   0.206   2.075  -0.299  -3.645   0.660   0.177 
  8 A  -0.419   0.293  -2.577  -0.325  -3.874   0.365  -0.520  -0.994  -2.618  -0.379   2.203  -0.606   1.951  -0.224   1.662   0.565  -0.925  -3.049  -0.755  -1.593 
  9 A  -1.006  -1.565  -2.080  -2.292  -5.483  -2.439  -2.127  -5.936  -1.819   2.442   1.875  -5.393  -0.078   1.103  -4.819   0.657  -0.435  -1.986   1.803   2.342 
