DRB3_0216

Last position-specific scoring matrix computed       
            A       R       N       D       C       Q       E       G       H       I       L       K       M       F       P       S       T       W       Y       V 
  1 A  -9.171 -10.435 -13.228 -12.713  -7.182  -9.321 -10.592 -10.772  -7.426   0.360   2.127 -10.662   0.715   6.239 -11.158  -8.477  -8.812   2.697   4.781  -0.934 
  2 A  -4.181   0.171   1.744  -4.331  -2.449   2.446  -3.818  -2.375   1.014   0.875   1.951   1.172   1.037  -1.328  -9.618   0.190  -0.532  -3.068  -1.850   0.724 
  3 A  -1.178   1.204  -0.947  -3.405  -3.735   1.349   0.372  -1.171   1.923  -1.395   0.878  -0.829   1.513  -1.679  -2.405   2.045  -0.171   1.791   1.171  -0.605 
  4 A  -0.728  -5.898   0.329   5.997 -12.727  -2.743   1.883  -5.193  -4.487  -4.139  -6.020  -4.685  -3.957  -9.183  -7.221   3.234   1.191 -11.301 -10.204  -4.671 
  5 A  -1.698   0.141   0.377  -2.819   0.078  -0.168   0.643  -3.946   0.073  -0.327   0.162   0.398  -1.387   0.975   2.009   0.977   0.678  -2.092   1.155  -0.049 
  6 A   1.051  -1.804   2.137  -2.437  -2.243  -1.798  -1.153  -1.225  -2.745  -2.516  -3.038  -1.712  -1.883  -7.611   3.096   2.951   2.584  -5.098  -7.002   1.178 
  7 A   0.066  -1.378   2.698  -0.576  -7.727   0.655  -0.809  -3.832  -0.838  -0.848   0.959  -3.006   2.771  -1.903   0.369   1.963  -0.087  -6.328   0.165  -0.185 
  8 A  -0.075   0.628  -3.088  -0.515  -4.255   0.291  -0.699  -1.070  -2.362  -0.453   2.011  -0.322   2.352  -0.415   1.706   0.366  -0.495  -4.029  -0.745  -1.568 
  9 A  -0.239   0.854  -0.569  -1.017  -5.414  -1.080  -0.982  -4.653  -0.568   0.973   0.489  -3.118  -0.427   0.788  -3.686   2.201   0.040  -0.741   2.122   1.132 
