DRB3_0204

Last position-specific scoring matrix computed       
            A       R       N       D       C       Q       E       G       H       I       L       K       M       F       P       S       T       W       Y       V 
  1 A  -8.369  -7.130 -11.650 -13.227  -6.870  -9.491 -11.928 -11.191  -8.561   2.404   3.717 -10.363   2.705   3.937  -9.835  -7.812  -7.743   1.579   1.458   1.752 
  2 A  -4.158   0.266   1.103  -3.343  -4.499   1.870  -4.854  -2.266   0.093   1.436   2.376   0.995   1.515  -1.327  -8.177  -0.650  -1.173  -4.870  -2.245   1.224 
  3 A  -0.495   0.775  -0.497  -4.653  -3.925   0.869  -0.499  -0.800   0.921  -0.593   0.346  -2.012   2.398  -1.633  -2.038   1.821   0.779   2.060   1.384   0.264 
  4 A  -0.301  -6.789  -0.363   5.976  -9.919  -3.226   1.735  -5.142  -4.279  -5.427  -2.370  -3.501  -1.667  -7.840  -7.552   3.229   0.132  -9.979  -9.522  -5.506 
  5 A  -3.117   0.722   0.988  -0.910   0.411   0.411   0.392  -2.344   0.616  -0.479   0.635  -0.638  -0.301   0.779   0.776  -0.321   0.392  -1.366   1.338   0.245 
  6 A   0.313   0.557   1.833  -0.380  -3.385  -1.078  -2.150  -1.567  -2.267  -2.546  -2.091   0.482  -1.642  -7.434   3.704   1.814   1.953  -6.536  -6.293   0.765 
  7 A   0.840  -3.612   1.953  -1.022  -8.613   0.476  -1.173  -4.692  -2.849  -0.693   2.522  -4.063   2.768  -3.455   0.260   1.625  -0.237  -7.803  -1.321  -0.431 
  8 A   0.552   1.545  -1.779  -1.068  -2.723   1.589  -0.843  -1.147  -1.333  -1.593   1.821  -0.410   2.693  -1.621   1.745  -0.515  -0.874  -4.715  -1.830  -1.549 
  9 A  -0.139   4.517  -1.712  -3.512  -6.203  -0.829  -2.698  -2.582   0.543  -1.572  -0.937  -1.328   0.396   0.429  -5.437   2.107   0.254  -2.136   2.217  -1.553 
