DRB3_0211

Last position-specific scoring matrix computed       
            A       R       N       D       C       Q       E       G       H       I       L       K       M       F       P       S       T       W       Y       V 
  1 A  -8.641  -9.489 -12.208 -10.837  -8.566  -9.639 -10.319 -11.016  -8.469   0.894   2.820 -11.102   1.857   5.528 -10.961  -8.590  -9.219   2.494   4.678  -0.423 
  2 A  -4.911   1.092   1.342  -4.917  -2.512   2.639  -4.271  -2.825   1.197   0.213   1.762   2.208   0.129  -1.053 -10.958   0.132  -0.708  -4.748  -1.727   0.753 
  3 A  -0.819   2.023  -0.175  -4.273  -3.517   1.175   0.198  -1.975   1.533  -0.714   0.248  -0.291   2.002  -2.220  -2.599   1.832   0.595   0.073   0.911  -0.644 
  4 A  -0.776  -5.145   1.520   5.620 -11.663  -1.164   1.766  -3.913  -3.830  -2.766  -3.249  -3.378  -1.477  -8.916  -7.065   2.487   1.236 -10.607 -10.375  -3.740 
  5 A  -1.741   0.720   0.578  -2.495  -0.178  -0.176   0.362  -3.169  -0.643  -0.330  -0.036   0.322  -0.438   0.831   1.523   0.945   0.626  -1.212   1.011   0.367 
  6 A   1.006  -2.318   3.259  -3.733  -4.692  -3.386  -3.068  -0.631  -3.499  -3.968  -2.889  -2.034  -2.976  -9.338   2.663   3.378   3.303  -6.108  -8.080   0.188 
  7 A  -0.299  -2.380   3.263  -1.092  -9.111  -0.655  -1.355  -4.676  -1.236  -0.437   1.449  -2.723   2.380  -2.812   0.210   1.965  -0.251  -6.208  -0.015   0.491 
  8 A   0.923   2.112  -3.137  -2.076  -4.048   0.420  -1.366  -2.743  -1.559  -1.084   1.699   0.798   1.199  -0.633   1.384   0.696  -0.004  -5.902  -1.051  -1.882 
  9 A   0.186   2.092  -0.661  -4.667  -6.740  -1.544  -2.508  -3.300  -0.435   0.739   0.174  -2.585   0.902   0.550  -4.022   2.253   0.835  -1.113   2.445   0.364 
