DRB3_0302

Last position-specific scoring matrix computed       
            A       R       N       D       C       Q       E       G       H       I       L       K       M       F       P       S       T       W       Y       V 
  1 A  -7.251  -7.535  -9.850 -11.219  -4.926  -6.885 -10.821  -8.868  -6.399   1.181   2.781  -8.632   1.699   5.389  -8.987  -6.797  -7.275   2.894   3.709   0.787 
  2 A  -3.155   0.119   1.873  -3.291  -2.704   2.179  -3.735  -1.153   0.554   1.598   1.389   0.583   0.522  -1.885  -6.943   0.454  -0.568  -2.284  -2.046   0.961 
  3 A  -1.162   0.448  -2.103  -3.757  -4.210   1.021  -0.124  -0.673   1.841  -0.746   1.456  -1.457   2.055  -0.730  -0.874   1.563  -1.606   2.710   1.230  -0.455 
  4 A  -1.007  -6.616  -0.238   6.443 -11.254  -3.402   1.496  -4.617  -4.146  -4.258  -5.542  -6.090  -5.196  -6.340  -7.061   2.936   0.174 -10.228  -8.955  -5.432 
  5 A  -1.570  -0.967   0.834  -2.858   1.011   0.091   0.991  -3.565   1.119  -0.490   0.366  -0.060  -0.935   0.925   1.004   1.212   0.054  -1.798   1.492  -0.153 
  6 A   1.156  -2.240   0.996  -1.451  -1.828  -1.049  -1.111  -1.431  -3.112  -1.763  -1.997  -2.008  -1.372  -6.834   3.933   2.686   1.721  -4.150  -6.201   1.186 
  7 A   0.514  -1.935   2.372   0.326  -6.588   0.614  -0.888  -3.347  -0.556  -0.588   0.777  -3.950   2.597  -1.785   0.500   1.923  -0.626  -3.923   0.054  -0.033 
  8 A  -0.675  -0.087  -2.329   0.092  -3.616   0.799  -0.622   0.172  -2.668  -0.503   2.236  -1.628   1.985  -0.577   1.985  -0.016  -1.385  -3.567  -1.181  -1.289 
  9 A  -1.254   0.074  -2.587  -1.898  -5.352  -2.653  -1.965  -5.530  -1.068   2.009   1.992  -4.893  -0.393   1.078  -5.770   0.610  -0.598  -2.179   1.624   2.348 
