DRB3_0205

Last position-specific scoring matrix computed       
            A       R       N       D       C       Q       E       G       H       I       L       K       M       F       P       S       T       W       Y       V 
  1 A  -9.130  -8.856 -12.477 -11.611  -8.726  -9.937 -10.175 -11.471  -8.468   0.694   2.403 -10.170   1.497   5.843 -11.121  -8.897  -8.796   2.472   5.005  -0.843 
  2 A  -4.780   1.067   1.059  -4.938  -1.901   2.164  -4.086  -2.702   1.402  -0.371   1.823   2.135  -0.015  -0.560 -10.157   0.702  -0.093  -5.214  -1.232   0.580 
  3 A  -0.814   2.137  -0.047  -4.479  -3.123   0.818  -0.197  -1.769   1.250  -1.179   0.385  -0.566   1.624  -1.605  -3.351   2.079   1.028   0.843   0.809  -0.741 
  4 A  -0.414  -5.945   0.893   5.558 -10.829  -1.103   1.501  -4.016  -4.590  -2.732  -2.292  -3.680  -0.901  -8.905  -6.916   2.713   1.294 -13.280 -11.090  -3.591 
  5 A  -2.338   1.172   0.194  -2.651   0.420   0.051   0.053  -3.732  -0.560  -0.039  -0.029  -0.033  -0.553   0.787   2.020   0.323   0.620  -0.756   0.841   0.789 
  6 A   0.653  -1.529   2.958  -4.246  -3.381  -3.656  -2.854  -0.629  -2.667  -3.240  -2.384  -1.236  -2.436  -9.154   2.054   3.107   3.472  -6.312  -8.751   0.785 
  7 A  -0.374  -2.442   3.385  -1.838  -8.656  -0.543  -1.221  -5.937  -1.913  -0.492   1.934  -3.712   2.503  -2.737   0.361   1.848  -0.131  -8.653   0.124  -0.068 
  8 A   0.989   1.732  -2.980  -1.758  -4.839   0.769  -1.458  -3.072  -1.634  -1.231   1.548   0.924   1.747  -0.802   1.402   0.919   0.466  -5.268  -1.212  -2.213 
  9 A   0.709   1.908   0.248  -3.039  -6.013  -0.656  -2.130  -2.126   0.028  -0.501  -1.492  -2.562   0.489   0.246  -2.008   2.997   1.320  -1.104   2.337  -0.746 
