DRB3_0107

Last position-specific scoring matrix computed       
            A       R       N       D       C       Q       E       G       H       I       L       K       M       F       P       S       T       W       Y       V 
  1 A  -6.308  -6.145 -10.928  -9.053  -5.251  -7.647  -9.351  -8.261  -6.068   1.491   2.693  -7.557   1.722   5.154  -6.910  -5.545  -5.683   2.440   3.994   0.706 
  2 A  -4.386   0.629   1.445  -3.483  -2.613   2.029  -4.117  -1.637   0.347   0.700   2.149   1.432   0.088  -0.877  -8.718   0.142  -0.538  -3.350  -1.716   0.573 
  3 A  -1.059   1.783   0.206  -3.586  -2.767   0.606   0.086  -1.436   0.813  -0.458   0.334  -0.457   1.882  -1.446  -3.075   1.563   0.384   1.611   1.143  -0.262 
  4 A  -2.556  -6.021   0.445   6.948 -11.918  -3.003   1.136  -6.540  -4.161  -7.717  -6.983  -3.835  -6.209 -12.589  -8.993   2.239  -0.637 -13.588 -12.860  -7.773 
  5 A  -2.511   0.728   0.613  -1.746  -0.010   0.235   0.427  -2.986   0.368   0.202   0.248   0.179  -0.304   0.920   1.245   0.318   0.493  -1.569   1.079  -0.172 
  6 A   0.287   0.539   1.146  -2.277  -2.107  -1.320  -1.271  -1.140  -1.425  -1.933  -1.328   0.610  -1.006  -5.728   2.788   1.918   2.071  -4.161  -5.030   1.197 
  7 A   0.179  -1.885   2.316  -0.843  -7.490   0.474  -1.235  -3.541  -1.178  -0.365   1.469  -2.485   2.609  -2.180   0.480   1.568   0.141  -7.843  -0.151   0.095 
  8 A   0.404   1.476  -2.438  -1.578  -4.141   1.033  -0.486  -2.560  -1.450  -0.940   1.930   0.576   2.366  -0.785   0.581   0.062  -0.261  -4.895  -0.574  -1.440 
  9 A  -0.452   2.541  -0.488  -3.160  -5.992  -0.851  -1.949  -3.140   0.129   0.251  -0.327  -1.801  -0.008   1.542  -3.494   2.131   0.135  -1.024   3.014  -0.380 
