DRB3_0217

Last position-specific scoring matrix computed       
            A       R       N       D       C       Q       E       G       H       I       L       K       M       F       P       S       T       W       Y       V 
  1 A -10.982 -11.101 -13.256 -13.068  -9.755 -12.858 -11.622 -11.504  -9.367  -0.131   1.822 -13.056   0.589   6.435 -12.027  -9.910 -11.342   2.484   5.209  -1.515 
  2 A  -5.392   1.003   0.606  -5.316  -1.188   1.492  -4.504  -3.691   2.239  -0.085   1.811   2.240   0.805  -0.894 -11.191   0.839   0.195  -3.960  -1.238   0.541 
  3 A  -0.480   1.727  -0.235  -6.001  -2.326  -0.210  -0.931  -0.944   1.731  -1.467   0.363  -1.213   0.790  -0.927  -4.634   2.737   1.562   0.801   0.278  -0.634 
  4 A   0.859  -4.043   0.217   3.922  -9.004  -1.696   1.930  -3.547  -3.469  -2.272  -0.982  -2.725   0.965  -7.207  -4.011   3.437   1.372 -10.534 -10.064  -2.520 
  5 A  -2.701   1.833  -0.069  -3.158   0.477  -0.127  -0.124  -3.514  -0.671  -0.845   0.455   0.195  -0.117   0.319   2.552   0.222   0.444  -1.711   0.207   0.677 
  6 A   0.668   0.146   2.629  -4.666  -3.181  -4.076  -2.819  -0.441  -1.661  -3.792  -2.572  -0.365  -2.394  -9.372   2.297   3.422   2.751  -6.089  -8.437   0.368 
  7 A  -0.754  -0.895   2.578  -3.450  -9.348  -0.526  -1.977  -5.117  -2.227  -1.061   2.568  -1.823   2.852  -2.181   0.160   1.859  -0.211  -7.966   0.356  -0.815 
  8 A   0.785   1.925  -3.465  -1.520  -3.911   0.979  -0.961  -2.082  -1.601  -1.710   1.043   0.683   2.026  -0.348   1.076   1.206   0.926  -4.683  -1.676  -2.287 
  9 A   0.830   3.171   0.206  -3.099  -7.591  -0.530  -2.902  -1.114   0.170  -1.726  -2.826  -1.205  -0.199  -0.845  -2.511   3.329   0.966  -1.270   1.795  -1.507 
