#HLA-A2424

Last position-specific scoring matrix computed       
            A       R       N       D       C       Q       E       G       H       I       L       K       M       F       P       S       T       W       Y       V 
  1 A  -3.779  -2.726  -0.226  -1.883  -0.345  -3.258  -1.151  -4.478   1.301   0.404  -0.067  -2.812   3.733   2.736  -1.091   0.243   0.933   1.846   4.263  -2.490 
  2 A  -0.254  -4.925  -4.984  -4.508  -7.298  -6.403  -5.517  -6.850  -4.367  -5.196  -5.472  -2.068  -3.807   4.205  -2.611   1.692   0.779   3.693   7.047  -4.671 
  3 A  -0.841  -4.777  -2.375  -3.542  -2.525  -0.343  -1.743  -3.410  -1.658   1.704   0.251  -4.860   2.353   4.297  -3.213  -0.797  -1.664   3.123   3.309  -0.491 
  4 A   0.387  -1.358   0.884   0.591  -2.100  -0.463   0.829  -1.073  -0.288  -1.489  -2.001  -0.840  -1.653   1.416   3.046   1.892  -1.489   3.400  -0.762  -3.147 
  5 A  -0.403  -1.796  -0.062  -2.489  -0.964  -1.754  -1.379  -2.150  -1.741   2.628  -1.388  -2.805  -0.720   1.090  -1.387  -0.075   1.027   3.081   1.091   1.969 
  6 A  -0.399  -2.401  -0.490  -1.390  -1.861  -1.277  -2.665  -2.724   0.783   0.872   0.407  -2.942  -2.197   3.808   1.709   0.122  -0.627   0.288   2.368  -1.105 
  7 A  -0.548  -4.903  -0.111  -1.460  -2.860  -2.176  -0.878  -4.264   3.041  -1.899  -1.256  -3.226   0.094   4.011  -1.421  -0.552  -2.857   5.356   3.891  -0.216 
  8 A  -1.274  -2.137   0.881  -1.507  -2.770   1.136  -0.438  -3.226  -0.080  -1.161   1.206  -0.681  -2.945   1.059  -0.504   2.431   2.255  -1.910   0.534  -1.850 
  9 A  -6.824  -7.813  -6.582  -3.912  -6.953  -6.060  -2.283  -7.839  -7.144   4.476   1.418  -7.704  -1.191   5.752  -5.953  -7.375  -6.444   2.419  -3.174  -2.622 
