#HLA-A0315

Last position-specific scoring matrix computed       
            A       R       N       D       C       Q       E       G       H       I       L       K       M       F       P       S       T       W       Y       V 
  1 A   0.098   2.358  -5.134  -4.638  -4.669  -3.087  -5.665  -1.196   1.384   0.512  -0.886   3.600   1.885  -2.776  -4.159   2.231  -0.218  -5.479  -2.549  -0.819 
  2 A  -2.506  -6.995  -7.251  -7.673  -6.357  -2.255  -3.526  -7.832  -7.355   2.129   3.933  -6.831   4.721  -4.751  -7.441   0.093   1.907  -7.108  -6.338   0.212 
  3 A   0.069  -3.998   0.851  -3.660  -5.362  -2.559  -4.486  -4.790  -0.190  -1.653   0.316  -1.984   2.200   4.641  -6.136  -0.558  -3.967   0.754   5.233  -3.228 
  4 A   1.358   0.711   1.482  -0.118  -2.548  -1.332  -0.117  -0.725   0.047  -1.834  -1.726   0.608  -0.609   0.811  -0.665   0.985   0.155   0.739   1.662  -1.952 
  5 A  -0.994   0.919  -0.361  -1.909  -2.299   0.215  -1.342  -1.628   1.222  -0.807  -0.163  -0.258  -0.313   0.372  -0.603   1.943  -0.350   2.556   2.584  -0.020 
  6 A  -0.443  -0.506  -0.203  -2.224  -2.780   0.380  -1.460  -1.638  -1.687  -0.497   0.433  -1.388   1.277   2.499   1.054   0.889   1.408   0.902   0.706  -0.850 
  7 A  -0.697  -3.158  -0.856  -5.743  -2.742  -1.382  -2.950  -2.546   0.603  -0.014   2.109  -3.769   2.691   2.587   0.798   1.541  -0.595   1.053   0.470  -0.737 
  8 A  -1.232  -0.313   0.394  -3.446  -4.764  -0.320   0.070  -1.525  -1.273  -2.323   0.889   0.031  -2.051   2.762   1.756   0.742  -0.327  -1.768   3.211  -2.341 
  9 A  -5.966  -2.434  -5.453  -4.764  -8.241  -3.945  -3.540  -6.780  -3.710  -7.712  -7.500   7.656  -6.533  -7.591  -4.518  -5.407  -5.935  -7.335   0.580  -7.435 
