#HLA-A0213

Last position-specific scoring matrix computed       
            A       R       N       D       C       Q       E       G       H       I       L       K       M       F       P       S       T       W       Y       V 
  1 A   0.024  -0.913  -2.883  -7.400  -4.247  -4.878  -6.748  -1.547  -2.564  -2.791  -1.119  -0.220   1.896   5.151  -7.520   0.709  -1.944   2.546   4.542  -2.310 
  2 A  -5.921  -7.166  -8.177  -8.543  -6.430  -2.027  -7.655  -8.550  -7.597  -0.961   5.678  -7.266   4.637  -4.869  -7.958  -7.282  -3.625  -6.904  -6.200  -2.565 
  3 A   2.467  -4.420   0.213  -2.290  -5.028  -1.040  -6.033  -3.937  -1.198   1.568   0.372  -4.459   3.873   1.919  -4.967   1.222  -1.643  -0.599   2.025  -1.468 
  4 A  -0.565  -2.233   0.749   3.988  -1.753  -0.285   3.159  -0.768   0.745  -6.984  -5.086  -1.869  -4.231  -1.240   1.988   1.170  -1.347  -0.469   0.032  -4.150 
  5 A   0.836  -0.825  -1.251  -1.193  -2.278  -1.815  -2.061   1.500   1.455  -1.198  -0.924  -1.541  -0.461   0.104  -0.437   1.028   0.770   2.468   2.409  -0.243 
  6 A  -0.619  -6.484  -1.211  -4.058  -2.203  -1.557  -3.951  -3.060  -0.856   2.107   2.539  -5.973   0.511   1.627  -1.877   0.033   1.406  -0.390   0.429   0.690 
  7 A   1.304  -4.722   0.652  -1.969  -2.255   0.967  -1.493  -3.066   1.006  -1.320  -1.707  -3.432   1.302   1.202   2.449   1.698   1.893   1.551   1.142  -1.185 
  8 A   0.786  -1.722  -0.123  -4.524  -7.096  -0.409  -0.212   0.870  -0.050  -4.883  -1.086  -1.989  -1.464   1.259   3.398   1.609  -0.045   0.063   3.110  -2.442 
  9 A  -0.488  -7.606  -8.083  -8.332  -6.065  -7.241  -7.637  -8.109  -8.202   2.293   1.851  -7.402  -2.870  -5.650  -7.633  -6.719  -5.218  -7.463  -6.418   5.733 
