#HLA-A6901

Last position-specific scoring matrix computed       
            A       R       N       D       C       Q       E       G       H       I       L       K       M       F       P       S       T       W       Y       V 
  1 A  -3.750  -5.953   0.863  -1.779  -3.153  -2.107   3.168  -6.789   0.836  -4.408  -2.880  -6.009   4.976   4.019  -7.189   0.947   1.179   0.126   2.677  -4.900 
  2 A   0.889  -6.765  -6.156  -6.858  -6.065  -6.253  -6.515  -6.493  -7.315   1.024  -3.043  -6.356  -3.156  -6.548  -6.026   1.147   5.775  -7.538  -6.693   3.425 
  3 A   2.737  -6.567  -2.640  -2.709  -4.000  -4.608  -5.301  -5.199  -2.858   2.037  -0.223  -6.758   3.370   3.243  -1.989   0.191  -1.343   3.358   0.223  -0.031 
  4 A   0.796  -1.733  -0.413   3.269  -2.120  -3.456   2.464   0.514  -2.026  -4.177  -2.231  -3.481  -3.048   0.767   1.982   0.755  -1.132   1.530  -0.349  -2.430 
  5 A   0.491  -5.014   0.103  -3.140  -2.481  -2.758  -3.699  -1.080   0.342   2.025  -1.509  -3.662  -1.160   2.549   1.560  -0.447   0.914   2.867   0.397   1.417 
  6 A  -0.562  -2.519  -0.175  -2.405  -1.797  -1.168  -4.644  -3.818  -0.137   1.707   1.442  -3.935   0.705   2.222  -1.734   1.200   1.133  -0.640  -0.423   1.035 
  7 A   2.530  -5.554  -0.101  -0.874  -2.502  -1.886  -1.907  -3.300   1.744  -0.816  -3.000  -6.437   0.602   3.804   0.369  -0.122  -0.552   2.738   2.514  -0.874 
  8 A   1.355  -2.243   0.333  -5.754  -3.402  -0.900  -0.502  -0.364  -2.024  -4.144   0.736  -2.832  -2.103   2.137   3.711   0.416   0.089  -1.844   2.453  -2.955 
  9 A   0.452  -7.585  -7.985  -8.236  -5.991  -7.169  -7.513  -7.905  -8.209   1.685  -0.148  -7.327  -2.267  -5.850  -7.520  -6.502  -5.103  -7.553  -6.453   6.207 
