#HLA-A6805

Last position-specific scoring matrix computed       
            A       R       N       D       C       Q       E       G       H       I       L       K       M       F       P       S       T       W       Y       V 
  1 A  -6.180  -6.154   0.583   0.013  -3.914  -2.615   4.255  -6.477   3.012  -3.049  -3.264  -5.733   5.025   2.458  -7.048  -1.024   1.732  -0.129   1.846  -5.162 
  2 A   2.089  -6.782  -6.308  -6.938  -6.081  -5.203  -6.523  -6.062  -7.212   1.345  -0.388  -6.370   0.437  -4.327  -6.677   1.940   4.790  -7.455  -6.594   2.574 
  3 A   2.847  -5.553   0.733  -6.019  -2.959  -2.921  -4.654  -4.676  -2.296   1.728  -2.187  -3.336   2.197   3.602  -3.742   1.178  -0.335  -2.693   1.097  -0.067 
  4 A   0.528  -0.621   0.089   1.746  -3.455  -2.048  -0.069  -0.194  -0.629  -2.747  -1.785  -1.362  -0.623   2.034   1.110   1.611   0.457   3.081   0.930  -2.855 
  5 A  -0.444  -1.057  -0.614  -1.972  -1.124   0.012  -2.111  -1.420   0.606   1.918   0.266  -3.253  -0.975   1.302  -0.793   0.302   0.618   1.177   0.982   1.202 
  6 A  -0.176   0.486   0.217  -0.588  -4.645   0.874  -0.986  -3.153   1.266  -0.279   0.267  -1.869   0.794   1.208  -1.355   0.900   1.673  -0.409   0.275   0.150 
  7 A   2.352  -4.020  -1.052  -2.061  -1.617  -2.506  -2.214  -0.978   1.070  -0.874  -1.908  -5.700   1.058   3.256  -2.545   0.746   1.025   1.345   2.319  -0.018 
  8 A   1.275  -2.124   0.270  -5.495  -3.086  -0.191   0.179  -0.637  -1.444  -3.967   1.366  -1.962  -0.622   2.992   0.539  -0.991  -0.570  -1.394   3.319  -2.302 
  9 A  -6.578   7.882  -5.620  -6.733  -8.489  -4.176  -5.227  -7.462  -5.422  -8.141  -7.318   1.041  -6.527  -6.873  -7.111  -5.860  -6.251  -7.198  -0.243  -7.581 
