#HLA-A6604

Last position-specific scoring matrix computed       
            A       R       N       D       C       Q       E       G       H       I       L       K       M       F       P       S       T       W       Y       V 
  1 A  -4.942  -5.756  -1.643   2.590  -8.049  -2.708   6.462  -7.101   0.204  -6.875  -6.404  -5.026   3.008  -0.489  -4.406  -0.689  -1.159  -2.395  -0.364  -7.014 
  2 A  -0.015  -6.721  -5.638  -6.795  -6.077  -6.209  -5.119  -6.951  -7.338   0.550  -4.589  -6.324  -4.723  -6.620  -6.597  -0.625   6.408  -7.528  -6.709   3.465 
  3 A   2.059  -1.934  -1.610  -7.457  -4.003  -5.954  -6.064  -6.127  -1.394   3.521  -3.219  -3.126   2.080   2.668  -4.082  -0.856  -1.943  -3.927   2.574   1.854 
  4 A   1.211   0.305  -0.231   1.873  -2.329  -0.314   2.061   0.207  -0.743  -4.486  -3.169   0.255  -0.657   0.545  -0.184   0.934   0.374   0.375  -0.625  -2.403 
  5 A  -0.529  -0.300   0.338  -2.041  -4.177  -0.364  -2.288  -0.694   0.916   1.141  -0.306  -1.950  -1.026   2.024   1.186   0.265  -0.207   1.782   0.373   0.880 
  6 A  -0.888  -1.394  -1.475  -4.270  -1.797  -2.401  -4.559  -1.966  -1.766   2.060   1.919  -4.539   2.625   1.977  -2.786  -0.334   1.279   0.244   0.822   0.366 
  7 A   2.245  -2.460  -0.845  -2.521  -2.722  -0.989  -1.871   0.669   1.671  -0.600  -0.691  -4.103   1.313   1.596  -0.269   2.265   0.438  -2.837  -0.371  -1.910 
  8 A   0.694  -1.488   0.025  -4.584  -4.700  -1.961   0.006   0.833  -0.530  -3.113   0.611  -1.773  -3.082   1.934   3.497   0.370  -0.324  -0.904   1.443  -1.683 
  9 A  -2.148   2.256  -6.114  -6.782  -7.399  -5.392  -5.731  -7.616  -1.576  -1.351  -1.426   3.353   4.567  -0.695  -5.454  -5.880  -5.811  -5.123   6.213  -0.530 
