#HLA-A2452

Last position-specific scoring matrix computed       
            A       R       N       D       C       Q       E       G       H       I       L       K       M       F       P       S       T       W       Y       V 
  1 A  -3.683   0.162  -1.260  -6.244  -0.357  -1.728  -4.640  -3.767   0.187   0.453  -0.258  -0.188   0.873   3.256  -3.619   0.264  -0.138   3.070   5.085  -1.747 
  2 A  -5.698  -6.889  -6.602  -7.352  -7.935  -1.190  -5.096  -8.144  -3.898  -6.327  -5.819  -4.299  -3.151   3.084  -7.878  -4.454  -5.580   2.556   8.866  -6.422 
  3 A   0.022  -4.797  -0.482  -1.366  -2.503   2.787  -1.952  -0.984  -2.293   2.345  -0.453  -2.982   1.706   1.778  -0.707  -0.081  -1.772   1.436   0.625   0.499 
  4 A   0.500  -0.406   1.241   0.746  -2.331   0.672   0.586  -0.230  -0.072  -2.255  -2.067  -0.151  -1.328   0.813   2.671   0.916  -0.472   1.761  -0.804  -2.294 
  5 A  -0.116  -1.593   1.056  -1.109  -1.269  -2.632  -1.263  -0.767  -1.903   1.287  -0.720  -3.232   0.394  -0.837  -3.287   1.258   1.684   1.983   0.763   1.814 
  6 A   0.004  -4.035  -0.312  -2.000  -1.133  -0.862  -2.690  -2.729  -0.435   0.850   1.454  -3.494   0.264   3.154   1.353  -0.525   0.077   0.264   1.631  -0.647 
  7 A   0.096  -4.108   0.298  -0.487  -2.852   0.622  -0.259  -3.756   2.592  -2.273  -1.193  -3.528  -0.691   3.267   0.172   0.414  -1.916   5.082   3.006  -0.989 
  8 A  -0.811  -0.650  -0.420  -2.264  -2.792   1.235   0.185  -2.329   0.400  -0.965   0.634  -0.729  -3.588   1.893  -1.689   1.532   2.288  -0.370   1.942  -1.990 
  9 A  -6.845  -7.863  -8.205  -7.069  -6.894  -6.860  -5.328  -8.507  -7.309   4.394   2.367  -7.837  -1.988   5.348  -7.340  -7.514  -6.464   4.507  -4.090  -2.863 
