#HLA-A0216

Last position-specific scoring matrix computed       
            A       R       N       D       C       Q       E       G       H       I       L       K       M       F       P       S       T       W       Y       V 
  1 A  -0.258  -0.970  -3.204  -7.401  -6.132  -4.487  -6.713  -1.613  -3.070  -2.691  -1.399   0.254   1.627   5.097  -7.514   0.639  -1.759   2.631   4.717  -1.639 
  2 A  -5.376  -6.947  -7.887  -8.265  -6.469   1.151  -7.229  -8.388  -7.386  -0.355   5.320  -6.973   4.875  -5.011  -7.839  -6.183  -2.255  -6.942  -6.220  -1.610 
  3 A   1.445  -6.969  -1.555  -0.131  -5.086  -1.667  -6.571  -3.530  -3.716   1.437   1.302  -6.679   4.080   2.531  -1.184   0.405  -1.966   2.207   1.479  -1.089 
  4 A  -0.213  -2.722   0.417   3.877  -1.222  -0.824   3.336  -0.036  -0.369  -6.613  -5.245  -2.530  -3.183  -2.021   2.456   0.833  -1.202   1.391  -0.691  -4.289 
  5 A   0.665  -2.865  -1.038  -0.805  -1.651  -2.651  -1.062   1.082   0.860   0.015   0.115  -2.786   0.288   0.532  -1.844   0.160   0.178   3.022   2.832  -0.022 
  6 A  -0.165  -6.513  -1.486  -2.948  -2.215  -1.689  -3.298  -2.503  -0.721   2.220   2.631  -5.993   0.251   1.925  -1.298  -0.545   0.683  -0.381   0.761  -0.112 
  7 A   0.290  -5.216  -0.486  -1.450  -2.072  -0.304  -1.200  -5.322   1.077  -0.066  -1.524  -5.162   0.993   3.596   2.095  -0.504   0.596   3.834   2.544  -0.554 
  8 A   0.523  -1.814   0.194  -5.321  -4.254   0.125   0.529   0.554  -0.846  -5.229  -0.203  -2.002  -1.119   2.371   2.921   0.521  -0.221   0.276   3.230  -3.693 
  9 A  -0.934  -7.580  -8.119  -8.379  -6.096  -7.242  -7.670  -8.185  -8.174   1.957   2.675  -7.418  -1.913  -5.552  -7.679  -6.804  -5.275  -7.406  -6.395   5.508 
