#HLA-A6815

Last position-specific scoring matrix computed       
            A       R       N       D       C       Q       E       G       H       I       L       K       M       F       P       S       T       W       Y       V 
  1 A  -6.117  -6.517   0.241  -1.215  -4.922  -3.236   3.841  -7.431  -0.798  -5.060  -4.194  -6.140   3.874   5.473  -7.407  -0.328  -0.481   0.178   2.849  -6.234 
  2 A   1.556  -6.732  -6.143  -6.829  -6.049  -4.761  -6.452  -6.736  -7.262   0.687  -3.306  -6.310  -3.496  -6.106  -5.994   1.376   5.647  -7.544  -6.692   3.358 
  3 A   3.612  -7.077  -1.136  -6.222  -4.870  -5.404  -5.581  -6.298  -2.894   3.327  -3.863  -6.229   2.066   2.185  -0.358   0.461  -1.450  -1.214  -0.733   0.899 
  4 A   0.972  -1.372  -0.487   2.804  -1.355  -1.806   2.637   0.299  -1.632  -4.720  -2.776  -2.191  -1.897   0.732   1.771   0.887  -1.777   1.765   0.438  -2.773 
  5 A   0.088  -4.074   0.599  -2.610  -2.737  -2.229  -2.481  -1.791   0.248   2.767  -0.861  -4.151  -1.430   1.976   0.948  -0.618   0.494   2.543  -0.245   1.503 
  6 A  -1.075  -2.203  -0.377  -2.787  -2.992  -1.409  -4.719  -3.735  -1.116   1.838   2.041  -4.978   1.751   2.079  -3.362   0.327   1.583   0.237   0.157   0.672 
  7 A   3.662  -5.740   1.110  -0.579  -2.451  -2.265  -2.214  -2.161   1.955  -2.601  -4.641  -6.140  -0.742   2.205  -1.903   1.312   0.938   1.570   2.073  -1.834 
  8 A   2.181  -3.610  -0.987  -6.688  -3.384  -1.854  -0.355   0.594  -0.746  -4.314   0.384  -3.251  -1.912   2.693   2.639   0.341  -0.867  -1.428   3.129  -3.144 
  9 A   0.642  -7.474  -8.031  -8.290  -6.117  -7.106  -7.561  -7.920  -7.961   1.807   2.924  -7.298   1.606  -3.487  -7.594  -6.213  -5.653  -7.304  -6.316   4.895 
