#HLA-A1119

Last position-specific scoring matrix computed       
            A       R       N       D       C       Q       E       G       H       I       L       K       M       F       P       S       T       W       Y       V 
  1 A   0.754   0.659  -2.430  -6.412  -2.994  -2.983  -5.477  -0.848   1.503  -0.652  -2.073   1.706   3.244  -2.366  -6.621   3.769   2.117  -7.238  -2.015  -1.541 
  2 A  -0.517  -6.563  -5.935  -6.666  -6.168  -1.706  -6.289  -6.427  -7.023   0.975  -1.177  -6.172   1.916  -6.005  -6.608   3.116   5.456  -7.461  -6.652   2.024 
  3 A   0.916  -5.957   0.805  -3.184  -3.357  -1.421  -4.979  -4.386  -1.345   0.778   1.062  -3.702   3.436   4.359  -6.076   0.197  -3.187   0.120   1.938  -1.633 
  4 A   1.365  -0.486   1.777   0.946  -2.288  -2.359  -1.789   0.146  -0.502  -2.127  -1.880  -0.572  -0.744   1.003  -0.501   1.651   0.749   1.548   1.068  -1.891 
  5 A  -1.600  -0.083   0.399  -1.849  -3.786  -0.116  -2.595  -1.291   0.396  -0.629  -0.132  -2.297   0.383   2.306  -1.074   1.478   0.325   3.662   2.412   0.288 
  6 A  -0.537  -0.029   0.481  -4.075  -3.062  -0.044  -2.862  -2.886   0.197  -0.637   1.059  -1.697   1.232   2.915  -0.705   0.746   1.121   1.196   0.856  -0.371 
  7 A  -0.592  -5.341  -1.365  -4.451  -1.641  -3.416  -3.592  -2.833   0.778  -0.028   0.434  -6.345   2.829   4.360  -1.412   0.850   0.437   1.612   2.395  -0.303 
  8 A   0.383  -0.760   0.274  -5.516  -3.822  -0.892  -0.245  -0.977  -0.821  -3.789   1.141  -1.626  -2.250   3.004   1.716  -0.501  -0.638  -2.529   4.201  -3.813 
  9 A  -6.027   2.979  -5.448  -6.060  -8.283  -3.925  -4.524  -6.841  -5.723  -7.812  -7.505   7.351  -6.539  -8.036  -6.312  -5.439  -5.954  -7.594  -2.138  -7.482 
