#HLA-A0322

Last position-specific scoring matrix computed       
            A       R       N       D       C       Q       E       G       H       I       L       K       M       F       P       S       T       W       Y       V 
  1 A   0.228   2.442  -5.136  -6.608  -5.247  -2.689  -5.682  -1.141   1.619   0.480  -0.850   3.487   1.986  -2.771  -5.611   2.311  -0.164  -4.360  -2.539  -0.957 
  2 A  -2.102  -6.983  -7.129  -7.643  -6.323  -1.955  -6.149  -7.239  -7.355   2.262   3.642  -6.800   4.518  -4.816  -7.368   0.711   2.291  -7.147  -6.362   0.651 
  3 A   0.062  -3.840   0.799  -6.776  -6.149  -3.186  -6.390  -5.447  -0.394  -2.301   0.157  -2.372   2.107   4.997  -6.829  -0.965  -4.204   0.621   5.534  -3.243 
  4 A   1.274   0.819   1.646  -0.324  -2.301  -1.711  -0.324  -0.634  -0.255  -1.905  -1.969   0.274  -0.493   0.857  -0.421   1.252   0.294   0.037   1.997  -1.887 
  5 A  -1.190   0.851  -0.560  -2.315  -2.543  -0.147  -2.012  -1.691   1.222  -1.226  -0.136   0.218   0.189   0.650  -0.143   2.093  -0.294   2.558   2.683  -0.166 
  6 A  -0.281  -0.390  -0.199  -2.670  -2.268   0.112  -1.970  -1.117  -1.356  -0.678   0.317  -1.250   1.274   2.208   0.708   1.050   1.697   1.044   0.697  -0.632 
  7 A  -0.516  -2.739  -0.923  -6.522  -2.730  -1.261  -4.213  -2.531   0.352   0.193   1.916  -3.444   2.726   2.228   0.903   1.929   0.061   0.421   0.519  -0.733 
  8 A  -0.883   0.045   0.446  -3.291  -4.751  -0.487  -0.165  -1.458  -0.855  -2.166   0.772  -0.094  -1.865   2.561   1.900   0.878  -0.268  -1.793   2.905  -2.048 
  9 A  -5.956  -2.764  -5.448  -5.632  -8.240  -3.928  -4.454  -6.768  -4.101  -7.713  -7.502   7.717  -6.528  -7.677  -5.687  -5.398  -5.925  -7.386   0.234  -7.436 
