#HLA-A6823

Last position-specific scoring matrix computed       
            A       R       N       D       C       Q       E       G       H       I       L       K       M       F       P       S       T       W       Y       V 
  1 A  -6.189  -6.037   0.205   0.834  -4.948  -2.860   5.073  -6.825   2.726  -4.499  -3.541  -5.529   4.652   2.127  -6.956  -1.148   0.784  -1.472   1.702  -5.572 
  2 A   2.288  -6.669  -6.055  -6.742  -6.028  -6.132  -6.369  -6.553  -7.172   0.309  -3.539  -6.227  -1.827  -6.686  -6.493   1.550   5.756  -7.544  -6.728   2.724 
  3 A   2.729  -5.670  -0.208  -6.646  -4.437  -3.660  -5.284  -5.158  -2.811   2.348  -2.210  -4.583   2.595   3.528  -4.640   0.514  -0.632  -1.807   1.204   1.031 
  4 A   1.165  -0.159  -0.454   1.330  -2.817  -1.737   0.573  -0.077  -0.762  -3.490  -1.656  -0.668  -1.818   1.885   0.926   1.412   0.542   2.087   0.200  -2.128 
  5 A  -0.482  -1.783   0.169  -2.706  -2.487  -0.466  -1.674  -1.536   0.175   1.728  -0.053  -3.556  -0.719   1.751   0.177   0.417   0.416   1.310   0.816   1.596 
  6 A   0.851  -0.282   0.252  -1.262  -3.700   0.386  -1.945  -2.237   0.278  -0.062   0.727  -2.172   0.805   0.786  -0.859   0.870   1.418   0.017   0.033   0.356 
  7 A   2.488  -3.651  -1.676  -1.780  -1.436  -2.332  -2.206  -0.191   1.194  -0.385  -2.166  -5.670   1.556   3.138  -1.822   1.065   0.418   0.767   1.298  -0.304 
  8 A   0.724  -1.489   0.114  -4.218  -4.711  -0.893   0.388  -0.046  -1.615  -3.974   1.502  -1.959  -1.018   2.685   1.186  -1.195  -0.762  -0.099   3.339  -2.097 
  9 A  -5.864   7.148  -5.631  -6.605  -8.366  -4.176  -5.102  -7.325  -4.872  -7.826  -6.407   3.971  -2.791  -6.685  -6.927  -5.783  -6.180  -7.097   0.771  -5.533 
