#HLA-A0101

Last position-specific scoring matrix computed       
            A       R       N       D       C       Q       E       G       H       I       L       K       M       F       P       S       T       W       Y       V 
  1 A  -0.047  -2.507  -1.102  -5.137   0.319  -2.517  -1.637  -1.672  -0.671  -0.113   1.715  -2.829   2.486   2.142  -3.348  -0.124   1.082   0.774   2.184   0.266 
  2 A   0.118  -6.372  -5.131  -6.269  -6.150  -4.512  -6.001  -5.267  -6.767  -0.824  -0.907  -5.927  -1.691  -6.271  -6.336   4.787   5.552  -7.537  -6.761  -0.334 
  3 A   1.059  -6.376  -0.368   6.069  -4.898  -2.047   2.210  -2.105  -5.313  -4.288  -6.062  -5.652  -3.548  -4.617  -5.066   1.694  -0.821  -4.592  -2.784  -4.935 
  4 A   0.809  -0.630   0.486  -0.214  -2.289   0.735   0.867  -0.432   0.115  -0.904  -0.603   0.229  -0.458  -0.434  -0.498   1.385   0.470   1.151  -0.621  -0.909 
  5 A  -0.824  -1.890   0.606   0.449  -2.073   0.704   0.665   0.202  -1.047   0.540   0.392  -1.114   0.294   0.281  -1.588   0.165   0.277   1.661   0.383  -0.346 
  6 A   0.247  -1.875   1.266  -0.929  -2.766   0.871  -0.733  -0.397  -0.773  -1.067   0.525  -1.652   0.458  -0.165   0.327   1.493   1.966  -0.677   0.074  -1.326 
  7 A  -0.267  -2.580  -0.739  -0.325  -2.524   0.681   0.448  -0.052  -0.005  -1.037   2.293  -3.506  -0.124   1.629  -1.072   0.054  -0.809   1.435   0.211  -1.509 
  8 A  -0.761  -0.126  -0.763  -1.501  -3.396  -0.096   0.710  -2.830  -4.470  -0.432   2.188  -1.251   0.767   1.695   0.178  -0.415  -0.116   0.896   0.553  -0.432 
  9 A  -5.932  -6.947  -6.625  -8.185  -7.907  -6.446  -7.059  -8.265  -1.514  -4.418  -5.819  -6.510   0.053  -0.645  -7.810  -6.879  -6.832  -3.105   9.354  -4.380 
