#HLA-A3013

Last position-specific scoring matrix computed       
            A       R       N       D       C       Q       E       G       H       I       L       K       M       F       P       S       T       W       Y       V 
  1 A  -1.261   4.291  -5.013  -6.545  -4.327  -2.171  -5.389  -3.865   3.065  -1.012  -1.811   4.030   3.366  -4.561  -6.790   1.111  -1.045  -4.360  -2.918  -3.524 
  2 A   0.606  -6.308  -5.524  -6.601  -6.286   1.900  -5.959  -6.292  -6.616  -0.771  -1.406  -5.941   4.491  -2.074  -6.640   3.621   4.208  -3.547  -3.725   1.104 
  3 A  -1.452   3.020  -0.210  -6.899  -5.482  -2.602  -5.626  -4.780   0.326  -0.331   0.370   3.251   1.402   3.508  -7.253  -1.315  -5.728  -0.330   1.945  -3.742 
  4 A   1.827   0.253   1.828  -0.545  -2.068  -1.460  -0.374  -1.434   0.577  -2.271  -2.129   0.458  -1.005   0.810   0.015   1.139  -0.457   1.305   1.575  -1.193 
  5 A  -1.722   1.848  -0.068  -2.941  -3.809  -0.668  -3.830  -0.785   1.907  -0.606   0.007  -0.663  -0.414   1.416  -1.270   1.235   0.045   2.012   2.629   0.020 
  6 A  -1.610   1.340   1.285  -3.325  -2.805  -0.871  -3.846  -2.773   1.005   0.314  -0.376  -0.570   0.551   2.783  -1.067   1.327   1.093   2.002   0.476  -0.855 
  7 A   1.105  -2.763  -1.067  -5.385  -1.834  -2.706  -4.200  -2.025   2.408  -1.425   0.323  -6.437   1.274   3.281   1.274   1.156   0.569   2.572   2.332  -1.653 
  8 A   0.139  -1.759  -0.611  -4.732  -3.832  -1.720  -0.937  -1.130   1.490  -2.891  -0.382  -2.163  -3.352   4.005   1.600   0.632  -1.097  -2.466   4.275  -2.214 
  9 A  -5.309   2.907  -5.958  -6.675  -8.154  -4.584  -5.218  -7.288  -3.242  -6.787  -4.967   5.882  -4.422  -4.019  -6.791  -5.879  -6.247  -5.218   6.360  -6.667 
