#HLA-A0214

Last position-specific scoring matrix computed       
            A       R       N       D       C       Q       E       G       H       I       L       K       M       F       P       S       T       W       Y       V 
  1 A  -0.546  -0.465  -3.219  -7.458  -6.200  -3.348  -6.697  -2.849  -3.625  -3.231  -1.992   0.297   1.892   5.257  -7.578   0.258  -2.270   2.878   5.152  -2.335 
  2 A  -3.401  -6.194  -6.977  -7.377  -6.646   4.995  -5.603  -6.913  -6.694  -0.159   3.899  -6.037   4.659  -5.260  -7.420  -3.839   0.176  -5.366  -6.295   0.489 
  3 A   1.335  -6.545  -2.653  -1.706  -4.531  -1.966  -6.343  -4.422  -2.591   1.860   1.378  -6.364   3.986   2.792   0.842  -0.652  -2.409   2.723   1.030  -0.734 
  4 A  -0.214  -3.747   0.525   4.156  -1.230  -0.792   3.864  -0.219  -1.124  -7.147  -6.750  -2.505  -4.301  -2.668   2.186   0.837  -2.160   0.679  -1.150  -4.492 
  5 A   0.774  -2.463  -0.301  -0.214  -1.662  -1.560  -0.656   1.300   1.277  -0.252  -0.872  -2.233  -1.095   0.937  -2.718   0.374   0.359   2.204   2.742  -0.378 
  6 A  -0.678  -5.717  -1.495  -3.237  -2.993  -2.444  -3.175  -3.078  -0.851   2.375   2.665  -4.894  -0.956   2.371  -2.310  -0.078   0.036  -0.149   0.895   0.383 
  7 A   1.137  -4.887  -0.212  -0.499  -2.304   0.423  -1.094  -4.821   1.580  -0.514  -3.278  -5.621  -0.240   3.377   2.579  -0.861   0.516   3.666   2.570  -0.942 
  8 A   0.796  -1.832   0.090  -4.783  -3.828  -0.875   0.364   0.837  -0.034  -5.323  -0.894  -2.805  -1.623   2.279   3.135   0.701  -0.384  -0.562   3.684  -3.852 
  9 A  -1.463  -7.579  -8.154  -8.417  -6.133  -7.263  -7.718  -8.266  -8.150   2.146   3.150  -7.443  -1.517  -4.818  -7.727  -6.894  -5.039  -7.351  -6.359   5.206 
