#HLA-A1111

Last position-specific scoring matrix computed       
            A       R       N       D       C       Q       E       G       H       I       L       K       M       F       P       S       T       W       Y       V 
  1 A   0.801  -1.876  -3.089  -6.621  -2.958  -3.603  -5.444  -1.061   1.557  -0.290  -0.958  -0.815   4.107  -0.031  -6.764   3.729   2.230  -5.238   0.021  -1.152 
  2 A   0.052  -6.712  -6.162  -6.857  -6.142  -3.528  -6.486  -6.906  -7.172   1.673  -1.239  -6.328   2.349  -5.899  -6.708   2.293   5.270  -7.447  -6.622   2.535 
  3 A   1.971  -6.987  -0.334  -4.248  -2.452  -2.596  -5.956  -4.842  -3.315   1.660   0.262  -5.963   3.772   3.959  -5.996   1.020  -2.990   0.803   2.193  -1.820 
  4 A   1.767  -0.673   1.653   0.379  -3.746  -2.720  -1.715  -0.016  -1.019  -3.028  -1.831  -1.221  -0.742   1.833  -1.022   2.535   0.444   1.667   0.548  -2.479 
  5 A  -0.767  -0.709   0.245  -2.342  -2.779  -0.122  -2.389  -0.552   0.294  -0.154   0.180  -3.212   0.793   1.931  -1.381   1.846  -0.466   3.479   1.658   0.423 
  6 A  -0.175  -0.461   0.396  -3.206  -3.730  -0.618  -2.732  -1.692  -0.098  -0.953   0.704  -2.401   0.400   2.637  -0.149   1.226   1.933   1.681   0.659  -0.504 
  7 A  -0.136  -5.337  -1.472  -5.238  -2.031  -2.975  -3.602  -2.480   1.185   0.163   1.902  -6.342   2.692   3.829  -0.325   0.535  -0.506   1.475   1.486  -1.535 
  8 A   0.128  -1.483  -0.062  -4.724  -6.112  -0.804  -0.199  -1.661  -0.972  -3.835   1.711  -1.288  -1.800   3.281   1.858  -0.574  -1.749  -1.694   3.955  -3.530 
  9 A  -6.256  -1.005  -5.938  -6.581  -8.172  -4.556  -5.114  -7.215  -3.520  -7.239  -7.010   6.451  -6.342  -4.629  -6.681  -5.831  -6.224  -5.093   6.620  -7.076 
