#HLA-A2631

Last position-specific scoring matrix computed       
            A       R       N       D       C       Q       E       G       H       I       L       K       M       F       P       S       T       W       Y       V 
  1 A  -5.281  -6.096  -0.764   2.622  -6.641  -2.005   5.369  -7.209  -0.281  -5.396  -4.657  -5.488   1.674   2.889  -4.889  -0.796  -1.041   0.632   3.186  -6.813 
  2 A  -0.036  -6.936  -6.031  -7.170  -6.093  -5.349  -6.781  -7.228  -7.532   1.872  -1.124  -5.538  -2.492  -5.833  -6.870  -0.918   5.313  -7.497  -6.608   4.053 
  3 A   2.555  -2.437  -2.126  -7.300  -3.224  -3.900  -4.112  -5.491  -0.714   3.670  -2.971  -2.847   1.119   0.571  -2.559  -0.648  -0.507  -5.129   1.665   2.151 
  4 A   0.728  -0.222   0.969   2.343  -2.603   0.473   2.268   1.298  -0.734  -5.011  -3.780   0.137  -3.383  -0.195  -0.184   0.839  -0.592  -0.022  -1.458  -2.631 
  5 A  -0.442  -0.173   0.785  -0.532  -3.103   0.187  -1.846   0.721   1.732   0.462  -0.690  -1.309  -1.540   1.663  -0.221   0.402   0.091   1.031  -0.018  -0.108 
  6 A  -0.740  -3.533  -1.652  -3.062  -2.699  -2.566  -3.589  -1.061  -1.962   2.165   1.855  -5.558   3.387   0.999  -2.598  -0.221   1.851  -0.900   0.670   0.124 
  7 A   2.694  -2.326   0.617  -1.957  -3.333  -1.075  -1.148   2.008   1.194  -1.734  -0.181  -2.793  -0.710  -0.702  -1.431   1.777  -0.686  -0.443  -0.734  -2.041 
  8 A   1.416  -0.388  -1.015  -3.914  -5.236  -1.516   0.372   1.485  -1.206  -3.035   0.103  -1.093  -2.595   0.668   2.644   1.297  -0.412  -1.240   0.300  -1.032 
  9 A  -6.793  -7.058  -7.453  -6.917  -7.464  -6.575  -6.283  -8.233  -4.042  -3.674  -2.400  -7.087   5.697   3.851  -7.967  -6.925  -6.650  -3.821   7.927  -4.202 
