#HLA-A0103

Last position-specific scoring matrix computed       
            A       R       N       D       C       Q       E       G       H       I       L       K       M       F       P       S       T       W       Y       V 
  1 A  -0.341  -2.625  -0.860  -4.374   0.018  -2.341  -1.321  -1.804  -0.662  -0.201   1.627  -3.066   2.525   2.321  -3.144  -0.080   1.114   1.340   2.370   0.032 
  2 A   0.216  -6.376  -5.474  -6.262  -6.141  -5.813  -6.002  -5.483  -6.774  -0.877  -1.019  -5.927  -2.285  -6.287  -5.774   4.820   5.580  -7.544  -6.768  -0.336 
  3 A   1.105  -6.373  -0.241   6.092  -4.896  -2.198   2.211  -2.497  -5.312  -4.287  -6.276  -5.648  -3.230  -4.625  -5.063   1.670  -0.756  -5.823  -3.003  -4.932 
  4 A   0.859  -0.821   0.340  -0.114  -2.066   0.845   0.902  -0.351   0.019  -0.908  -0.604   0.147  -0.459  -0.497  -0.419   1.358   0.469   1.412  -0.525  -1.054 
  5 A  -0.917  -1.796   0.912   0.574  -1.869   0.763   0.777   0.333  -0.902   0.441   0.226  -1.306   0.196   0.279  -1.707   0.125   0.140   1.423   0.518  -0.355 
  6 A   0.215  -1.693   1.338  -0.996  -3.055   0.871  -0.920  -0.316  -0.645  -0.914   0.440  -1.651   0.621  -0.221   0.076   1.468   2.040  -0.675   0.225  -1.378 
  7 A  -0.302  -2.584  -0.458  -0.323  -2.524   0.439   0.366   0.056   0.094  -0.792   2.150  -3.658  -0.237   1.566  -1.071   0.182  -0.618   1.435   0.423  -1.452 
  8 A  -0.630  -0.228  -0.762  -1.499  -3.072  -0.096   0.675  -3.124  -4.471  -0.522   2.174  -1.058   0.446   1.693   0.480  -0.362  -0.014   0.581   0.551  -0.434 
  9 A  -5.934  -6.967  -6.640  -8.196  -7.893  -6.465  -7.078  -8.270  -1.879  -4.238  -5.599  -6.970   0.332  -0.152  -7.821  -6.887  -6.829  -3.119   9.323  -4.367 
