#HLA-A2904

Last position-specific scoring matrix computed       
            A       R       N       D       C       Q       E       G       H       I       L       K       M       F       P       S       T       W       Y       V 
  1 A  -1.958  -1.876  -3.372  -4.738  -0.985  -4.460  -3.915  -2.874   1.215   0.918   0.892  -1.717   3.523   3.150  -7.464   0.420   0.258   0.672   3.839  -0.673 
  2 A   0.644  -6.979  -6.331  -7.463  -5.580  -3.192  -6.906  -6.175  -6.796   0.121   1.492  -6.752   3.865   2.970  -7.240   0.849   2.798  -0.595   0.670   1.625 
  3 A   1.631  -5.634  -0.078  -2.911   0.507  -1.418  -5.526  -2.765  -3.300   1.796   0.473  -4.795   2.073   2.776  -5.470   0.993  -1.948   1.473   2.797  -0.726 
  4 A   0.850  -0.905   1.137  -0.210  -2.539  -1.133  -0.534   0.468  -0.070  -3.440  -2.599  -0.211  -1.670   0.783   1.773   2.639   0.357   1.768   0.386  -2.378 
  5 A  -1.031  -1.859   1.126  -0.790  -0.858  -0.541  -1.126   0.948   0.990   0.928   0.843  -2.558  -0.498   1.688  -3.823  -0.516  -1.307   3.012   0.506  -0.144 
  6 A  -0.026  -0.964   0.262  -1.333  -3.053  -1.104  -2.474  -1.103  -0.095  -0.353  -0.109  -2.713   1.067   2.380   0.255   1.481   2.311   1.047   0.827  -1.639 
  7 A  -0.392  -5.110  -3.317  -3.802  -3.076  -2.645  -4.421  -1.784  -0.288  -0.947   2.630  -5.797   1.343   3.871  -1.227  -1.848  -3.165   3.262   3.915  -1.680 
  8 A   0.249  -1.244  -1.070  -3.516  -2.272  -0.188   0.182  -0.929  -1.870  -1.954   2.105  -1.484  -0.341   2.711  -0.016   0.836  -1.068  -1.156   1.274  -1.405 
  9 A  -6.911  -6.962  -7.264  -8.230  -8.017  -6.463  -7.071  -8.310  -3.494  -6.438  -6.213  -6.967  -5.996  -1.324  -7.820  -6.911  -6.900  -2.964   9.557  -6.452 
