#HLA-A6809

Last position-specific scoring matrix computed       
            A       R       N       D       C       Q       E       G       H       I       L       K       M       F       P       S       T       W       Y       V 
  1 A  -3.173  -4.198   0.340  -2.287  -2.524  -2.772   2.092  -5.044   3.359  -1.214  -1.879  -5.052   5.433   0.931  -6.977   2.005   2.465  -1.490   1.416  -3.212 
  2 A   1.296  -6.642  -5.946  -6.667  -6.069  -5.556  -6.338  -6.622  -7.138   0.761  -4.113  -6.206  -2.447  -5.744  -6.507   2.491   5.785  -7.541  -6.707   2.698 
  3 A   1.719  -6.006   0.495  -4.873  -4.087  -2.256  -4.988  -6.268  -3.014   1.156  -1.300  -4.399   2.861   4.911  -5.503   0.997  -0.720  -0.528   1.380  -0.758 
  4 A   0.886   0.083   0.546   1.173  -3.426  -2.526  -0.836   0.106  -0.888  -3.374  -1.789  -1.146  -0.747   1.946   0.267   2.261   0.513   2.458   0.420  -2.429 
  5 A  -1.362  -0.995  -0.296  -3.754  -2.247  -0.388  -2.916  -2.550  -0.567   2.106  -0.486  -3.269  -0.144   1.981   0.642   1.138   0.422   2.463   0.577   1.584 
  6 A  -0.402   2.289   1.474  -2.475  -3.793   0.164  -1.638  -2.558   0.564  -1.028  -0.483  -0.407  -0.435   1.437  -0.680   1.092   1.504  -0.409   0.343  -0.590 
  7 A   1.679  -4.453  -0.971  -1.787  -0.825  -2.881  -2.539  -0.893   1.143  -0.370  -1.785  -5.732   2.180   3.118  -1.713   1.337   0.196   0.633   2.806  -0.191 
  8 A   0.066  -1.560   0.993  -4.391  -4.230  -0.183   0.474  -1.530  -1.970  -3.543   1.821  -1.865  -0.997   2.665   1.640  -1.405  -0.237  -1.757   3.338  -2.707 
  9 A  -6.285   6.483  -5.508  -6.357  -8.396  -4.016  -4.832  -7.123  -5.628  -8.021  -7.440   5.651  -6.546  -8.142  -6.676  -5.626  -6.088  -7.612  -5.558  -7.561 
