#HLA-A0258

Last position-specific scoring matrix computed       
            A       R       N       D       C       Q       E       G       H       I       L       K       M       F       P       S       T       W       Y       V 
  1 A  -1.351  -1.519  -3.435  -7.580  -7.253  -4.238  -6.881  -2.120  -3.351  -2.064  -0.709  -0.146   1.582   5.370  -7.690  -0.096  -2.395   2.801   4.990  -1.679 
  2 A  -5.882  -7.012  -7.991  -8.373  -6.457   0.163  -7.386  -8.445  -7.436  -1.202   5.471  -7.073   5.172  -4.941  -7.889  -6.250  -2.858  -6.907  -6.201  -2.515 
  3 A   2.010  -6.334  -0.765   0.128  -5.094  -0.752  -5.601  -3.022  -2.762   0.728   0.513  -5.766   3.947   2.498  -0.970   0.882  -1.418   1.690   1.568  -1.585 
  4 A  -0.136  -2.965   0.004   3.892  -2.160  -1.009   3.509  -0.418  -0.049  -6.989  -5.409  -2.042  -3.181  -2.141   2.429   1.174  -1.048   0.520  -0.797  -4.000 
  5 A   0.609  -2.367  -1.386  -0.936  -1.650  -2.460  -0.740   0.601   1.006   0.338  -0.104  -2.076   0.110   0.838  -2.256   0.071  -0.011   2.209   3.007   0.462 
  6 A  -0.237  -6.054  -0.884  -3.064  -1.432  -1.815  -3.143  -2.668  -0.467   2.055   2.380  -5.640  -0.053   2.088  -0.810  -0.336   0.723  -0.375   1.163  -0.059 
  7 A   0.952  -4.633  -0.340  -0.933  -2.534   0.087  -1.319  -5.031   1.281  -0.574  -2.298  -5.089   0.837   3.348   2.000  -0.053   0.522   3.239   2.818  -0.530 
  8 A   0.192  -1.152  -0.139  -4.779  -4.771   0.269   0.683   0.461  -0.705  -4.996  -0.175  -1.741  -0.973   2.154   2.665   0.656  -0.680   0.788   3.548  -3.139 
  9 A  -0.856  -7.563  -8.132  -8.393  -6.130  -7.244  -7.692  -7.641  -8.124   2.087   3.190  -7.419  -1.693  -4.826  -7.699  -6.838  -5.042  -7.350  -6.365   5.126 
