#HLA-A2442

Last position-specific scoring matrix computed       
            A       R       N       D       C       Q       E       G       H       I       L       K       M       F       P       S       T       W       Y       V 
  1 A  -3.814  -0.331  -2.571  -2.815  -1.509  -2.852  -4.616  -4.533  -0.954   0.769   0.263   0.906   0.885   3.107  -1.763  -0.128  -0.834   2.920   4.840  -0.913 
  2 A  -3.527  -4.961  -4.635  -5.874  -6.501  -0.786  -6.885  -6.620  -3.978  -5.781  -3.421  -2.203   0.685   4.511  -7.873  -2.769  -5.176   3.043   7.946  -5.713 
  3 A  -0.342  -5.118  -0.622  -1.079  -2.507   2.098  -1.320  -0.574  -2.511   2.197   0.264  -3.136   2.256   1.876  -0.799  -0.521  -1.213  -0.157   1.452  -0.070 
  4 A   0.039  -0.831   1.283   1.225  -3.161   0.433   0.706  -0.555   0.223  -1.770  -3.163  -0.152  -2.065   0.370   3.251   1.379  -1.335   2.073   0.005  -2.240 
  5 A  -0.666  -0.520   0.687  -0.716  -1.126  -1.817  -1.105  -0.302  -1.528   0.921  -0.400  -1.854  -0.079  -0.761  -3.746   1.050   1.566   2.086   1.162   1.412 
  6 A   0.006  -4.004  -1.342  -1.097  -1.850  -0.846  -1.672  -2.300   0.101   0.539   1.181  -2.604  -0.473   3.155   1.893  -0.181  -0.565  -0.122   2.276  -1.147 
  7 A  -0.384  -4.093   0.344  -0.603  -2.605   0.505   0.207  -4.071   3.042  -2.120  -1.266  -2.659  -1.239   3.574  -0.811  -0.688  -2.363   5.221   3.384  -1.142 
  8 A  -1.298  -0.529  -0.409  -1.219  -3.096   1.466   0.105  -1.955   0.410  -1.365   0.584  -0.955  -3.983   1.632  -2.872   1.799   2.105   0.766   2.424  -2.158 
  9 A  -7.037  -7.756  -7.143  -3.261  -7.228  -6.773  -2.172  -8.304  -6.868   2.307   1.705  -7.794  -2.360   6.626  -6.654  -7.396  -6.725   5.130  -3.365  -3.841 
