#HLA-A2503

Last position-specific scoring matrix computed       
            A       R       N       D       C       Q       E       G       H       I       L       K       M       F       P       S       T       W       Y       V 
  1 A  -4.525  -5.097  -2.090   1.390  -6.591  -3.058   5.464  -7.300   0.213  -5.072  -4.309  -5.517   2.366   3.234  -3.716  -0.642  -1.189   1.358   3.197  -6.346 
  2 A  -0.284  -6.875  -5.950  -7.099  -6.102  -6.420  -6.733  -7.195  -6.404   1.764  -1.217  -4.742  -2.757  -6.318  -6.826  -0.671   5.538  -7.501  -6.626   3.879 
  3 A   2.348  -2.570  -1.140  -7.315  -4.440  -4.939  -5.051  -6.032  -1.220   3.601  -3.972  -4.170   1.977   1.878  -5.018  -0.027  -1.399  -6.227   3.042   1.592 
  4 A   0.984  -0.620   0.710   1.838  -3.893   0.412   2.566   1.946  -1.447  -6.439  -4.009   0.176  -2.831  -0.310   0.281   0.774  -1.274   0.539  -0.662  -3.796 
  5 A  -0.645  -0.755   1.063  -1.175  -3.084   0.180  -1.780   0.486   1.782   1.408  -0.966  -1.539  -2.064   1.018  -0.967   0.120   0.409   1.425   0.125   0.746 
  6 A  -1.101  -5.013  -1.638  -2.121  -4.464  -2.391  -4.090  -2.025  -2.647   2.309   1.974  -5.276   3.069   0.031  -2.271   0.145   2.603  -1.550  -0.322   0.672 
  7 A   2.304  -2.309   0.762  -2.678  -2.998  -1.171  -1.428   1.509   1.193  -2.000   0.029  -2.887  -0.829  -1.168  -1.899   3.050  -0.142  -1.274  -2.013  -1.651 
  8 A   1.614  -0.493  -1.704  -4.479  -5.176  -0.941  -0.005   1.159  -0.939  -2.881  -0.876  -1.135  -3.196  -0.748   3.362   2.497   0.403  -1.632  -2.387  -0.761 
  9 A  -6.810  -7.287  -7.661  -6.472  -7.263  -6.918  -5.688  -8.316  -5.122   0.619   0.462  -7.316   4.724   4.810  -7.144  -7.090  -6.603  -4.310   6.791  -3.296 
