#HLA-A3110

Last position-specific scoring matrix computed       
            A       R       N       D       C       Q       E       G       H       I       L       K       M       F       P       S       T       W       Y       V 
  1 A  -3.283   4.996  -3.349  -6.463  -2.685  -3.826  -5.138  -4.509  -0.138  -2.090  -4.193   5.343   1.338  -2.227  -6.746  -1.233  -4.248  -1.981  -1.086  -2.958 
  2 A  -0.275  -6.462  -5.752  -5.989  -6.549   1.959  -5.792  -6.252  -6.192  -0.799  -0.188  -6.165   2.896   1.745  -6.911   2.532   4.005   0.779   2.719   0.129 
  3 A  -2.345  -1.288   0.175  -7.459  -5.387  -1.300  -6.398  -4.398  -0.442  -0.010   1.201  -1.655   2.354   4.425  -7.785  -1.942  -4.450   3.345   4.816  -2.256 
  4 A   0.414  -0.977   1.950  -0.099  -3.138  -1.018   0.680  -0.114   0.656  -2.173  -2.001  -0.560  -0.756   1.005   1.458   1.409  -0.141   2.935   1.189  -2.866 
  5 A  -2.543   1.923  -0.273  -3.111  -3.826   0.915  -2.947  -0.626   0.559   0.761   0.373  -0.457   0.038   1.850  -2.440  -0.282  -1.158   3.022   1.994   0.121 
  6 A  -0.333   1.064   0.025  -2.586  -3.066  -0.709  -3.723  -2.974   0.105   0.646   0.259  -2.366  -1.305   2.790  -0.015   1.241   1.024   0.912   1.234  -0.401 
  7 A  -0.879  -3.680  -1.193  -3.703  -2.295  -2.080  -4.492  -4.661   2.632  -0.604   0.794  -4.830  -0.137   3.489  -1.903  -0.081  -1.749   3.455   4.489   0.660 
  8 A  -1.014  -0.851  -0.622  -4.104  -2.527   0.465  -0.572  -0.620  -0.767  -2.214   0.378  -0.625  -2.537   1.902   2.269   2.390   1.786  -0.642   0.976  -2.849 
  9 A  -7.129  -7.077  -7.849  -8.441  -7.513  -7.682  -7.844  -8.331  -5.502   1.404  -1.898  -7.816  -2.818   6.868  -8.465  -7.346  -6.890   2.270   5.722  -5.155 
