#HLA-A0252

Last position-specific scoring matrix computed       
            A       R       N       D       C       Q       E       G       H       I       L       K       M       F       P       S       T       W       Y       V 
  1 A  -0.706  -1.086  -3.388  -7.411  -6.149  -4.814  -6.667  -2.660  -3.739  -2.580  -1.452   1.135   2.619   5.310  -7.530   0.453  -2.047   2.189   4.376  -1.946 
  2 A  -6.104  -7.041  -7.959  -8.337  -6.439   0.022  -7.390  -8.431  -7.451   0.320   5.162  -7.072   5.359  -4.998  -7.865  -6.608  -2.248  -6.938  -6.213  -0.809 
  3 A   2.341  -5.017  -1.031  -1.428  -5.760  -2.752  -6.621  -2.934  -3.652   0.902   0.956  -5.275   3.661   2.816  -1.989   0.423  -2.063   2.653   2.310  -2.070 
  4 A   0.640  -3.574   0.429   4.128  -2.378  -0.540   3.207  -0.992  -0.596  -5.978  -5.763  -2.228  -3.493  -2.250   1.817   1.482  -1.106   0.686  -0.501  -4.930 
  5 A   0.802  -1.738  -2.059  -0.791  -1.477  -2.100  -0.776   0.937   1.794  -0.022  -0.833  -1.275  -0.948   0.690  -1.358   0.732   0.610   2.296   2.712  -0.612 
  6 A  -0.302  -6.495  -1.479  -3.221  -2.976  -2.110  -3.945  -3.157  -0.858   1.978   2.669  -5.653  -0.706   1.625  -0.633   0.034   1.282  -0.392   0.428   0.546 
  7 A   1.368  -4.869  -0.539  -1.601  -2.268   0.225  -2.169  -5.930   0.791  -0.704  -1.191  -4.400   0.614   2.797   2.554   0.175   1.185   2.805   2.485  -0.686 
  8 A   0.901  -2.319   0.356  -4.998  -4.752  -0.245   0.492   0.996  -0.241  -5.131  -0.836  -2.369  -1.629   1.638   3.067   0.871  -0.551   0.781   3.565  -3.860 
  9 A   0.087  -7.561  -8.064  -8.316  -6.076  -7.201  -7.604  -8.023  -8.128   1.986   2.329  -7.366  -1.761  -4.650  -7.610  -6.665  -5.251  -7.414  -6.385   5.508 
