#HLA-A3311

Last position-specific scoring matrix computed       
            A       R       N       D       C       Q       E       G       H       I       L       K       M       F       P       S       T       W       Y       V 
  1 A  -4.595  -3.970   1.364   1.508  -1.707  -2.196   2.772  -5.754   3.995  -1.387  -2.448  -5.233   5.008   0.741  -7.024   0.184   1.743  -0.643   0.506  -3.556 
  2 A   1.984  -6.961  -5.759  -7.282  -6.236  -3.649  -6.771  -5.969  -7.055   1.173   0.066  -6.628   2.361   1.920  -6.997   0.855   3.438  -2.829  -1.717   2.613 
  3 A   0.285  -0.844  -0.259  -6.669  -2.512  -1.387  -5.201  -5.389  -0.525   1.032  -0.009  -0.883   2.677   4.416  -3.382  -0.012  -1.084   0.653   2.062  -0.820 
  4 A   0.586   0.449   0.391   0.763  -3.123  -1.874  -0.074  -0.433   0.030  -3.137  -1.427  -0.608   0.037   1.264   1.497   1.535   0.056   3.008   0.973  -2.275 
  5 A  -1.740   2.106  -2.034  -4.625  -2.278   0.035  -3.929  -2.668   1.556   1.783  -0.026  -1.723  -0.713   1.537  -0.313  -0.012  -0.431   1.894   0.999   1.511 
  6 A  -1.692   2.830  -0.066  -2.026  -3.827  -0.059  -2.106  -3.940   1.902  -0.788   0.304  -0.311  -0.289   2.132  -1.165   0.309   0.526   0.242   1.117  -0.226 
  7 A   1.980  -3.666  -0.617  -4.150  -0.313  -3.583  -4.018  -1.482   1.577  -0.726  -2.491  -5.474   1.320   3.405  -2.567   0.596   1.019   2.663   3.104   0.015 
  8 A   1.234  -2.005   0.662  -4.600  -1.858   0.046   0.280  -2.021  -0.731  -3.376   1.020  -1.695  -1.183   2.738   1.794  -0.471  -0.017  -1.784   2.909  -2.553 
  9 A  -6.607   8.117  -5.591  -6.744  -8.520  -4.142  -5.234  -7.483  -5.490  -8.241  -7.352  -0.847  -6.546  -8.024  -7.150  -5.861  -6.252  -7.493  -6.159  -7.633 
