#HLA-A3205

Last position-specific scoring matrix computed       
            A       R       N       D       C       Q       E       G       H       I       L       K       M       F       P       S       T       W       Y       V 
  1 A  -3.384   4.884  -5.000  -6.461  -5.034  -3.804  -5.099  -4.034  -2.585  -2.702  -3.633   5.565   0.791  -1.226  -6.715  -0.799  -4.709  -0.958  -0.278  -4.298 
  2 A  -2.397  -6.881  -6.969  -7.546  -6.351  -0.777  -6.930  -7.658  -7.219   1.551   3.567  -6.702   4.232  -2.965  -7.296   0.176   3.383  -2.880  -3.161   0.336 
  3 A  -1.552  -5.429  -0.242  -5.413  -7.139  -1.865  -6.628  -3.950  -4.150   0.079   1.099  -7.053   3.186   4.874  -7.904  -1.708  -3.493   4.358   4.671  -2.616 
  4 A   0.748  -2.767   2.041   1.100  -4.280  -2.179   0.647   0.369   1.024  -3.608  -2.382  -1.894  -3.314   1.185   2.534   1.413  -0.588   2.087   1.387  -3.124 
  5 A  -1.220  -0.785  -0.166  -2.272  -2.051  -0.929  -2.034  -0.095  -0.550   0.622   0.500  -2.259   0.578   2.299  -1.745   0.291  -0.060   3.290   1.123   0.981 
  6 A   0.246  -1.109  -0.185  -0.915  -1.809  -0.275  -2.574  -2.158  -0.687   0.213   1.040  -3.610  -1.141   1.274   0.321   1.871   2.274  -0.672  -1.108  -0.470 
  7 A  -1.045  -5.264  -0.580  -3.177  -2.047  -1.059  -1.794  -5.988   1.346  -0.380   0.624  -5.565   0.431   2.878  -1.198  -0.066  -0.558   2.672   3.981   1.856 
  8 A   0.400  -0.472  -0.522  -3.805  -4.137   0.487   0.363   0.069  -2.733  -3.209  -0.334  -1.178  -3.142   0.228   2.088   2.733   2.715  -2.399  -0.738  -2.697 
  9 A  -6.789  -7.944  -8.223  -8.499  -6.813  -7.855  -8.171  -8.586  -7.210   5.019   1.778  -7.866  -0.989   5.375  -8.281  -7.504  -6.378  -1.356  -0.246  -2.959 
