#HLA-A2419

Last position-specific scoring matrix computed       
            A       R       N       D       C       Q       E       G       H       I       L       K       M       F       P       S       T       W       Y       V 
  1 A  -0.112   3.381  -2.933  -6.635  -2.543  -3.300  -5.709  -2.003  -1.140  -0.160  -0.951   3.197   0.355  -2.916  -6.807   2.459  -0.936  -1.899   2.167  -1.041 
  2 A  -5.560  -7.255  -7.529  -8.281  -7.860  -3.562  -7.325  -8.038  -4.792  -5.600  -3.831  -7.340  -1.251   4.500  -8.321  -5.226  -1.730   8.123   7.300  -4.599 
  3 A  -0.456  -1.140  -2.969  -5.088  -2.031   0.390  -6.753  -3.922  -1.581   1.001   2.887  -2.219   2.828   2.602   0.023  -1.517  -2.574   3.227   0.415  -1.699 
  4 A   0.854  -0.029   0.934   0.464  -1.340   0.364  -0.805  -0.589   1.402  -1.578  -4.047   0.387  -2.499  -0.148   2.645   1.614  -1.489   3.751  -0.056  -2.229 
  5 A   0.661   0.286   0.529  -4.732  -0.978  -1.711  -3.154  -1.166   0.197   0.101  -0.077  -2.603  -0.519   1.235  -0.373   0.331   1.497   3.537   1.776   0.346 
  6 A  -1.662   0.451  -0.301  -5.150  -3.117  -1.756  -4.898  -2.321   1.520  -0.316   0.917  -2.163  -0.477   4.209   0.345   0.347  -1.031   0.962   2.685  -1.521 
  7 A  -0.002  -4.056  -0.587  -4.260  -3.153  -0.773  -3.702  -4.467   3.147  -0.507  -1.475  -5.941  -0.530   4.012  -0.497  -2.444  -4.026   5.486   4.699  -0.190 
  8 A  -0.939  -2.559   0.628  -3.019  -3.457   0.440  -0.224  -3.520  -0.564  -3.433   0.310  -2.961  -1.877   3.480   1.717   1.321   0.313   0.327   4.039  -2.958 
  9 A  -1.670  -5.277  -8.116  -8.421  -6.403  -7.253  -7.750  -8.283  -7.696   2.485   4.034  -4.488   1.082   2.311  -7.883  -5.850  -5.653  -6.723  -5.480   2.779 
