#HLA-A3601

Last position-specific scoring matrix computed       
            A       R       N       D       C       Q       E       G       H       I       L       K       M       F       P       S       T       W       Y       V 
  1 A  -0.308  -2.181  -1.981  -6.749   0.020  -3.593  -3.005  -1.623  -0.105   0.043   1.834  -2.137   2.880   2.519  -5.102  -0.331   0.678   1.472   2.579   0.046 
  2 A   0.036  -6.423  -5.608  -6.384  -6.162  -4.218  -6.093  -4.925  -6.829  -0.694  -0.120  -6.000   0.215  -6.153  -6.413   4.432   5.498  -7.492  -6.725  -0.133 
  3 A   1.414  -5.620   0.711   5.681  -4.844  -1.803   1.451  -2.497  -4.246  -3.051  -5.326  -5.731  -1.440  -1.906  -5.523   1.833  -1.087  -4.469  -0.437  -4.997 
  4 A   0.837  -0.952   0.538  -0.374  -2.291   0.495   0.378  -0.114   0.474  -1.550  -1.137   0.343  -0.477  -0.022   0.211   1.597   0.932   1.653  -0.240  -1.503 
  5 A  -1.109  -1.278   1.442   0.496  -2.310   0.591   0.011   0.461  -0.082  -0.052   0.117  -0.530   0.186   0.222  -1.361   0.292   0.233   1.982   0.243  -0.578 
  6 A   0.187  -1.602   1.711  -0.485  -3.067   0.593  -0.722  -0.043  -0.520  -1.331  -0.302  -1.639   0.072  -0.127   0.724   1.553   2.228  -0.439  -0.258  -1.526 
  7 A  -0.419  -2.364  -1.056  -1.139  -2.787   0.301  -0.289   0.052   0.772  -1.544   2.340  -3.847  -0.120   1.990  -0.798   0.444  -1.229   1.681   1.056  -1.349 
  8 A  -0.304  -0.456  -1.246  -2.443  -3.741  -0.506   0.776  -2.728  -4.055  -0.348   2.016  -1.467   0.608   1.954   0.648  -0.077   0.226   0.039   0.558  -0.274 
  9 A  -6.226  -6.957  -7.261  -8.215  -7.958  -6.451  -7.067  -8.291  -2.682  -4.836  -6.112  -6.958  -1.446  -1.544  -7.810  -6.894  -6.862  -3.025   9.478  -5.329 
