#HLA-A6802

Last position-specific scoring matrix computed       
            A       R       N       D       C       Q       E       G       H       I       L       K       M       F       P       S       T       W       Y       V 
  1 A  -5.555  -6.172   0.882  -0.983  -4.337  -2.122   4.450  -7.157   0.269  -4.378  -2.911  -5.707   4.597   3.402  -7.021   0.929   1.310  -0.833   1.683  -5.653 
  2 A   0.999  -6.616  -5.888  -6.640  -6.059  -6.088  -6.330  -6.320  -7.169  -0.078  -5.190  -6.188  -4.857  -6.755  -6.471   1.848   6.235  -7.553  -6.746   2.875 
  3 A   3.592  -7.034  -2.117  -6.724  -4.362  -5.390  -5.925  -5.479  -2.618   2.455  -2.815  -5.890   3.140   3.176  -2.230   0.607  -0.808  -1.176  -0.569   0.633 
  4 A   1.337  -0.882  -0.786   2.530  -1.509  -1.851   1.886  -0.076  -2.023  -4.109  -2.136  -2.831  -1.509   1.134   1.982   0.951  -0.657   1.417   0.447  -2.312 
  5 A   0.086  -6.574   0.078  -3.487  -1.795  -2.279  -3.942  -3.989  -0.863   3.317  -0.944  -5.364  -0.942   2.243   1.352  -0.917   0.697   1.885  -0.708   1.909 
  6 A  -0.596  -0.988  -0.046  -2.384  -2.459  -1.141  -3.973  -2.804  -0.345   1.489   1.103  -3.261   1.053   1.157  -0.971   0.972   1.649  -0.411  -0.036   1.232 
  7 A   3.123  -4.632   0.355  -0.164  -2.239  -2.631  -1.300  -2.147   1.802  -2.035  -3.660  -6.255   0.151   3.011  -1.340   0.664  -0.193   0.622   2.617  -0.629 
  8 A   1.240  -2.036   0.379  -6.200  -3.786  -0.532  -0.802   0.179  -1.295  -3.982   0.665  -2.419  -1.892   2.861   2.716  -0.089  -0.389  -1.424   3.104  -3.255 
  9 A   1.245  -7.560  -7.969  -8.195  -6.030  -7.144  -7.502  -7.774  -8.092   2.676   0.880  -7.280  -1.327  -5.774  -7.485  -6.437  -5.179  -7.499  -6.454   5.580 
