#HLA-A2477

Last position-specific scoring matrix computed       
            A       R       N       D       C       Q       E       G       H       I       L       K       M       F       P       S       T       W       Y       V 
  1 A  -2.350   2.458  -2.599  -5.353   0.087  -2.296  -5.365  -2.726  -0.585   0.758  -0.274   2.551   0.294  -0.042  -3.755   0.991  -0.429   1.348   3.887  -1.245 
  2 A  -6.293  -7.016  -6.173  -8.200  -7.958  -3.977  -7.128  -8.216  -3.890  -6.294  -5.789  -4.781  -3.806   3.273  -7.059  -6.120  -6.417   3.295   8.914  -6.118 
  3 A  -1.129  -3.695  -1.067  -2.065  -2.065   2.871  -2.345  -0.491  -0.770   1.720   0.264  -1.962   1.418   2.176  -0.236  -0.093  -1.709   1.453   1.869  -0.404 
  4 A  -0.032  -0.287   1.809   0.677  -4.299   0.306   0.268  -0.777   0.876  -1.969  -2.925   0.113  -1.503   0.733   2.776   1.407  -0.834   2.531  -0.399  -2.163 
  5 A   0.048  -0.139   0.540  -2.211  -1.277  -2.263  -0.921  -1.116  -1.366   1.228  -0.631  -2.198  -0.073  -0.354  -3.743   0.991   1.733   2.186   1.325   1.422 
  6 A   0.107  -3.010  -0.924  -2.189  -1.658  -0.752  -2.906  -2.537   0.626   0.274   0.853  -2.595  -0.731   3.332   2.063   0.006   0.027   0.934   2.320  -1.321 
  7 A  -0.483  -3.520   0.639  -0.651  -3.482   1.018   0.040  -4.520   3.273  -1.857  -0.661  -3.495  -1.073   2.623  -1.180   0.335  -2.107   4.547   3.366  -0.114 
  8 A  -1.516  -0.707   0.229  -1.769  -2.288   1.510   0.060  -2.941   0.132  -1.299   0.590  -0.836  -2.477   1.916  -1.811   1.872   2.421  -0.155   1.642  -2.293 
  9 A  -6.899  -7.867  -8.173  -7.668  -6.962  -6.898  -4.792  -8.483  -7.169   3.886   2.236  -7.882  -2.442   6.024  -8.405  -7.502  -6.540   3.448  -3.510  -2.804 
