#HLA-A2616

Last position-specific scoring matrix computed       
            A       R       N       D       C       Q       E       G       H       I       L       K       M       F       P       S       T       W       Y       V 
  1 A  -4.853  -6.039  -0.722   3.473  -6.671  -2.602   5.509  -7.092  -0.398  -5.766  -4.779  -5.386   1.493   1.929  -6.837  -0.259  -1.650   0.060   2.615  -6.600 
  2 A   0.473  -6.911  -6.453  -7.109  -6.075  -4.890  -6.714  -7.116  -7.482   1.408  -1.829  -6.539  -2.779  -4.316  -6.810  -0.507   5.406  -7.485  -6.575   4.065 
  3 A   2.334  -0.598  -1.472  -7.181  -3.261  -4.101  -4.453  -4.660  -0.830   3.575  -3.029  -0.535   1.109   0.733  -2.722  -0.810  -0.183  -3.393   1.385   1.466 
  4 A   0.701  -0.050   0.799   2.024  -2.867   0.535   1.733   0.831  -0.264  -4.765  -3.393   1.079  -2.094  -0.243   0.156   0.934  -0.195  -0.703  -0.652  -2.697 
  5 A  -0.415   0.267   0.870  -0.155  -2.314  -0.018  -1.662   0.206   2.044   0.324  -0.761  -0.802  -1.722   1.902  -0.150  -0.095  -0.063   1.036   0.437  -0.537 
  6 A  -0.927  -1.717  -1.011  -2.425  -2.716  -2.205  -3.393  -1.382  -1.752   1.937   1.709  -4.931   3.290   1.325  -3.348  -0.167   2.001  -0.387   0.801  -0.398 
  7 A   2.474  -1.633   1.008  -2.127  -3.701  -1.166  -0.872   1.845   1.623  -1.967  -0.363  -2.878  -1.781  -1.076  -1.318   2.194  -0.497  -0.690  -0.353  -2.208 
  8 A   1.155  -0.558  -1.010  -3.232  -4.653  -1.628   0.796   0.974  -0.547  -2.451   0.277  -1.089  -1.931   0.616   2.750   1.585  -0.350  -1.589  -0.823  -1.022 
  9 A  -6.842  -7.053  -7.419  -8.247  -7.616  -6.585  -7.231  -8.256  -3.794  -4.593  -3.360  -7.085   4.705   3.479  -7.950  -6.937  -6.734  -3.555   8.438  -4.648 
