#HLA-A3403

Last position-specific scoring matrix computed       
            A       R       N       D       C       Q       E       G       H       I       L       K       M       F       P       S       T       W       Y       V 
  1 A  -2.853  -3.002  -0.970  -3.867  -2.504  -2.622   1.036  -5.477   3.912  -0.548  -1.755  -3.015   5.480   1.150  -5.302   2.571   2.230  -2.291   0.244  -2.524 
  2 A   0.731  -6.789  -6.249  -6.902  -6.115  -5.207  -5.440  -6.888  -7.259   1.841  -0.715  -6.390  -0.220  -5.901  -6.720   2.169   5.066  -7.488  -6.637   2.884 
  3 A   0.615  -4.313  -0.906  -6.920  -4.700  -3.246  -6.493  -5.680  -2.116  -0.029  -0.648  -3.192   1.356   5.411  -6.175  -0.080  -2.720   0.597   4.799  -1.910 
  4 A   0.904  -0.092   1.622   0.552  -3.435  -2.147   0.160  -0.378  -0.057  -2.466  -1.868  -0.209   0.403   1.658  -1.675   1.790   0.591   1.670   0.976  -2.829 
  5 A  -1.775   1.273   0.199  -3.680  -2.799  -0.333  -3.215  -2.356   1.844   0.895  -0.780  -1.029  -0.522   1.779  -0.227   1.702  -0.353   2.553   1.472   0.630 
  6 A  -0.480   2.081   0.827  -3.005  -4.687  -0.217  -2.411  -2.569  -0.178  -0.328  -0.157  -0.048  -0.658   1.545  -0.436   1.235   1.859   0.579   0.803  -1.166 
  7 A   0.574  -3.139   0.086  -4.235  -1.812  -2.153  -2.765  -0.573   0.693   0.201  -0.208  -4.602   2.921   2.335   0.253   2.437   0.394   0.235   0.379  -0.868 
  8 A   0.569  -1.021   0.925  -4.144  -4.730  -0.597  -0.080  -0.908  -0.728  -2.614   0.477  -1.683  -2.092   2.775   2.870   0.244  -0.739  -4.864   2.906  -2.512 
  9 A  -6.059   3.299  -5.482  -5.740  -8.283  -3.972  -4.581  -6.883  -5.646  -7.787  -7.468   7.198  -6.529  -7.655  -5.341  -5.476  -5.980  -7.355   0.158  -7.461 
