#HLA-A0256

Last position-specific scoring matrix computed       
            A       R       N       D       C       Q       E       G       H       I       L       K       M       F       P       S       T       W       Y       V 
  1 A   0.051  -0.263  -3.311  -6.652  -5.246  -4.654  -6.048  -2.795  -1.810  -1.702  -0.514   1.127   3.786   4.298  -7.272   1.497  -0.432   0.826   2.981  -1.700 
  2 A  -2.697  -7.064  -7.473  -7.935  -6.332  -1.221  -6.717  -7.493  -7.493   1.841   4.106  -6.950   4.443  -5.329  -7.542  -2.465   1.925  -7.111  -6.334   1.479 
  3 A   2.624  -7.047  -2.372  -1.970  -6.633  -4.976  -6.334  -4.146  -2.784   0.513   0.671  -6.779   4.436   3.787  -2.001  -0.166  -3.029   2.738   1.796  -2.065 
  4 A   1.381  -3.038   0.029   3.567  -1.909  -2.080   2.669  -0.800  -1.305  -5.274  -4.223  -3.436  -3.779  -0.623   2.678   1.397  -1.662   1.859  -0.289  -3.303 
  5 A   0.501  -3.450  -1.039  -1.865  -1.649  -2.862  -1.841   0.931   1.677   0.484  -1.393  -2.282  -0.672   1.699  -0.876   0.205   0.979   3.228   2.294   0.542 
  6 A  -0.928  -5.344  -0.882  -3.862  -1.992  -1.320  -5.038  -3.055  -0.726   1.959   2.524  -5.639  -0.976   2.160  -1.191   0.469   1.155  -0.896   0.002   0.733 
  7 A   1.441  -5.930  -0.181  -2.286  -2.777  -0.759  -2.903  -5.996   1.142  -0.766  -1.646  -5.487   0.995   3.978   2.096  -0.651   0.125   2.660   2.551   0.008 
  8 A   0.662  -2.469   0.440  -5.714  -4.736  -0.898  -0.339   0.181  -1.120  -4.626  -0.491  -3.479  -1.967   2.631   3.557   0.895  -0.062  -0.105   3.621  -3.684 
  9 A  -1.702  -7.651  -8.099  -8.348  -6.043  -7.272  -7.064  -8.233  -8.297   2.163   0.931  -7.444  -3.863  -5.716  -7.664  -6.787  -5.468  -7.514  -6.423   6.150 
