#HLA-A3406

Last position-specific scoring matrix computed       
            A       R       N       D       C       Q       E       G       H       I       L       K       M       F       P       S       T       W       Y       V 
  1 A  -6.121  -5.654  -0.434   0.899  -4.394  -3.058   4.984  -6.802   3.014  -4.471  -4.504  -5.521   5.269   1.669  -6.936  -0.310   0.714  -0.621   1.057  -5.772 
  2 A   1.762  -6.747  -6.181  -6.867  -6.039  -6.225  -6.491  -6.749  -7.286   0.541  -3.368  -6.330  -1.138  -6.092  -6.591   0.506   5.788  -7.523  -6.686   3.306 
  3 A   1.917  -6.165  -1.079  -6.910  -5.711  -5.535  -6.553  -5.835  -3.074   2.549  -1.001  -4.931   2.982   4.028  -5.115  -0.330  -1.689   0.803   2.197   1.042 
  4 A   1.320  -0.372  -0.060   2.217  -3.834  -2.128   1.414   0.462  -1.479  -4.161  -2.494  -0.938  -1.872   1.090   1.119   1.419  -0.194   2.175  -0.235  -2.917 
  5 A  -0.700  -0.164  -0.181  -4.601  -2.503  -0.846  -3.838  -1.047   1.050   1.364  -0.386  -3.551  -0.994   2.369   0.637   0.036  -0.924   2.716   1.019   1.901 
  6 A  -0.218  -0.654  -0.348  -2.080  -3.340  -0.732  -3.774  -2.708  -0.219   0.998   1.182  -2.442   0.836   2.224  -1.985   0.935   0.957   0.421   0.768   0.621 
  7 A   2.349  -4.250  -2.386  -3.140  -2.019  -2.706  -2.672  -0.745   1.787  -0.648  -2.247  -6.472   2.083   3.773  -0.694   0.667   0.363   1.220   2.039  -0.848 
  8 A   1.283  -2.588   0.374  -5.435  -4.689  -1.451   0.134  -0.179  -2.019  -3.796   0.954  -2.422  -2.516   2.487   3.415  -0.796  -0.280  -1.819   2.657  -2.343 
  9 A  -2.607   6.080  -5.982  -6.855  -7.855  -4.592  -5.436  -7.385  -3.968  -3.186  -3.539   3.805   1.088  -3.043  -7.018  -5.907  -6.128  -6.407   3.446  -0.692 
