#HLA-A0284

Last position-specific scoring matrix computed       
            A       R       N       D       C       Q       E       G       H       I       L       K       M       F       P       S       T       W       Y       V 
  1 A  -0.047  -0.460  -3.200  -7.388  -5.377  -3.572  -6.644  -2.390  -3.328  -3.013  -1.762   0.416   1.567   5.042  -7.489   0.535  -1.760   2.553   4.968  -1.968 
  2 A  -3.739  -6.004  -6.794  -7.189  -6.724   5.561  -5.076  -6.845  -6.510  -0.119   3.551  -5.823   4.769  -5.381  -7.348  -3.209   0.133  -5.377  -6.303   0.231 
  3 A   1.269  -7.056  -2.127  -1.227  -4.538  -2.113  -6.322  -3.963  -2.584   1.534   1.587  -6.795   3.911   2.835   0.099  -0.649  -1.804   3.094   1.089  -0.884 
  4 A  -0.178  -3.585   0.619   4.245  -0.923  -0.999   3.764  -0.295  -1.277  -7.101  -6.473  -2.728  -4.292  -2.280   1.886   0.933  -2.055   0.983  -1.391  -4.176 
  5 A   0.772  -2.589  -0.567  -0.220  -1.483  -1.570  -0.905   1.432   1.150   0.012  -1.397  -2.242  -0.961   1.098  -2.554   0.091   0.399   2.209   3.063  -0.375 
  6 A  -0.810  -5.409  -2.136  -3.410  -2.710  -2.634  -3.648  -2.701  -0.855   2.503   2.678  -5.165  -0.815   2.420  -2.470  -0.129  -0.115   0.059   0.955   0.389 
  7 A   0.997  -4.890   0.288  -0.728  -2.307   0.160  -0.900  -4.465   1.693  -0.558  -3.368  -5.940  -0.466   3.359   2.687  -0.803   0.434   3.549   2.536  -0.763 
  8 A   0.743  -2.126   0.087  -5.331  -4.257  -1.082   0.483   0.809   0.153  -5.081  -0.721  -2.701  -1.450   2.397   3.289   0.628  -0.619  -0.332   3.479  -3.846 
  9 A  -1.130  -7.601  -8.129  -8.383  -6.103  -7.261  -7.691  -8.215  -8.185   2.353   2.564  -7.431  -1.913  -5.549  -7.691  -6.831  -5.278  -7.410  -6.396   5.470 
