#HLA-A0329

Last position-specific scoring matrix computed       
            A       R       N       D       C       Q       E       G       H       I       L       K       M       F       P       S       T       W       Y       V 
  1 A   0.099   2.309  -5.149  -6.617  -4.169  -2.355  -5.108  -1.198   1.618   0.577  -0.776   3.326   2.037  -2.618  -5.622   2.291   0.223  -4.349  -2.175  -0.901 
  2 A  -2.324  -6.975  -6.521  -7.634  -6.330  -1.954  -6.148  -7.245  -7.348   2.210   3.719  -6.797   4.477  -4.809  -7.370   0.711   2.378  -7.141  -6.362   0.423 
  3 A   0.225  -3.656   0.486  -6.782  -6.146  -3.178  -5.974  -5.435   0.213  -2.479   0.032  -2.367   2.245   5.034  -6.814  -0.730  -4.419   0.451   5.476  -3.586 
  4 A   1.161   0.861   1.550  -0.168  -2.308  -1.450  -0.217  -0.550  -0.050  -1.906  -1.821   0.644  -0.491   0.894  -0.753   1.074   0.060   0.579   1.750  -1.892 
  5 A  -1.189   1.065  -0.487  -2.203  -2.547   0.151  -1.909  -1.504   1.289  -1.294  -0.365   0.265   0.089   0.513  -0.362   2.074  -0.349   2.386   2.743  -0.172 
  6 A  -0.247  -0.509  -0.263  -2.803  -2.269  -0.038  -2.271  -1.066  -0.918  -0.501   0.250  -1.326   1.144   2.522   0.654   0.956   1.722   1.049   0.770  -0.850 
  7 A  -0.478  -2.619  -1.004  -6.549  -2.730  -1.381  -4.435  -2.288   0.351   0.092   1.995  -3.451   2.728   2.424   0.697   1.860  -0.089   0.242   0.390  -0.733 
  8 A  -0.796   0.041   0.584  -3.455  -4.251  -0.674  -0.376  -1.401  -1.284  -2.244   0.754  -0.190  -1.865   2.779   1.968   0.712  -0.218  -1.785   2.937  -2.190 
  9 A  -5.957  -2.767  -5.449  -5.633  -8.240  -3.931  -4.457  -6.770  -3.717  -7.712  -7.501   7.711  -6.527  -7.658  -5.689  -5.400  -5.927  -7.374   0.307  -7.436 
