#HLA-A3209

Last position-specific scoring matrix computed       
            A       R       N       D       C       Q       E       G       H       I       L       K       M       F       P       S       T       W       Y       V 
  1 A  -3.730   4.821  -4.693  -6.447  -3.628  -3.797  -5.094  -3.282  -1.766  -1.816  -4.091   5.614   1.459  -2.012  -6.707  -1.230  -4.248  -2.421  -1.468  -4.256 
  2 A  -1.614  -6.832  -6.757  -7.373  -6.289  -1.649  -6.836  -7.465  -7.239   1.452   3.131  -6.607   4.247  -4.685  -7.139   0.761   4.037  -7.168  -5.227   0.590 
  3 A  -0.430  -4.066   1.378  -5.205  -7.082  -1.424  -5.984  -3.040  -3.361   0.296   0.478  -5.348   3.366   3.976  -7.653  -0.566  -3.934   3.525   4.792  -2.093 
  4 A   0.974  -2.164   2.066   0.718  -3.137  -2.320   0.792  -0.104   0.654  -3.350  -2.143  -0.847  -2.488   1.289   2.271   1.388  -0.467   2.183   1.023  -3.532 
  5 A  -1.741  -0.142   0.008  -2.493  -3.760   0.158  -2.527  -1.102   0.190   0.691   0.590  -1.883  -0.246   2.627  -2.778   0.164  -0.162   2.799   1.241   1.284 
  6 A   0.517  -0.581   0.154  -1.833  -2.724  -0.042  -4.024  -1.863  -0.809  -0.005   0.831  -3.736  -1.306   0.858   0.871   1.853   2.427  -0.673  -0.495  -0.283 
  7 A  -0.514  -4.986  -0.887  -6.287  -2.492  -1.656  -2.742  -5.997   1.460  -0.951   1.702  -5.066   1.065   2.800  -2.467   0.099  -1.152   2.827   3.753   1.600 
  8 A   0.057  -0.654  -0.727  -3.021  -3.733   0.425   0.525  -0.262  -2.993  -3.008  -0.732  -1.453  -2.879   0.694   2.185   2.990   2.697  -1.253  -0.623  -2.705 
  9 A  -6.882  -7.777  -7.992  -8.437  -7.099  -7.626  -7.946  -8.491  -6.009   4.264   0.139  -7.739  -1.419   5.585  -8.260  -7.384  -6.542  -1.130   5.021  -3.895 
