#HLA-A6833

Last position-specific scoring matrix computed       
            A       R       N       D       C       Q       E       G       H       I       L       K       M       F       P       S       T       W       Y       V 
  1 A  -5.523  -6.176   0.023  -1.160  -2.853  -2.831   3.996  -6.142   3.042  -1.884  -2.246  -5.766   4.993   1.719  -6.992   0.225   2.300  -1.828   1.788  -3.643 
  2 A   2.136  -6.597  -5.903  -6.616  -6.041  -6.051  -6.272  -6.467  -7.080   0.175  -4.196  -6.144  -2.482  -6.248  -6.428   2.408   5.856  -7.550  -6.741   2.243 
  3 A   2.507  -5.971   0.498  -6.534  -2.980  -2.576  -5.228  -5.132  -2.752   1.544  -2.386  -3.825   2.245   4.337  -5.420   1.015  -0.579  -1.753   1.628  -0.075 
  4 A   1.004   0.182   0.449   1.143  -2.815  -2.177  -0.167  -0.110  -1.159  -3.060  -1.844  -0.834  -1.313   1.807   0.329   1.947   0.508   2.460   1.033  -2.948 
  5 A  -0.914  -1.701  -0.002  -3.265  -2.239  -0.229  -2.341  -2.551  -0.693   2.475  -0.160  -3.573  -0.825   1.982  -0.308   0.830   0.505   1.310   0.505   1.518 
  6 A   0.443   1.582   0.747  -1.012  -3.759   0.544  -0.785  -2.725   0.390  -1.007  -0.242  -1.581   0.281   1.011  -0.944   1.212   1.478  -0.189   0.332  -0.335 
  7 A   2.061  -3.633  -1.024  -0.992  -1.271  -3.044  -1.811  -0.154   1.328  -0.688  -2.356  -5.337   1.552   2.504  -1.816   1.684   0.209  -0.364   1.914   0.390 
  8 A   0.033  -1.319   0.371  -4.218  -3.805   0.039   0.432  -0.841  -1.444  -3.640   1.905  -1.788  -0.720   2.835   0.697  -1.488  -0.521  -1.398   3.292  -2.371 
  9 A  -6.358   6.959  -5.528  -6.444  -8.424  -4.046  -4.922  -7.204  -5.594  -8.071  -7.419   4.966  -6.546  -8.110  -6.781  -5.680  -6.126  -7.581  -5.557  -7.577 
