#HLA-A2312

Last position-specific scoring matrix computed       
            A       R       N       D       C       Q       E       G       H       I       L       K       M       F       P       S       T       W       Y       V 
  1 A  -3.662   0.652  -1.438  -6.687  -0.729  -1.971  -5.374  -4.196   0.429   0.914   0.400   1.104   1.032   2.333  -6.642  -0.117  -0.343   2.598   4.536  -0.312 
  2 A  -4.891  -7.097  -7.364  -8.191  -7.876  -2.641  -6.649  -8.158  -3.395  -6.174  -4.730  -6.663  -2.135   4.252  -7.098  -5.191  -5.291   3.812   8.522  -6.054 
  3 A  -1.421  -5.533  -1.656  -1.664  -2.523   1.823  -3.042  -0.642  -1.692   2.255   0.822  -3.217   1.187   2.732  -0.821  -1.491  -2.122   2.569   2.448  -0.030 
  4 A  -0.067  -0.035   1.383   0.476  -3.161   0.027   0.466  -0.692   0.646  -1.691  -3.218   0.028  -1.679   0.648   3.336   1.181  -1.188   2.266   0.018  -1.950 
  5 A  -0.847  -0.467   0.856  -0.904  -0.977  -2.426  -0.788  -0.596  -0.783   1.027  -0.639  -2.399   0.299  -0.675  -3.519   1.075   1.233   2.281   1.655   1.495 
  6 A  -0.177  -3.817  -0.433  -1.630  -1.665  -0.396  -1.937  -3.018   0.630   0.626   1.006  -3.066  -0.720   3.283   2.060  -0.532  -1.093   0.936   2.525  -1.102 
  7 A  -0.293  -3.740   0.539  -0.378  -2.108   0.561  -0.263  -4.055   2.786  -1.858  -0.855  -4.194  -0.939   2.993  -0.028  -0.040  -2.018   4.902   3.165  -0.222 
  8 A  -0.991  -0.705   0.326  -2.705  -2.793   1.138  -0.237  -1.879   0.484  -0.823   0.441  -0.362  -2.728   1.652  -1.569   1.731   2.200   0.243   1.727  -1.929 
  9 A  -7.121  -7.895  -8.160  -7.765  -7.243  -8.015  -8.099  -8.356  -6.911   2.419   1.519  -8.043  -2.594   6.746  -8.665  -7.553  -6.798   6.111  -2.976  -4.731 
