#HLA-A3303

Last position-specific scoring matrix computed       
            A       R       N       D       C       Q       E       G       H       I       L       K       M       F       P       S       T       W       Y       V 
  1 A  -3.977  -2.153   1.472   1.873  -1.345  -1.646   2.073  -5.468   4.042  -0.750  -2.073  -3.949   4.716  -0.211  -6.329   0.671   1.437  -1.223   0.130  -2.912 
  2 A   1.563  -6.927  -6.111  -7.221  -6.296  -4.204  -6.737  -5.976  -6.850   0.789  -0.441  -6.604   2.173   2.321  -6.987   1.252   3.801  -1.501   0.438   2.359 
  3 A  -0.297   0.530   0.317  -5.715  -2.548  -0.706  -4.542  -4.581   0.308   0.559  -0.048   0.764   2.108   3.979  -3.366  -0.530  -1.239   1.824   2.087  -1.483 
  4 A   0.608   0.652   0.336   0.796  -2.563  -2.494  -0.029  -0.744   0.219  -2.357  -1.139  -0.304  -0.157   0.973   1.456   1.119  -0.149   3.008   1.240  -1.971 
  5 A  -2.013   2.819  -2.395  -5.161  -2.535  -0.255  -4.510  -3.500   1.560   1.529  -0.276  -0.937  -0.724   1.692  -0.550  -0.291  -0.675   2.634   1.063   1.501 
  6 A  -1.965   3.384   0.212  -2.554  -3.856  -0.360  -2.745  -4.745   2.106  -0.583   0.131   0.113  -1.043   2.186  -1.723   0.019   0.438   0.251   1.615  -0.944 
  7 A   1.874  -2.894  -0.163  -4.126  -0.204  -3.561  -3.489  -1.862   1.528  -0.994  -3.060  -5.430   0.910   3.237  -1.719   0.596   0.983   3.182   3.554  -0.138 
  8 A   0.674  -1.392   0.432  -4.605  -2.302  -0.256   0.320  -1.632  -0.051  -3.641   1.018  -1.851  -1.188   2.803   2.069  -0.143  -0.173  -1.775   3.053  -2.745 
  9 A  -6.619   8.163  -5.593  -6.757  -8.525  -4.145  -5.248  -7.496  -5.488  -8.252  -7.350  -1.867  -6.547  -8.039  -7.168  -5.869  -6.257  -7.500  -6.926  -7.637 
