#HLA-A3010

Last position-specific scoring matrix computed       
            A       R       N       D       C       Q       E       G       H       I       L       K       M       F       P       S       T       W       Y       V 
  1 A   0.354   2.224  -5.052  -6.924  -2.519  -4.280  -5.996  -1.761   1.135   0.455   0.121   2.824   2.851   0.040  -6.982   1.241  -1.336  -0.909   1.126  -0.785 
  2 A   0.031  -6.562  -5.630  -6.753  -6.181  -2.125  -6.321  -6.759  -6.937  -0.222   0.006  -6.201   4.097  -4.536  -6.689   3.479   4.592  -7.355  -5.864   1.911 
  3 A   1.372   1.173   1.394  -3.604  -2.072  -1.735  -2.529  -2.358  -0.124   0.230  -1.726   1.171   1.047   1.828  -6.997   1.576  -2.824  -0.109   3.477  -3.258 
  4 A   0.941  -0.376   1.936   0.361  -2.822  -1.092  -0.561  -0.243   0.812  -3.020  -3.247   1.033  -1.195  -0.376   0.732   2.310   0.035   1.159   1.106  -2.467 
  5 A  -1.386   0.036  -0.372  -1.264  -1.880   0.694  -1.083   0.623   2.231  -0.001   0.666  -0.754  -1.031   1.861  -2.267   0.099  -0.686   1.789   1.003  -0.830 
  6 A  -0.942  -0.068   1.541  -1.293  -3.752  -0.168  -2.027  -0.994  -0.776   0.017   0.030  -2.242   0.923   1.198   0.259   1.615   2.506   1.423  -0.386  -2.323 
  7 A   0.755  -2.657  -1.017  -5.168  -2.764  -1.785  -3.720   0.707   1.256  -2.481   2.655  -5.805  -0.006   2.414   0.638  -0.092  -1.923   0.617   2.191  -2.375 
  8 A   0.257  -0.239  -2.017  -3.866  -3.744  -1.321  -0.095  -0.924  -1.363  -1.110   1.870  -1.472  -2.151   2.832   0.596   1.529  -0.786  -1.164   0.895  -1.695 
  9 A  -6.907  -6.954  -7.259  -8.227  -8.021  -6.450  -7.063  -8.310  -3.478  -6.450  -6.230  -6.956  -6.005  -2.214  -7.811  -6.906  -6.898  -2.954   9.583  -6.456 
