#HLA-A0106

Last position-specific scoring matrix computed       
            A       R       N       D       C       Q       E       G       H       I       L       K       M       F       P       S       T       W       Y       V 
  1 A  -0.453  -1.520  -2.206  -5.883   0.226  -2.904  -3.265  -1.686  -0.944   0.698   1.864  -1.549   2.656   2.118  -5.498  -0.004   0.873  -0.850   2.068   0.411 
  2 A   0.363  -6.528  -5.828  -6.574  -6.152  -5.018  -6.249  -5.689  -6.950  -0.585   0.847  -6.133   0.668  -5.990  -6.528   3.891   5.275  -7.451  -6.675   0.717 
  3 A   1.756  -6.455   0.184   4.875  -2.823  -1.116   0.984  -1.639  -3.890  -1.985  -2.509  -5.843  -0.546  -1.366  -5.556   2.196  -0.936  -2.952   0.241  -3.273 
  4 A   1.149  -0.754   0.343  -0.328  -4.197  -0.049   0.028  -0.003   0.635  -1.374  -1.294   0.598  -0.481  -0.020   0.452   1.572   0.632   2.078  -0.151  -1.620 
  5 A  -0.829  -1.472   0.400  -0.478  -1.478   1.116  -0.063  -0.197  -0.309   0.659   0.748  -2.019   0.405   0.877  -2.115   0.023  -0.156   1.667   0.539   0.413 
  6 A   0.181  -2.439   1.070  -0.761  -3.361  -0.185  -1.770  -0.130  -2.071  -0.747   0.840  -2.707   0.861   0.652   0.497   1.488   2.109   0.393   0.312  -1.643 
  7 A  -0.614  -3.188  -2.095  -1.749  -4.163  -0.487  -0.970  -1.284   0.446  -1.153   3.086  -4.995   0.732   2.819  -1.205  -0.967  -2.709   2.213   1.724  -1.285 
  8 A  -0.814  -0.576  -0.849  -2.038  -3.081  -0.790   0.699  -2.317  -4.474  -0.662   2.328  -1.207   0.277   2.514   0.358  -0.527  -0.337   1.189   0.708  -1.206 
  9 A  -6.905  -6.956  -7.262  -8.228  -8.011  -6.452  -7.066  -8.308  -3.493  -6.430  -6.201  -6.959  -3.864  -1.791  -7.815  -6.907  -6.894  -2.966   9.560  -6.443 
