#HLA-A0308

Last position-specific scoring matrix computed       
            A       R       N       D       C       Q       E       G       H       I       L       K       M       F       P       S       T       W       Y       V 
  1 A  -0.657   2.559  -4.056  -6.653  -4.192  -2.709  -5.430  -1.495   2.181   0.551  -0.863   3.172   2.611  -1.492  -6.843   2.040   0.305  -2.908  -1.816  -0.856 
  2 A  -2.683  -7.028  -7.334  -7.845  -6.334  -2.802  -7.219  -7.887  -7.414   1.603   4.178  -6.911   4.910  -4.990  -7.485  -0.318   2.028  -7.079  -6.323   0.270 
  3 A   0.409  -3.809   1.240  -5.493  -6.146  -2.754  -5.914  -4.588  -0.762  -2.678  -0.160  -1.820   2.195   4.952  -6.781  -0.888  -3.980   1.061   5.289  -3.490 
  4 A   1.398   0.629   2.038   0.306  -2.560  -1.841  -0.261  -0.583   0.668  -2.872  -2.629   0.194  -1.173   1.088  -0.124   1.020  -0.038   0.233   2.119  -2.437 
  5 A  -1.476   1.405  -0.788  -2.936  -2.081   0.066  -2.550  -1.582   1.411  -0.850   0.151  -0.456  -0.196   0.833  -0.297   1.751  -0.716   2.953   2.956  -0.232 
  6 A  -0.516  -0.561  -0.080  -2.792  -2.769   0.626  -2.252  -1.827  -0.788  -0.671   0.365  -1.385   1.277   2.281   0.812   1.021   2.007   1.311   0.230  -0.545 
  7 A  -0.289  -4.232  -1.352  -6.624  -2.012  -1.520  -4.950  -2.901   0.354   0.198   1.706  -4.534   3.019   2.967  -0.165   1.813   0.196   1.692   0.982  -0.771 
  8 A  -0.670   0.040   0.630  -4.182  -4.270  -0.248  -0.715  -0.688  -0.579  -3.450   0.413  -0.333  -1.889   2.949   1.681   0.313  -0.122  -2.135   3.605  -2.454 
  9 A  -6.069   2.343  -5.536  -6.152  -8.259  -4.042  -4.630  -6.908  -3.619  -7.685  -7.401   7.206  -6.498  -6.949  -6.379  -5.512  -6.007  -6.884   2.505  -7.397 
