#HLA-A3109

Last position-specific scoring matrix computed       
            A       R       N       D       C       Q       E       G       H       I       L       K       M       F       P       S       T       W       Y       V 
  1 A   0.010   4.013  -3.204  -6.557  -2.321  -2.245  -5.537  -2.004   2.658  -0.185  -2.749   3.377   3.040  -5.510  -6.784   1.293  -0.134  -4.386  -3.435  -1.910 
  2 A   0.859  -6.672  -5.944  -7.038  -6.358   0.537  -6.415  -5.687  -6.668   0.444   0.085  -6.352   2.907   1.088  -6.938   2.282   3.530   0.035   0.607   1.928 
  3 A  -1.449   0.462   0.826  -6.055  -2.098  -0.186  -4.996  -3.587   0.401  -0.319   0.869   1.363   1.917   3.911  -4.119  -1.060  -2.031   2.227   2.162  -2.162 
  4 A   0.800   0.313   0.998   0.280  -0.722  -2.907  -0.735  -0.784   0.209  -2.082  -1.366  -0.677  -0.728   1.155   1.652   1.347  -0.353   2.623   0.670  -0.805 
  5 A  -1.293   2.295  -1.502  -4.158  -2.292  -0.778  -2.988  -2.567   1.070   0.667   0.360  -0.836  -0.261   1.734  -1.739  -0.369   0.438   2.800   1.994   0.750 
  6 A  -1.626   2.811  -0.575  -3.373  -3.121  -1.033  -2.666  -3.211   2.097  -0.469   0.166  -0.000  -0.290   2.029  -0.971   0.458   0.566   1.321   1.328  -0.183 
  7 A   1.314  -2.643  -0.437  -4.014  -0.844  -1.921  -4.916  -4.509   0.816  -0.668  -2.062  -3.802   0.857   4.104  -3.362   0.015   0.122   3.453   4.059  -0.055 
  8 A  -0.606  -0.756   0.795  -4.680  -1.514  -0.518  -0.797  -1.853   1.251  -3.300   0.982  -1.865  -1.672   2.851   1.398  -0.409  -0.463  -0.499   4.418  -3.702 
  9 A  -6.597   8.084  -5.587  -6.731  -8.517  -4.137  -5.220  -7.471  -5.497  -8.237  -7.356  -0.229  -6.547  -8.047  -7.135  -5.853  -6.247  -7.508  -6.926  -7.632 
