#HLA-A6840

Last position-specific scoring matrix computed       
            A       R       N       D       C       Q       E       G       H       I       L       K       M       F       P       S       T       W       Y       V 
  1 A  -5.535  -6.168   0.802  -0.847  -4.854  -2.615   4.480  -7.131   0.526  -4.407  -3.003  -5.696   4.410   3.434  -6.996   1.145   1.463  -1.121   1.548  -6.212 
  2 A   0.927  -6.635  -5.916  -6.661  -6.060  -6.108  -6.347  -6.337  -7.183   0.043  -4.736  -6.209  -5.412  -6.727  -6.494   1.998   6.114  -7.556  -6.738   3.023 
  3 A   3.481  -7.086  -2.127  -6.766  -4.905  -5.962  -6.364  -5.513  -3.150   2.502  -2.737  -6.295   3.039   3.537  -2.242   0.632  -1.388   0.058  -0.444   0.521 
  4 A   1.422  -1.477  -1.033   2.233  -1.167  -2.498   1.651  -0.041  -2.460  -3.527  -1.716  -2.536  -1.177   1.616   1.946   1.159  -0.717   1.297   0.657  -2.692 
  5 A   0.182  -6.589   0.289  -3.324  -2.217  -2.447  -3.601  -3.715  -1.142   3.485  -0.939  -5.660  -1.079   2.317   1.086  -0.746   0.371   1.988  -1.027   1.732 
  6 A  -0.396  -1.136   0.116  -2.609  -2.454  -1.373  -3.641  -3.099  -0.968   1.513   1.190  -3.705   0.768   1.298  -0.534   0.879   1.704  -0.414  -0.376   1.257 
  7 A   2.931  -4.904   0.198   0.254  -2.749  -2.298  -1.158  -2.566   1.025  -2.100  -3.912  -6.294   0.506   3.379  -1.571   0.513  -0.306   0.295   3.122  -0.629 
  8 A   1.125  -2.137   0.378  -6.193  -3.099  -0.619  -0.456   0.209  -1.445  -4.281   0.804  -2.422  -1.885   2.825   2.497  -0.325  -0.283  -1.411   3.338  -3.473 
  9 A   0.865  -7.580  -8.000  -8.227  -6.059  -7.177  -7.553  -7.868  -8.097   2.976   1.206  -7.314  -1.013  -5.015  -7.534  -6.138  -5.209  -7.466  -6.423   5.435 
