#HLA-A0307

Last position-specific scoring matrix computed       
            A       R       N       D       C       Q       E       G       H       I       L       K       M       F       P       S       T       W       Y       V 
  1 A  -0.142   2.440  -3.675  -6.734  -4.136  -3.190  -5.921  -1.156   1.254   0.423  -0.336   2.336   3.094  -1.569  -5.244   2.228   0.605  -4.314  -1.991  -0.219 
  2 A  -1.399  -6.920  -6.368  -7.488  -6.301  -2.955  -6.079  -7.533  -7.286   1.834   3.394  -6.712   4.532  -3.694  -7.242   1.055   3.134  -7.142  -6.348   0.344 
  3 A   0.621  -6.921   0.724  -2.907  -5.291  -2.418  -3.904  -4.387  -0.965  -2.053   0.348  -5.666   2.708   5.008  -4.792   0.537  -3.237   2.080   4.056  -3.110 
  4 A   1.252  -0.020   0.611   0.274  -1.484  -2.553  -0.685   0.060  -1.029  -1.786  -1.115  -0.916  -0.474   1.667   0.609   1.209  -0.413   1.890   1.295  -1.174 
  5 A  -1.653  -0.642  -0.751  -2.714  -1.843  -0.712  -1.740  -1.999   0.107   0.924   0.156  -1.565   0.654   1.587  -0.541   1.336  -0.044   3.092   2.292   0.936 
  6 A  -0.520  -0.625   0.356  -1.182  -2.783   0.186  -1.521  -2.334   0.462  -0.630   0.241  -1.757   0.788   2.049   1.147   1.248   0.923   1.310   0.572  -0.100 
  7 A  -0.793  -5.092  -2.260  -6.442  -2.272  -2.818  -3.821  -4.686   0.095  -0.315   1.076  -6.095   2.946   4.630  -0.928  -0.224  -0.584   4.002   2.311  -0.224 
  8 A  -1.069  -1.301   0.560  -3.870  -4.763  -0.519  -0.399  -2.647  -1.411  -3.921   2.048  -0.366  -1.119   3.047   1.438  -0.863  -1.109  -2.084   4.031  -3.399 
  9 A  -6.059   3.877  -5.445  -5.722  -8.302  -3.927  -4.555  -6.873  -5.738  -7.858  -7.510   7.168  -6.547  -8.214  -5.802  -5.458  -5.968  -7.696  -4.635  -7.505 
