#HLA-A3105

Last position-specific scoring matrix computed       
            A       R       N       D       C       Q       E       G       H       I       L       K       M       F       P       S       T       W       Y       V 
  1 A  -0.207   4.129  -4.039  -6.663  -2.318  -2.795  -5.627  -1.953   2.141   0.201  -2.171   3.238   3.179  -4.790  -5.672   0.835  -0.141  -4.365  -2.549  -1.396 
  2 A   1.002  -6.586  -5.508  -6.995  -6.416   1.333  -6.310  -6.213  -6.551  -0.177   0.269  -6.278   3.244   1.603  -6.940   2.341   3.381   0.901   0.687   1.226 
  3 A  -1.670   1.491   0.426  -5.667  -2.570   0.468  -5.427  -3.586   0.308  -0.118   1.169   2.050   2.116   2.980  -6.589  -0.933  -2.939   2.304   1.501  -1.690 
  4 A   0.551   1.157   0.790  -0.192  -1.166  -2.330  -0.671  -1.476   0.793  -1.860  -1.697   0.061  -0.149   1.628   1.198   1.056  -0.360   2.626   0.560  -0.758 
  5 A  -1.470   3.327  -2.146  -4.410  -2.543  -0.667  -3.559  -3.383   0.298   0.403   0.580  -0.850  -0.146   1.550  -2.773  -1.240   0.026   2.388   2.105   1.095 
  6 A  -1.694   2.847  -0.650  -4.069  -3.458  -0.934  -2.344  -2.910   1.901  -0.794   0.259  -0.134  -0.638   2.504  -0.882   0.264   0.602   1.328   1.485  -0.497 
  7 A   0.865  -3.059  -1.113  -4.268  -0.850  -1.540  -5.241  -4.941   1.358  -0.792  -0.574  -5.304   0.723   4.137  -3.181  -0.283  -0.579   3.961   4.270  -0.231 
  8 A  -0.436  -0.947   0.927  -3.991  -1.514  -0.509  -0.440  -1.908   1.251  -3.846   0.707  -1.695  -2.756   2.845   1.443   0.147  -0.342  -0.508   4.295  -3.617 
  9 A  -6.590   8.055  -5.585  -6.721  -8.514  -4.134  -5.210  -7.463  -5.500  -8.232  -7.358   0.200  -6.547  -8.050  -7.123  -5.847  -6.243  -7.511  -6.926  -7.631 
