#HLA-A0278

Last position-specific scoring matrix computed       
            A       R       N       D       C       Q       E       G       H       I       L       K       M       F       P       S       T       W       Y       V 
  1 A   0.401   0.155  -1.959  -6.780  -2.487  -2.714  -4.030  -2.820  -0.507  -1.955  -1.313   0.815   4.442   2.836  -6.985   2.657   1.079  -0.841   1.924  -2.035 
  2 A  -0.384  -6.648  -6.101  -6.823  -6.153  -1.479  -6.421  -6.584  -7.186   0.820  -0.397  -6.280   0.170  -5.552  -6.676   1.444   5.801  -7.448  -6.632   2.624 
  3 A   1.800  -7.202  -2.701  -3.310  -5.077  -4.709  -7.070  -4.597  -3.414   1.645   1.555  -6.989   3.758   3.962  -1.650  -1.203  -3.371   2.816   1.490  -1.208 
  4 A   1.232  -2.008   0.477   3.063  -1.345  -3.013   2.083   0.078  -1.025  -4.398  -2.549  -3.773  -3.074  -0.294   2.648   1.366  -1.259   1.639  -0.557  -3.155 
  5 A   0.664  -4.036  -0.048  -3.262  -2.249  -3.353  -3.358  -0.076   0.909   1.094  -1.643  -3.340  -0.300   2.505   0.480  -0.005   1.435   3.353   1.022   1.010 
  6 A  -0.656  -3.221  -0.957  -4.255  -1.425  -1.685  -6.359  -3.859  -1.770   1.445   2.278  -5.050   0.140   2.867  -1.090   1.098   0.659  -1.485   0.398   0.714 
  7 A   1.513  -6.468  -1.026  -2.110  -2.531  -2.405  -2.162  -4.884   1.276  -0.826  -2.230  -6.689   0.849   4.623   1.554  -1.879  -0.193   3.506   2.973  -0.560 
  8 A   0.656  -2.049   0.881  -5.745  -3.440  -1.707  -0.511  -0.103  -1.957  -5.126   0.141  -3.493  -1.750   2.546   3.496   0.368  -0.017  -0.813   3.730  -3.205 
  9 A  -1.573  -7.685  -8.084  -8.331  -6.028  -7.287  -7.658  -8.213  -8.324   2.642  -0.429  -7.446  -3.248  -5.779  -7.647  -6.755  -5.427  -7.553  -6.436   6.255 
