#HLA-A7407

Last position-specific scoring matrix computed       
            A       R       N       D       C       Q       E       G       H       I       L       K       M       F       P       S       T       W       Y       V 
  1 A  -0.275   3.578  -2.912  -6.615  -3.116  -2.804  -5.620  -1.810   2.323  -0.746  -2.057   3.448   3.634  -3.427  -6.820   0.840   0.422  -5.451  -2.527  -0.810 
  2 A  -0.814  -6.992  -7.174  -7.680  -6.285  -1.682  -7.048  -7.648  -7.365   1.953   3.280  -6.800   4.575  -3.673  -7.343  -0.054   2.336  -5.389  -5.683   1.778 
  3 A   0.318  -2.550   2.024  -4.064  -2.801  -0.544  -5.043  -3.500   0.147  -1.123   0.256  -0.988   2.778   3.727  -3.829   0.525  -1.984   2.666   2.885  -1.773 
  4 A   1.205   0.033   0.889   1.420  -1.503  -2.882   0.201   0.394   0.123  -3.148  -1.712  -1.145  -1.171   0.879   1.333   0.944  -1.122   2.453   0.841  -1.559 
  5 A  -2.140   1.324  -2.035  -3.631  -2.525  -0.443  -3.156  -1.388   0.542   0.825   0.665  -1.319  -0.715   1.460  -0.805  -0.234   0.522   3.161   2.256   1.150 
  6 A  -1.095   1.341  -0.567  -1.662  -2.054  -0.402  -2.227  -1.834   0.923   0.024   0.288  -0.612   0.120   1.135   0.192   1.222   1.473  -0.920   0.476   0.117 
  7 A   1.527  -3.666  -1.739  -5.494  -1.455  -2.221  -4.247  -5.048   1.013  -0.893  -1.514  -4.343   1.999   4.238  -2.279   0.466   1.011   3.051   3.259  -0.335 
  8 A  -0.318  -0.132   0.282  -4.435  -3.130  -0.884  -0.047  -0.357   0.162  -4.901   1.356  -2.109  -1.838   2.738   0.589  -0.306  -0.461   0.314   3.929  -2.768 
  9 A  -6.578   8.013  -5.583  -6.708  -8.510  -4.130  -5.196  -7.450  -5.504  -8.225  -7.361   0.711  -6.547  -8.055  -7.107  -5.839  -6.237  -7.515  -6.927  -7.628 
