#HLA-A0238

Last position-specific scoring matrix computed       
            A       R       N       D       C       Q       E       G       H       I       L       K       M       F       P       S       T       W       Y       V 
  1 A   0.556  -1.127  -2.308  -7.293  -4.709  -4.493  -6.696  -1.715  -2.567  -2.622  -1.404  -0.894   1.994   4.998  -7.424   1.331  -1.166   2.278   4.454  -2.624 
  2 A  -5.870  -7.187  -8.096  -8.466  -6.416  -1.884  -7.625  -8.510  -7.618   0.550   5.441  -7.247   4.406  -4.937  -7.910  -6.694  -1.954  -6.949  -6.224  -1.176 
  3 A   2.702  -5.591  -0.188  -2.005  -4.994  -2.206  -6.116  -4.389  -1.532   2.168   0.028  -5.483   3.770   1.919  -4.298   1.015  -1.821  -1.152   1.943  -1.007 
  4 A  -0.209  -2.711   0.787   3.803  -1.218  -0.369   3.337  -0.336   0.060  -6.564  -5.215  -2.851  -3.475  -1.316   1.550   1.341  -1.264   0.174   0.257  -3.987 
  5 A   0.838  -0.830  -1.081  -1.577  -3.394  -1.823  -2.169   1.877   1.452  -1.146  -0.889  -1.940  -0.348   0.348  -0.861   1.029   0.843   2.633   2.044  -0.357 
  6 A  -0.809  -6.577  -1.611  -4.558  -2.686  -2.139  -4.890  -3.797  -1.627   2.311   3.071  -6.467   0.855   1.760  -2.804  -0.617   0.835  -0.626   0.366   0.631 
  7 A   1.592  -5.315   0.510  -1.459  -2.243   0.855  -1.578  -2.589   0.542  -0.374  -1.381  -3.750   1.432   0.929   2.271   1.599   1.737   1.542   0.114  -1.052 
  8 A   0.885  -1.820  -0.013  -5.043  -7.111  -0.254  -0.479   1.024  -0.603  -5.125  -1.203  -2.175  -1.640   1.528   3.618   1.321   0.047   0.605   3.085  -2.972 
  9 A  -0.521  -7.599  -8.070  -8.326  -6.048  -7.227  -7.616  -8.099  -8.216   1.914   1.612  -7.395  -2.635  -5.686  -7.621  -6.695  -5.190  -7.479  -6.421   5.908 
