#HLA-A2506

Last position-specific scoring matrix computed       
            A       R       N       D       C       Q       E       G       H       I       L       K       M       F       P       S       T       W       Y       V 
  1 A  -5.052  -4.862  -1.867   1.576  -5.669  -3.592   5.129  -7.287   0.859  -4.105  -4.334  -5.610   3.129   3.358  -4.933  -0.060  -1.333   1.228   3.039  -5.957 
  2 A   0.760  -6.279  -5.698  -6.846  -6.069  -6.239  -6.510  -6.873  -6.282   0.971  -3.614  -5.977  -3.479  -6.570  -6.621   0.644   5.961  -7.534  -6.691   3.425 
  3 A   1.781  -1.087  -0.972  -6.767  -4.490  -4.901  -5.614  -6.113  -0.669   3.449  -4.209  -2.218   1.604   2.442  -4.360  -0.415  -1.334  -6.190   2.908   1.753 
  4 A   0.857  -0.327   0.753   1.811  -3.897   0.149   2.527   1.537  -0.601  -5.533  -3.993   0.336  -3.400  -0.126   0.626   0.771  -1.125   0.186  -0.193  -3.540 
  5 A  -0.556  -0.751   1.536  -1.019  -3.413   0.115  -1.946   0.778   1.784   1.233  -1.098  -1.681  -2.303   0.726  -0.608   0.482   0.497   1.420  -0.295   0.369 
  6 A  -0.392  -3.503  -0.689  -1.896  -3.627  -2.715  -3.368  -1.478  -2.161   2.013   1.449  -5.462   2.613   0.276  -2.566   0.440   2.797  -1.545   0.092   0.361 
  7 A   2.243  -2.420   0.850  -2.916  -3.006  -1.059  -1.066   1.488   1.449  -1.946  -0.563  -3.258  -0.980  -0.570  -2.033   3.168  -0.467  -1.590  -0.729  -1.546 
  8 A   1.393  -0.441  -1.915  -4.267  -4.588  -1.265   0.085   0.608  -0.559  -2.644  -1.002  -1.702  -2.635  -0.411   3.341   2.639   0.950  -2.966  -2.557  -0.152 
  9 A  -6.918  -7.351  -7.635  -6.490  -7.434  -7.044  -6.943  -8.304  -4.931   0.201  -1.016  -7.403   3.768   5.493  -8.156  -7.119  -6.727  -4.054   7.105  -4.326 
