#HLA-A0264

Last position-specific scoring matrix computed       
            A       R       N       D       C       Q       E       G       H       I       L       K       M       F       P       S       T       W       Y       V 
  1 A  -0.412  -0.937  -3.204  -7.377  -6.134  -3.807  -6.606  -2.089  -3.093  -1.796  -1.183   1.309   2.326   4.861  -7.481   0.225  -2.470   2.540   4.486  -1.388 
  2 A  -6.486  -7.031  -8.052  -8.423  -6.461  -0.053  -7.435  -8.490  -7.442  -1.035   5.488  -7.103   5.394  -4.913  -7.924  -7.204  -4.182  -6.891  -6.189  -3.037 
  3 A   1.771  -6.987  -0.736  -1.141  -5.101  -2.971  -6.713  -3.290  -3.632   0.945   1.316  -6.331   4.055   3.044  -4.398   0.126  -2.761   2.660   2.716  -1.850 
  4 A   0.561  -3.271   0.650   3.736  -1.051  -0.645   3.025  -0.248  -0.725  -5.668  -5.550  -2.339  -3.481  -2.119   1.886   1.506  -1.037   1.747  -0.400  -4.558 
  5 A   0.640  -2.144  -2.460  -0.743  -0.845  -1.979  -0.792   0.853   1.140   0.150  -0.517  -1.813  -0.314   1.028  -2.908   0.436   0.315   2.802   2.837   0.077 
  6 A  -0.086  -6.475  -1.383  -2.804  -2.702  -1.813  -3.279  -2.575  -1.130   1.780   2.716  -5.630  -0.357   1.593  -0.550   0.035   0.947  -0.169   0.493   0.207 
  7 A   0.561  -4.899  -0.481  -1.293  -2.283  -0.139  -1.409  -6.359   0.639  -0.209  -0.903  -4.442   1.265   3.100   2.131  -0.198   0.796   3.102   2.720  -0.386 
  8 A   0.746  -2.422   0.199  -5.008  -4.745   0.265   0.495   0.409  -0.841  -4.864  -0.596  -2.084  -1.612   1.901   3.291   0.805  -0.010   0.271   3.376  -3.583 
  9 A   0.626  -7.529  -8.009  -8.264  -6.072  -7.160  -7.555  -7.913  -8.080   2.012   2.348  -7.317  -1.594  -4.953  -7.558  -6.559  -3.844  -7.416  -6.403   5.362 
