#HLA-A2302

Last position-specific scoring matrix computed       
            A       R       N       D       C       Q       E       G       H       I       L       K       M       F       P       S       T       W       Y       V 
  1 A  -3.210   0.909  -0.289  -6.118  -0.475  -2.430  -4.348  -4.010   0.838   0.546   0.291   0.525   0.728   2.477  -5.094   0.644  -0.567   2.157   4.697  -1.620 
  2 A  -6.019  -7.073  -7.365  -8.245  -7.955  -4.649  -7.175  -8.223  -3.559  -6.286  -5.779  -5.898  -4.198   3.408  -8.000  -6.137  -6.009   3.878   8.874  -6.117 
  3 A  -0.543  -3.248  -1.346  -2.874  -1.840   2.397  -2.730  -0.855  -0.431   2.581  -0.077  -1.986   1.110   2.324  -0.548  -0.750  -1.295   0.246   1.271   0.177 
  4 A   0.105  -0.280   1.840   0.565  -3.160   0.440   0.436  -0.550   0.319  -2.060  -3.320   0.432  -1.515   0.322   2.853   1.329  -0.833   2.265   0.009  -2.476 
  5 A  -0.507  -0.904   1.093  -1.039  -1.818  -2.801  -0.919  -1.229  -1.071   1.510  -0.621  -2.221   0.031  -0.549  -3.515   0.662   1.785   1.986   1.059   1.648 
  6 A  -0.168  -2.868  -0.552  -1.154  -1.851  -0.646  -1.659  -2.811   0.540   0.930   0.777  -2.685  -0.861   2.798   2.161  -0.460   0.350   0.438   1.922  -0.946 
  7 A   0.069  -3.520   0.987   0.045  -3.146   0.328  -0.001  -3.372   3.176  -2.258  -1.369  -3.084  -1.251   2.315  -0.976   0.424  -1.996   4.545   3.284   0.013 
  8 A  -1.336  -0.968   0.384  -2.448  -1.855   1.190   0.190  -1.942   0.567  -1.142   0.182  -0.669  -3.019   1.825  -1.683   2.072   2.337  -0.384   1.454  -1.880 
  9 A  -7.032  -7.913  -8.153  -7.114  -7.109  -8.009  -7.431  -8.426  -6.992   3.016   1.849  -8.017  -2.517   6.730  -8.544  -7.527  -6.694   3.752  -3.119  -3.901 
