#HLA-A6836

Last position-specific scoring matrix computed       
            A       R       N       D       C       Q       E       G       H       I       L       K       M       F       P       S       T       W       Y       V 
  1 A  -4.454  -3.855   0.117   0.404  -0.366  -2.774   3.174  -5.872   1.769  -1.748  -1.946  -4.847   4.169   2.784  -7.153   0.468   1.076   1.353   2.950  -3.118 
  2 A   2.083  -6.445  -5.635  -6.389  -6.047  -5.882  -6.073  -5.972  -6.909  -2.026  -5.218  -5.975  -4.114  -6.424  -4.895   3.480   6.034  -7.578  -6.794   1.464 
  3 A   1.888  -6.470  -0.580  -4.411  -2.726  -2.966  -3.560  -4.825  -2.002   1.685  -2.655  -5.920   1.283   4.166  -6.530   1.180  -0.417  -0.261   3.721  -0.117 
  4 A   1.125  -0.974   0.636   0.784  -2.087  -0.809   1.069   0.338  -1.819  -3.000  -2.524  -0.208  -1.497   1.384   1.118   1.815  -0.032   2.180   0.325  -3.072 
  5 A  -0.699  -1.685   1.449  -0.600  -1.294   0.018  -1.186  -0.881  -0.222   2.379  -0.629  -3.526  -0.376   1.548  -1.384  -0.025  -0.146   0.563  -0.863   1.112 
  6 A   0.515  -1.751   1.064  -1.318  -2.227  -0.897  -2.365  -1.481  -1.542   0.622   0.202  -3.617   0.560   0.327   0.072   1.279   2.784  -0.942  -0.075  -0.085 
  7 A   1.374  -3.293  -0.812  -0.675  -2.264  -1.715  -0.446  -0.412   0.468  -1.790   0.510  -4.034   0.712   2.670  -0.611   0.853  -0.990   1.203   2.117  -0.289 
  8 A  -0.476  -0.116  -0.082  -3.752  -6.016  -0.575   0.642  -0.006  -1.204  -1.747   1.422  -1.036  -1.021   1.545   1.759   0.853   0.322  -0.187   0.038  -0.980 
  9 A  -6.916  -4.805  -7.345  -8.229  -7.858  -6.612  -7.171  -8.300  -3.508  -1.464  -5.132  -4.996  -1.568   2.719  -7.906  -6.965  -6.846  -3.258   9.001  -5.337 
