#HLA-A6834

Last position-specific scoring matrix computed       
            A       R       N       D       C       Q       E       G       H       I       L       K       M       F       P       S       T       W       Y       V 
  1 A  -5.275  -6.192   0.572  -1.858  -3.158  -2.465   4.251  -7.147   0.264  -4.165  -2.807  -5.742   4.903   3.213  -7.002   1.260   1.800  -1.434   1.765  -5.562 
  2 A   0.672  -6.561  -5.789  -6.568  -6.068  -6.034  -6.279  -6.304  -7.129  -0.685  -5.273  -6.136  -4.906  -6.811  -6.425   1.858   6.499  -7.545  -6.761   2.579 
  3 A   3.492  -7.048  -1.789  -6.725  -3.926  -5.920  -5.943  -5.748  -3.469   2.488  -2.613  -5.902   3.206   3.122  -1.702   0.603  -0.875   0.045  -0.771   0.662 
  4 A   1.584  -1.239  -0.648   2.365  -1.505  -2.313   1.758   0.105  -2.229  -3.573  -2.308  -2.845  -1.869   0.867   2.242   0.954  -0.717   1.768   0.765  -2.628 
  5 A   0.221  -6.063   0.299  -3.446  -1.429  -2.096  -2.981  -4.104  -0.725   3.082  -1.122  -4.796  -1.576   1.804   1.823  -0.459   0.887   1.662  -0.537   1.863 
  6 A  -0.590  -0.989   0.282  -2.479  -2.219  -1.483  -3.791  -2.612  -0.701   1.485   1.009  -3.684   0.979   0.800  -0.373   1.159   1.890  -0.421  -0.393   1.163 
  7 A   3.357  -5.458   0.151  -0.062  -2.229  -2.277  -1.013  -2.618   1.694  -1.824  -3.863  -6.220  -0.045   2.619  -1.331   0.740  -0.135   0.449   2.703  -0.580 
  8 A   0.889  -2.129   0.282  -6.167  -3.791  -0.194  -0.449   0.108  -1.615  -3.979   0.802  -2.313  -2.082   2.632   2.690   0.043   0.077  -1.422   3.259  -3.361 
  9 A   1.499  -7.545  -7.944  -8.169  -6.024  -7.123  -7.473  -7.709  -8.069   2.658   0.800  -7.255  -1.335  -5.794  -7.456  -6.380  -4.894  -7.503  -6.461   5.540 
