#HLA-A9214

Last position-specific scoring matrix computed       
            A       R       N       D       C       Q       E       G       H       I       L       K       M       F       P       S       T       W       Y       V 
  1 A  -0.612  -0.933  -3.562  -7.367  -7.159  -3.536  -6.590  -2.091  -3.418  -1.585  -0.984   1.392   2.739   4.859  -7.463   0.344  -2.035   1.769   4.293  -1.431 
  2 A  -6.464  -7.059  -8.047  -8.416  -6.451  -0.287  -7.460  -8.487  -7.464  -0.178   5.376  -7.119   5.393  -4.933  -7.915  -7.183  -3.606  -6.907  -6.197  -2.173 
  3 A   2.083  -6.525  -1.064  -3.110  -5.081  -3.436  -6.870  -3.290  -4.934   1.475   0.871  -6.006   4.079   3.301  -4.406  -0.183  -3.177   2.969   2.815  -1.754 
  4 A   0.902  -3.435   0.784   3.849  -1.541  -0.654   2.770  -0.282  -0.484  -5.652  -5.718  -2.448  -3.166  -2.005   1.551   1.482  -1.035   2.159  -0.582  -4.386 
  5 A   0.851  -2.470  -2.592  -0.933  -0.844  -1.702  -0.791   0.908   1.333   0.107  -0.552  -1.895  -0.317   1.101  -2.726   0.584   0.226   2.877   2.748  -0.205 
  6 A  -0.227  -6.486  -1.477  -2.812  -2.979  -1.960  -3.936  -2.492  -1.447   1.581   2.824  -5.645  -0.351   1.560  -0.470   0.077   1.119   0.410   0.137   0.419 
  7 A   1.021  -4.953  -1.179  -1.905  -2.272  -0.572  -2.434  -6.377   0.111  -0.043  -0.437  -4.502   1.274   3.284   2.161  -0.661   0.559   3.724   2.663  -0.449 
  8 A   0.666  -2.320   0.301  -5.620  -4.758   0.053   0.450   0.941  -0.970  -5.097  -0.630  -2.277  -1.617   1.962   3.089   0.667  -0.273   0.784   3.568  -3.980 
  9 A   0.514  -5.613  -7.974  -8.248  -6.089  -7.109  -7.520  -7.411  -8.025   1.743   2.358  -5.987  -0.718  -4.160  -7.559  -6.557  -3.849  -7.383  -5.728   5.355 
