#HLA-A0217

Last position-specific scoring matrix computed       
            A       R       N       D       C       Q       E       G       H       I       L       K       M       F       P       S       T       W       Y       V 
  1 A  -1.323  -1.814  -4.027  -7.481  -6.049  -4.820  -6.277  -3.286  -3.797  -0.114   0.129   1.217   2.300   4.461  -7.499  -0.080  -0.899   1.289   4.460  -0.356 
  2 A  -5.853  -7.073  -7.964  -8.373  -6.437  -1.234  -7.487  -8.417  -7.447  -0.888   5.311  -7.131   5.421  -3.185  -7.871  -5.839  -1.345  -6.862  -5.041  -1.855 
  3 A   1.956  -6.879  -0.580  -1.657  -4.549  -0.965  -6.132  -1.949  -3.701   0.299   1.005  -6.177   4.095   2.739   0.902   0.346  -2.067   3.091   0.852  -2.496 
  4 A   0.639  -2.363  -0.069   3.704  -2.903  -0.658   2.584  -0.806   0.314  -6.289  -5.963  -1.651  -3.854  -2.385   3.547   1.173  -1.504   2.247  -1.360  -4.593 
  5 A   0.686  -1.942  -0.888  -1.063  -0.574  -1.830  -0.391  -0.823   1.274   0.615  -0.354  -2.061  -0.905   0.713  -1.717   0.197   0.090   3.094   2.954   0.495 
  6 A  -0.800  -4.268  -1.180  -1.742  -2.025  -0.588  -3.516  -2.571   0.170   1.653   1.769  -5.002  -0.913   2.238   0.527   0.120   0.724   1.056   1.566   0.232 
  7 A   0.830  -4.658  -0.299  -1.891  -2.578   0.410  -1.824  -6.384   2.209  -1.685  -3.021  -5.745   0.433   3.964   1.669  -1.730  -0.981   5.258   3.823  -1.271 
  8 A  -0.936  -1.628   0.085  -5.351  -4.816   0.521   0.753   0.060   0.274  -4.252  -0.085  -1.837  -1.571   2.628   2.165   0.311  -0.456   0.663   4.308  -3.690 
  9 A  -2.649  -7.591  -8.193  -8.466  -6.171  -7.308  -7.781  -7.802  -8.152   2.194   3.542  -7.488  -2.695  -3.602  -7.789  -7.012  -4.567  -7.293  -6.300   4.991 
