#HLA-A2432

Last position-specific scoring matrix computed       
            A       R       N       D       C       Q       E       G       H       I       L       K       M       F       P       S       T       W       Y       V 
  1 A  -2.289   2.850  -1.972  -6.434  -0.608  -2.620  -5.349  -3.116   0.074   0.450  -0.483   2.484   0.625   0.607  -4.981   0.989  -0.999   1.480   4.033  -1.725 
  2 A  -6.621  -7.068  -7.358  -8.251  -7.964  -4.639  -7.170  -8.257  -3.845  -6.284  -5.785  -6.242  -4.655   3.263  -7.977  -6.530  -6.434   2.731   8.996  -6.109 
  3 A  -1.512  -3.187  -0.758  -2.601  -2.074   3.004  -2.796  -0.175   0.017   1.777   0.284  -1.345   1.099   2.046  -0.804  -0.639  -1.811   2.204   1.912  -0.487 
  4 A   0.382   0.073   1.714   0.224  -3.155   0.241   0.177  -0.553   1.155  -2.190  -3.298   0.392  -1.675   0.694   2.534   1.068  -0.973   2.533   0.028  -1.760 
  5 A  -0.628  -0.182   1.018  -2.192  -1.125  -1.944  -0.727  -1.226  -0.917   1.294  -0.700  -1.682  -0.076  -0.549  -3.506   0.960   1.864   1.885   1.372   1.292 
  6 A  -0.241  -2.727  -0.420  -1.884  -1.483  -0.741  -2.316  -2.539   0.708   0.237   0.792  -2.009  -0.866   3.244   1.893   0.005  -0.174   0.782   2.388  -1.172 
  7 A   0.033  -3.689   0.977  -1.558  -2.577   0.911  -0.361  -4.327   3.306  -2.090  -1.007  -3.359  -1.084   2.559  -1.389   0.491  -2.100   4.789   3.535  -0.227 
  8 A  -0.887  -0.696   0.074  -2.666  -2.061   1.518   0.605  -3.231   0.133  -1.693   0.002  -0.600  -3.335   1.703  -0.933   1.948   2.744  -0.163   1.450  -2.095 
  9 A  -6.923  -7.842  -8.222  -7.762  -6.950  -7.875  -7.428  -8.492  -7.190   3.254   2.984  -7.923  -2.628   5.998  -8.438  -7.541  -6.583   3.684  -3.789  -3.173 
