#HLA-A3602

Last position-specific scoring matrix computed       
            A       R       N       D       C       Q       E       G       H       I       L       K       M       F       P       S       T       W       Y       V 
  1 A  -0.416  -1.202  -2.588  -6.764   0.122  -3.574  -4.300  -0.955  -0.430   0.244   1.831  -1.266   2.805   2.152  -6.002   0.122   0.563   0.784   2.602  -0.163 
  2 A  -0.124  -6.503  -5.790  -6.548  -6.167  -4.270  -6.228  -5.975  -6.926  -0.254   0.487  -6.109   1.594  -6.001  -6.523   3.881   5.429  -7.442  -6.672   0.470 
  3 A   1.791  -5.629   1.095   5.024  -3.836  -1.570   0.893  -2.098  -3.839  -2.186  -3.944  -5.794  -0.452  -1.372  -5.112   2.319  -1.291  -2.949   0.583  -5.038 
  4 A   1.105  -0.947   0.681  -0.014  -2.802   0.371   0.173   0.037   0.477  -2.064  -1.702   0.458  -0.740  -0.084   0.455   1.628   1.071   1.872  -0.158  -2.030 
  5 A  -0.918  -1.369   1.189   0.449  -2.078   0.869  -0.137   0.428   0.856   0.179   0.269  -1.240   0.005   0.172  -1.591  -0.002   0.138   1.770  -0.060  -0.105 
  6 A   0.024  -1.983   1.447  -0.671  -3.381   0.202  -0.987  -0.012  -0.779  -1.493  -0.104  -1.982   0.352   0.148   1.205   1.526   2.466   0.378  -0.522  -1.350 
  7 A  -0.428  -2.869  -1.719  -1.897  -3.757   0.079  -1.145  -0.099   1.061  -1.700   2.659  -4.080   0.286   2.293  -0.992   0.114  -1.647   1.694   1.920  -1.497 
  8 A  -0.424  -0.345  -1.722  -2.935  -3.393  -0.784   0.843  -2.156  -3.665  -0.711   2.112  -1.331  -0.015   2.323   0.854  -0.267   0.079   0.050   0.994  -0.732 
  9 A  -6.906  -6.956  -7.262  -8.228  -8.013  -6.453  -7.066  -8.309  -3.491  -6.433  -6.206  -6.960  -4.269  -1.789  -7.815  -6.907  -6.895  -2.964   9.563  -6.446 
