#HLA-A3106

Last position-specific scoring matrix computed       
            A       R       N       D       C       Q       E       G       H       I       L       K       M       F       P       S       T       W       Y       V 
  1 A  -0.059   4.111  -3.799  -6.600  -2.567  -3.171  -5.557  -1.490   1.335  -0.102  -2.426   3.659   3.076  -5.901  -6.152   1.029  -0.295  -4.389  -3.003  -1.772 
  2 A   0.881  -6.524  -4.813  -6.948  -6.423   2.028  -6.216  -5.930  -6.527   0.122  -0.006  -6.207   2.793   0.970  -6.920   2.163   3.500   1.041   0.796   1.584 
  3 A  -1.446  -0.939   0.594  -6.161  -1.161   0.354  -5.701  -4.149   0.027  -0.320   1.273   0.312   2.263   4.106  -5.158  -0.559  -2.691   2.413   2.245  -1.266 
  4 A   0.849   0.687   1.200   0.729  -1.330  -2.027  -0.599  -0.469   0.395  -2.832  -1.656  -0.885  -1.160   1.111   1.766   1.326  -0.247   2.366   0.666  -1.793 
  5 A  -1.288   1.941  -1.602  -4.599  -2.527  -0.512  -3.132  -2.567   0.932   0.586   0.364  -1.029   0.050   1.799  -1.864  -0.223   0.721   2.644   2.261   0.906 
  6 A  -1.032   2.455   0.042  -3.202  -3.117  -0.938  -2.233  -2.985   2.003  -0.891   0.013  -0.429  -0.191   2.313  -0.452   0.608   0.360   0.431   1.571  -0.228 
  7 A   1.177  -3.509  -0.793  -3.852  -0.712  -1.661  -4.695  -3.788   0.967  -0.763  -1.668  -4.573   1.003   4.188  -3.168  -0.270  -0.457   3.458   4.392  -0.312 
  8 A  -0.365  -0.458   0.663  -4.244  -1.512  -0.609  -0.923  -1.784   1.182  -3.938   1.105  -2.120  -2.253   2.848   1.638  -0.408  -0.641  -0.275   4.277  -3.592 
  9 A  -6.575   8.001  -5.582  -6.704  -8.509  -4.128  -5.192  -7.447  -5.506  -8.223  -7.362   0.841  -6.547  -8.056  -7.102  -5.837  -6.236  -7.516  -6.927  -7.628 
