#HLA-A2618

Last position-specific scoring matrix computed       
            A       R       N       D       C       Q       E       G       H       I       L       K       M       F       P       S       T       W       Y       V 
  1 A  -5.264  -5.980  -0.039   2.771  -8.046  -2.219   5.815  -7.159  -2.004  -6.702  -5.318  -5.320   1.930   2.299  -6.205  -1.020  -2.132  -0.354   2.745  -6.954 
  2 A   0.237  -6.884  -6.380  -7.057  -6.067  -5.796  -6.687  -7.104  -7.485   1.405  -2.741  -6.124  -3.717  -5.951  -6.771  -0.543   5.638  -7.524  -6.641   4.081 
  3 A   2.771  -4.148  -2.809  -6.830  -2.627  -4.993  -4.365  -4.842  -1.985   3.870  -3.003  -4.603   1.318   0.985  -2.403  -0.491  -0.748  -2.806   1.132   2.046 
  4 A   1.051  -0.885   0.618   2.230  -2.342   0.060   2.109   1.135  -0.497  -4.382  -3.067   0.037  -2.300   0.302  -0.259   0.771  -0.418   0.369  -0.844  -2.682 
  5 A  -0.226  -0.769   0.448  -0.608  -2.801  -0.528  -1.545  -0.080   1.504   1.290  -0.718  -1.870  -1.347   2.024   0.242  -0.156  -0.379   1.785   0.766   0.226 
  6 A  -0.698  -3.513  -1.181  -2.318  -2.451  -1.920  -3.110  -1.497  -2.372   1.866   1.939  -4.755   2.959   1.554  -2.280   0.094   1.800  -0.899   0.348  -0.206 
  7 A   2.918  -2.226   0.218  -1.084  -3.690  -1.410  -0.468   1.022   1.509  -1.644  -0.508  -3.297  -0.238   0.505  -1.918   1.342  -1.168   0.567   0.658  -1.463 
  8 A   1.218  -0.876  -1.190  -3.927  -5.255  -1.172   0.529   1.438  -1.523  -3.474   0.584  -0.980  -1.738   1.041   2.669   1.059  -0.658   0.012   0.312  -1.566 
  9 A  -6.432  -7.143  -7.551  -8.275  -7.358  -6.709  -6.811  -8.269  -4.231  -1.750  -0.736  -7.177   5.226   4.086  -8.000  -6.984  -6.609  -3.993   7.593  -2.124 
