#HLA-A3407

Last position-specific scoring matrix computed       
            A       R       N       D       C       Q       E       G       H       I       L       K       M       F       P       S       T       W       Y       V 
  1 A  -2.770  -3.141  -0.671  -3.682  -2.508  -2.444   1.102  -5.994   3.963  -0.732  -1.668  -3.015   5.420   1.293  -5.765   2.498   2.161  -2.288   0.249  -2.374 
  2 A   0.785  -6.762  -6.196  -6.862  -6.114  -5.188  -5.737  -6.843  -7.228   1.755  -0.725  -6.359  -0.335  -5.925  -6.689   2.352   5.142  -7.490  -6.646   2.701 
  3 A   0.669  -4.544  -0.756  -6.430  -4.698  -3.481  -6.495  -5.672  -2.333  -0.066  -0.645  -3.328   1.758   5.435  -5.651  -0.079  -2.848   0.425   4.723  -2.186 
  4 A   0.905  -0.046   1.556   0.508  -3.801  -2.158  -0.170  -0.338  -0.057  -2.379  -1.769  -0.355   0.405   1.752  -1.445   1.970   0.343   1.783   1.090  -2.919 
  5 A  -1.839   1.334  -0.388  -4.073  -2.798  -0.177  -3.226  -2.446   1.570   0.977  -0.773  -1.093  -0.291   1.840  -0.086   1.699  -0.468   3.017   1.569   0.660 
  6 A  -0.405   2.174   0.652  -3.009  -4.208  -0.295  -2.105  -2.844   0.393  -0.458  -0.324  -0.046  -0.541   1.848  -0.360   1.145   1.616   0.744   0.814  -1.174 
  7 A   0.626  -2.865   0.082  -4.699  -1.813  -2.314  -2.898  -0.708   0.696   0.028  -0.097  -4.829   3.062   2.412   0.125   2.360   0.260   0.423   0.834  -0.916 
  8 A   0.391  -1.026   0.962  -4.600  -4.239  -0.989  -0.136  -1.278  -0.853  -2.787   0.671  -1.772  -2.076   3.021   2.793   0.031  -0.561  -3.883   3.161  -2.851 
  9 A  -6.093   4.080  -5.485  -5.772  -8.300  -3.978  -4.618  -6.919  -5.642  -7.821  -7.463   7.009  -6.531  -7.723  -5.844  -5.499  -5.997  -7.391  -0.246  -7.476 
