#HLA-A0262

Last position-specific scoring matrix computed       
            A       R       N       D       C       Q       E       G       H       I       L       K       M       F       P       S       T       W       Y       V 
  1 A   0.578  -0.970  -3.403  -7.426  -5.262  -4.849  -6.729  -2.303  -3.516  -1.809  -0.214   0.255   3.001   4.963  -7.458   0.314  -1.485   1.526   3.493  -1.293 
  2 A  -4.727  -7.122  -7.912  -8.296  -6.397  -1.021  -7.457  -8.362  -7.522   1.379   4.848  -7.116   5.197  -5.066  -7.812  -5.198  -1.100  -6.989  -6.242   0.320 
  3 A   2.723  -6.967  -1.470  -1.512  -6.604  -3.912  -6.651  -3.222  -2.308   0.473   0.754  -6.671   4.144   3.105  -2.123   0.392  -2.376   2.808   1.640  -1.810 
  4 A   1.383  -3.005  -0.507   3.757  -1.356  -0.948   2.872  -0.843  -1.459  -5.846  -5.023  -2.658  -3.458  -1.694   2.371   1.533  -1.487   1.516  -0.491  -3.665 
  5 A   0.949  -3.271  -1.866  -0.934  -1.843  -2.466  -1.192   1.085   1.451   0.247  -0.908  -1.826   0.183   1.312  -1.593   0.168   0.484   2.722   2.560  -0.059 
  6 A  -0.302  -6.505  -1.299  -2.945  -2.205  -2.112  -3.949  -2.672  -0.997   2.053   2.559  -5.373   0.157   1.715  -1.090  -0.014   0.804  -0.637   0.141   0.791 
  7 A   1.402  -5.539  -0.495  -2.071  -2.270  -0.563  -1.836  -5.483   0.857  -0.581  -0.901  -4.915   1.135   3.462   2.550  -0.990   0.479   2.569   2.145  -0.197 
  8 A   0.924  -2.458   0.137  -5.675  -4.731  -1.312   0.191   0.347  -0.598  -4.465  -0.591  -2.822  -1.978   2.173   3.597   0.929  -0.433   0.780   3.380  -3.135 
  9 A  -0.767  -7.619  -8.072  -8.329  -6.030  -7.241  -7.617  -8.123  -8.261   1.790   1.121  -7.409  -3.873  -5.730  -7.622  -6.701  -5.465  -7.510  -6.427   6.116 
