#HLA-A0280

Last position-specific scoring matrix computed       
            A       R       N       D       C       Q       E       G       H       I       L       K       M       F       P       S       T       W       Y       V 
  1 A  -0.446  -0.811  -3.192  -7.346  -6.104  -3.808  -6.612  -2.012  -2.838  -1.791  -1.173   0.992   2.812   4.888  -7.460   0.606  -1.747   1.981   4.240  -1.610 
  2 A  -6.137  -7.094  -8.042  -8.413  -6.435  -0.725  -7.497  -8.477  -7.497   0.291   5.280  -7.144   5.346  -4.953  -7.902  -7.150  -2.849  -6.923  -6.206  -1.346 
  3 A   2.230  -5.679  -1.063  -4.299  -5.069  -2.780  -6.840  -3.759  -3.998   1.316   0.865  -5.638   3.905   3.176  -3.586  -0.040  -2.631   2.820   2.901  -1.521 
  4 A   1.048  -3.431   0.562   3.849  -1.364  -0.651   2.841  -0.204  -0.601  -5.654  -5.906  -2.346  -3.476  -1.789   1.174   1.535  -1.034   1.749  -0.218  -4.540 
  5 A   0.825  -1.743  -2.448  -0.995  -1.477  -1.319  -0.843   0.830   1.517   0.063  -0.688  -1.418  -0.802   0.985  -1.964   0.621   0.087   2.724   2.837  -0.286 
  6 A  -0.504  -6.538  -1.695  -3.728  -3.287  -2.126  -4.177  -2.514  -1.622   1.932   2.972  -5.707   0.084   1.723  -1.301  -0.349   0.762   0.235   0.292   0.581 
  7 A   1.406  -4.918  -0.771  -1.886  -2.039  -0.226  -2.519  -6.280   0.014  -0.324  -0.668  -4.455   1.070   3.021   2.259  -0.326   1.048   2.957   2.456  -0.376 
  8 A   0.925  -2.557   0.351  -5.621  -4.753  -0.175   0.326   1.213  -0.844  -5.134  -0.771  -2.478  -2.207   1.695   3.458   0.456  -0.440   0.617   3.446  -3.862 
  9 A   0.155  -6.916  -8.011  -8.281  -6.073  -7.150  -7.555  -7.983  -8.093   1.614   2.199  -6.395  -0.848  -4.167  -7.583  -6.606  -4.027  -7.407  -6.370   5.566 
