#HLA-A0222

Last position-specific scoring matrix computed       
            A       R       N       D       C       Q       E       G       H       I       L       K       M       F       P       S       T       W       Y       V 
  1 A  -0.998  -2.551  -3.278  -7.649  -6.154  -5.058  -7.032  -2.195  -3.681  -1.774  -0.965  -1.696   1.957   5.593  -7.746  -0.009  -2.079   2.567   5.078  -2.125 
  2 A  -6.183  -7.147  -8.143  -8.509  -6.433  -1.739  -7.618  -8.532  -7.560  -0.369   5.548  -7.233   5.023  -4.888  -7.947  -6.764  -3.793  -6.904  -6.198  -2.470 
  3 A   3.233  -5.823   0.180  -1.773  -4.432  -1.242  -6.259  -3.212  -2.083   1.132  -1.421  -4.602   3.618   1.652  -1.029   2.036  -1.431  -1.196   0.800  -1.088 
  4 A   0.507  -3.430  -0.171   3.888  -1.928  -1.248   3.139  -0.173  -0.486  -6.919  -5.381  -2.244  -2.888  -2.358   1.922   1.656  -1.035   1.132  -0.316  -3.711 
  5 A   0.321  -2.133  -1.472  -0.676  -1.841  -2.117  -0.338   0.359   1.000   0.770  -0.018  -1.292  -0.181   0.825  -2.730   0.154   0.042   0.912   2.516   0.696 
  6 A  -0.343  -6.070  -0.968  -2.934  -2.210  -1.554  -2.882  -2.417  -1.606   2.052   2.547  -6.324   0.335   1.365  -0.722  -0.340   0.489   0.036   0.553   0.815 
  7 A   2.031  -5.055   0.362   0.045  -1.648   0.385  -0.398  -4.038   1.150  -1.267  -1.947  -4.115  -0.033   2.236   1.201   0.619   0.956   2.385   2.035  -1.189 
  8 A   0.525  -1.628  -0.195  -4.510  -3.837   0.205   0.966   0.525  -0.034  -5.038  -0.410  -1.903  -1.779   1.990   2.692   0.795  -1.075   0.785   3.500  -2.956 
  9 A  -0.019  -7.548  -8.078  -8.334  -6.093  -7.205  -7.621  -8.051  -8.116   1.925   2.790  -7.371  -2.116  -5.208  -7.627  -6.698  -4.731  -7.393  -6.394   5.320 
