#HLA-A0235

Last position-specific scoring matrix computed       
            A       R       N       D       C       Q       E       G       H       I       L       K       M       F       P       S       T       W       Y       V 
  1 A  -0.257  -1.354  -2.919  -7.493  -4.193  -4.193  -6.369  -2.329  -3.178  -1.572   0.298  -0.421   3.041   4.766  -7.546   0.098  -1.492   1.870   3.969  -0.660 
  2 A  -4.962  -7.159  -8.036  -8.412  -6.410  -1.608  -7.566  -8.447  -7.578   0.607   5.294  -7.200   4.708  -4.682  -7.876  -6.223  -1.671  -6.952  -6.219  -0.751 
  3 A   2.475  -6.918  -1.266  -0.123  -5.073  -2.071  -6.476  -3.013  -3.060   0.463   0.603  -6.602   4.118   2.866  -1.727   0.468  -2.058   3.295   1.141  -1.895 
  4 A   0.825  -2.626  -0.310   3.797  -2.139  -1.502   3.087  -0.371  -1.301  -5.614  -4.897  -3.257  -3.161  -1.512   2.731   1.203  -1.264   1.632  -0.895  -3.945 
  5 A   0.689  -3.284  -1.297  -0.938  -1.468  -2.653  -0.996   0.574   0.784   0.165  -0.297  -2.181   0.198   1.356  -1.975  -0.008   0.684   3.024   2.720   0.247 
  6 A   0.221  -6.436  -0.941  -2.315  -1.100  -1.667  -3.106  -1.864  -0.843   1.602   2.172  -5.295  -0.758   1.766  -0.462   0.335   1.055  -0.900   0.559   0.341 
  7 A   0.914  -5.581  -1.021  -2.098  -3.089  -0.665  -1.685  -6.428   1.336  -0.400  -0.675  -5.243   1.458   4.065   1.632  -1.293  -0.462   3.730   2.657  -0.503 
  8 A   0.495  -1.920   0.189  -5.671  -4.740  -0.505   0.443   0.433  -0.855  -4.229   0.140  -2.288  -0.829   2.250   3.064   0.624  -0.439   0.451   3.150  -3.315 
  9 A  -1.902  -7.650  -8.121  -8.378  -6.058  -7.289  -7.686  -8.266  -8.290   2.211   1.454  -7.459  -3.817  -5.666  -7.686  -6.828  -5.500  -7.489  -6.413   6.026 
