#HLA-A7410

Last position-specific scoring matrix computed       
            A       R       N       D       C       Q       E       G       H       I       L       K       M       F       P       S       T       W       Y       V 
  1 A  -0.964   1.323  -3.446  -7.060  -1.301  -2.379  -4.504  -1.311   0.785   0.397   0.266   1.430   2.895   1.553  -6.462   0.596   0.276  -0.356   2.322   0.239 
  2 A  -1.221  -6.925  -6.875  -7.477  -6.247  -4.537  -6.966  -7.496  -7.331   1.000   2.904  -6.710   4.608  -3.202  -7.183   0.472   3.771  -7.161  -6.340   1.904 
  3 A   1.980  -5.176   1.650  -0.326  -0.974  -1.870  -3.547  -2.040  -1.968  -0.008  -0.811  -4.864   2.037   2.508  -4.008   1.652  -1.651   1.223   3.412  -2.079 
  4 A   1.329  -1.198   0.894   0.509  -3.106  -2.171   0.066   1.088  -0.397  -2.267  -2.917  -0.129  -1.044   0.657   1.252   1.769  -0.082   2.618   0.314  -2.520 
  5 A  -1.746  -1.585   0.534  -0.616  -0.722   0.551  -1.115   0.500   0.993   0.687   1.084  -2.876   0.142   1.272  -3.589  -0.279  -1.812   3.708   0.995   0.128 
  6 A  -0.843  -2.245   0.505  -1.046  -3.348  -1.009  -2.714  -1.059  -0.679   0.003   0.587  -3.363   1.693   1.317   0.548   1.630   2.359   1.167  -0.289  -0.248 
  7 A   0.422  -4.833  -4.375  -5.127  -4.148  -3.474  -3.665  -1.975   0.928  -1.366   2.545  -6.499   1.014   3.749  -1.325  -2.084  -2.498   3.322   3.521  -0.455 
  8 A   0.064  -0.889  -1.402  -3.053  -4.654  -0.694   0.313   0.195  -2.076  -1.834   2.047  -1.334  -1.766   2.140   0.541   0.808  -0.491  -0.625   1.041  -1.203 
  9 A  -6.912  -6.036  -7.265  -8.228  -8.011  -6.465  -7.072  -8.308  -3.513  -6.105  -6.194  -6.957  -5.291  -0.860  -7.824  -6.912  -6.898  -2.980   9.529  -6.440 
