#HLA-A0319

Last position-specific scoring matrix computed       
            A       R       N       D       C       Q       E       G       H       I       L       K       M       F       P       S       T       W       Y       V 
  1 A   0.232   4.120  -5.629  -0.569  -4.858  -3.958  -2.797  -3.927  -0.874  -1.982  -4.607   4.839   2.698  -6.790  -2.605   0.819  -2.232  -7.608  -6.755  -2.708 
  2 A  -2.506  -6.353  -6.688  -4.363  -6.359  -5.631   0.138  -7.087  -6.217   1.827   2.666  -5.796   3.118  -5.436  -7.111   0.403   3.900  -7.286  -6.494   1.813 
  3 A   0.584  -1.804  -0.950  -2.336  -6.160  -4.474  -1.892  -3.981   0.300  -1.897  -0.926  -3.657   2.773   4.822  -6.126  -0.610  -5.499   0.918   5.376  -3.984 
  4 A   1.586   0.325   1.059   1.369  -4.246  -2.470   0.087  -0.289  -0.168  -3.358  -2.887  -0.387  -2.753   0.605   2.805   1.313  -0.462  -0.209   0.761  -2.724 
  5 A  -0.461   1.208  -1.425  -2.191  -2.541  -1.902  -0.581  -0.857   1.452  -1.051  -2.348  -1.547  -0.981   1.634   2.041   1.748   1.228   2.629   0.991  -0.108 
  6 A  -1.054   0.286  -0.729  -1.431  -1.840  -0.903  -1.722  -1.465  -0.016   0.764   0.809  -2.702  -0.732   2.424   0.596   1.379   1.256   0.404  -0.925  -0.681 
  7 A   0.561  -3.409   0.239  -2.231  -2.021  -1.226  -1.993  -3.471   0.279  -1.187   0.894  -2.765   2.291   2.434   0.862   1.946   0.211   0.043   0.519  -0.114 
  8 A  -1.197  -0.077   0.560  -1.543  -4.254  -0.783  -1.294  -0.806  -0.989  -2.598  -0.536  -2.078  -2.357   3.320   2.441   2.377  -0.356  -1.786   2.706  -3.542 
  9 A   0.812  -7.391  -5.864  -1.579  -6.175  -5.164  -3.090  -5.383  -7.872   3.144   0.204  -4.176  -2.789  -5.910  -3.380  -6.015  -5.224  -7.570  -6.536   5.255 
