#HLA-A2611

Last position-specific scoring matrix computed       
            A       R       N       D       C       Q       E       G       H       I       L       K       M       F       P       S       T       W       Y       V 
  1 A  -6.108  -6.126  -0.225   3.198  -8.070  -3.260   5.477  -7.239  -1.830  -6.556  -4.904  -5.498   2.313   3.116  -6.990  -2.276  -2.997   1.215   2.823  -6.897 
  2 A   0.381  -6.931  -6.480  -7.127  -6.096  -6.451  -6.748  -7.133  -7.476   1.680  -0.819  -6.561  -2.071  -4.285  -4.496  -0.085   5.275  -7.472  -6.569   3.787 
  3 A   2.179  -5.459  -2.270  -4.307  -3.567  -3.991  -4.843  -5.106  -4.226   3.824  -2.251  -6.376   2.767   1.890  -4.357   0.006  -1.315  -0.623   1.258   1.801 
  4 A   0.700  -0.570   0.892   2.589  -5.487   0.409   2.455   1.367  -0.373  -6.103  -4.337  -0.562  -3.756   0.029   0.155   0.998  -0.534   1.402  -1.574  -3.441 
  5 A  -0.383  -1.789   0.163  -1.893  -1.835  -0.849  -2.921  -1.044   0.684   2.047  -0.378  -2.489  -1.280   2.172  -1.187  -0.910   0.178   3.222   0.958   1.375 
  6 A  -0.141  -3.199  -0.493  -2.522  -2.707  -2.737  -3.706  -1.477  -1.752   1.191   1.909  -5.502   1.626   1.911  -2.270   0.810   1.830  -0.626   0.752   0.108 
  7 A   2.379  -3.281  -0.153  -3.224  -2.492  -1.122  -2.003  -0.118   2.048  -1.344   0.321  -4.602   0.625   2.074  -1.363   0.929  -2.062   3.096   2.375  -1.856 
  8 A   1.438  -0.991  -0.930  -4.446  -5.218  -0.378   1.260   0.231  -1.355  -3.028   0.479  -0.955  -1.917   1.067   2.451   1.922  -0.128  -2.381  -0.809  -1.795 
  9 A  -6.390  -7.211  -7.583  -8.300  -7.319  -6.804  -7.394  -8.293  -4.276  -0.717  -1.025  -7.233   4.412   4.097  -8.001  -7.006  -6.567  -4.025   7.564  -0.167 
