#HLA-A3021

Last position-specific scoring matrix computed       
            A       R       N       D       C       Q       E       G       H       I       L       K       M       F       P       S       T       W       Y       V 
  1 A  -0.294   5.362  -5.622  -6.435  -5.585  -3.340  -5.156  -3.570   1.229  -2.711  -3.406   4.671   0.555  -7.512  -6.668   0.572  -2.483  -5.596  -5.913  -3.979 
  2 A   1.729  -6.652  -4.167  -6.777  -6.164  -1.128  -6.324  -3.502  -5.315   0.625  -2.864  -6.239   0.877  -2.196  -6.662   2.662   4.488  -2.943  -2.572   2.849 
  3 A  -4.780   6.528  -3.909  -6.553  -8.221  -3.978  -4.862  -7.260   1.054  -5.704  -3.067   4.444  -1.344  -1.178  -6.908  -5.483  -6.180  -7.180  -1.569  -6.814 
  4 A   1.841   1.735   0.512  -1.460  -1.847  -0.119  -1.032  -2.523   0.478  -1.420  -0.618   0.791  -0.334  -0.537   0.390  -0.633   0.660  -2.354   1.105  -0.232 
  5 A   0.565   2.104  -0.167  -3.989  -3.079  -1.032  -3.937  -0.939   2.186  -1.198  -1.136   0.038  -1.095   1.117   0.500   1.483   1.133   0.019   0.276  -0.170 
  6 A  -1.015   2.105   1.064  -4.371  -2.552  -0.467  -2.221  -1.569   1.010   0.058  -0.210   0.279  -1.058   1.547  -0.077   1.071   0.100   1.308   0.811  -0.573 
  7 A   0.871  -0.296   0.175  -4.993  -2.033  -1.457  -3.428  -2.325   0.368   0.029   0.765  -1.859   0.724   1.529   2.199   0.919   0.330   0.742   1.147  -0.568 
  8 A   0.418  -0.823  -0.262  -2.649  -3.748  -0.513  -0.776  -1.946  -0.514  -0.429   0.229  -2.012  -2.051   2.292   1.723   1.967  -0.517  -0.609   2.103  -0.440 
  9 A   1.773  -3.349  -5.560  -6.443  -7.207  -4.614  -5.093  -5.048  -4.407  -1.339  -0.844   6.464  -0.822  -5.298  -6.425  -3.277  -4.586  -7.532  -3.071  -0.334 
