#HLA-A2457

Last position-specific scoring matrix computed       
            A       R       N       D       C       Q       E       G       H       I       L       K       M       F       P       S       T       W       Y       V 
  1 A  -2.520   1.823  -1.208  -6.438   0.088  -1.609  -4.872  -3.227  -0.030   0.846  -0.461   2.180   1.005   0.989  -5.886   0.957  -0.376   1.826   4.056  -1.342 
  2 A  -6.016  -7.078  -7.365  -8.248  -7.958  -4.301  -7.170  -8.228  -3.894  -6.295  -5.791  -6.649  -4.202   3.257  -7.994  -6.135  -6.008   3.827   8.918  -6.118 
  3 A  -1.084  -4.132  -1.167  -2.084  -2.277   2.552  -2.383  -0.455  -1.203   2.039   0.653  -2.778   1.606   2.256  -1.292  -0.242  -2.193   1.798   1.611  -0.080 
  4 A   0.233  -0.290   1.655   0.859  -3.151   0.305   0.311  -0.466   0.566  -2.351  -2.599   0.028  -1.855   0.600   2.617   1.409  -0.899   2.356  -0.597  -1.956 
  5 A  -0.160  -0.841   0.488  -2.324  -1.273  -1.571  -0.993  -1.071  -1.377   1.554  -0.647  -2.620   0.131  -0.353  -3.295   0.829   1.786   2.185   1.117   1.613 
  6 A   0.647  -2.861  -0.422  -1.976  -1.470  -0.472  -2.759  -2.352   0.286   0.203   0.864  -2.470  -1.149   2.798   2.348  -0.114  -0.015   0.439   2.041  -1.066 
  7 A  -0.696  -4.293   0.810  -0.837  -2.589   0.910   0.212  -4.533   3.077  -2.656  -0.628  -3.826  -0.935   2.939  -1.186   0.171  -2.329   4.829   3.468  -0.158 
  8 A  -1.184  -0.634   0.669  -2.222  -3.086   1.724   0.157  -2.643   0.038  -1.560   0.342  -0.655  -2.748   1.703  -1.560   1.902   2.627  -0.166   1.251  -2.466 
  9 A  -6.902  -7.949  -8.216  -7.734  -6.940  -7.951  -8.165  -8.510  -7.223   4.375   1.815  -7.950  -2.225   5.990  -8.418  -7.535  -6.514   3.321  -3.534  -3.397 
