#HLA-A3107

Last position-specific scoring matrix computed       
            A       R       N       D       C       Q       E       G       H       I       L       K       M       F       P       S       T       W       Y       V 
  1 A  -3.057   4.660  -4.201  -6.514  -3.599  -3.650  -5.228  -3.396  -0.031  -1.990  -3.859   5.141   1.215  -1.727  -6.773  -0.186  -4.226  -0.940   0.869  -2.341 
  2 A  -0.486  -6.546  -6.559  -6.212  -6.800   2.460  -5.263  -6.154  -5.875  -1.395   0.303  -6.325   3.366   2.880  -7.226   1.216   2.697   3.322   4.116  -0.677 
  3 A  -3.361  -3.232  -1.091  -7.112  -5.375  -1.012  -6.583  -4.295  -1.245   0.356   1.547  -3.627   2.450   4.613  -7.038  -2.256  -4.737   4.267   4.895  -2.288 
  4 A  -0.132  -2.261   2.146   0.186  -3.145  -0.827   0.452  -0.151   0.577  -2.110  -2.175  -0.790  -1.035   0.678   2.268   1.735  -0.296   3.343   1.288  -2.884 
  5 A  -1.948   1.511  -0.101  -3.415  -2.817   0.313  -2.736  -0.371  -0.083   0.742   0.445  -0.802   0.042   2.125  -2.960  -0.329  -0.813   3.228   1.876   0.287 
  6 A  -0.615   0.619  -1.139  -2.498  -3.385  -0.821  -3.587  -3.095   0.188   0.656   0.911  -2.606  -1.966   3.088   0.751   1.449   0.536   0.603   1.030  -0.637 
  7 A  -0.932  -4.482  -0.947  -3.207  -2.079  -1.655  -2.717  -5.734   2.633  -0.800   0.484  -5.330  -0.253   3.752  -1.537  -0.463  -1.756   3.517   4.442   0.680 
  8 A  -0.440  -0.844  -0.101  -4.459  -2.273   0.714  -0.043  -1.532  -0.519  -3.151   0.325  -1.136  -2.548   1.367   2.147   2.438   2.531  -0.659   0.469  -3.044 
  9 A  -7.119  -5.803  -7.980  -8.477  -7.352  -7.904  -7.999  -8.361  -5.435   2.291  -0.377  -7.930  -2.460   7.091  -8.546  -7.433  -6.826   2.496   3.549  -4.853 
