#HLA-A2629

Last position-specific scoring matrix computed       
            A       R       N       D       C       Q       E       G       H       I       L       K       M       F       P       S       T       W       Y       V 
  1 A  -5.277  -5.980  -0.957   3.333  -6.741  -2.213   5.817  -6.413  -1.325  -6.111  -4.946  -4.587   1.430   1.919  -2.339  -1.563  -2.584  -0.157   2.234  -7.033 
  2 A   0.413  -4.458  -5.934  -7.070  -5.342  -5.763  -6.663  -7.103  -7.441   1.656  -1.841  -3.610  -4.076  -5.928  -6.792  -0.454   5.406  -7.519  -6.639   3.885 
  3 A   2.559  -1.893  -1.473  -6.196  -2.395  -4.467  -3.877  -4.806  -1.120   3.362  -3.115  -1.848   0.898   0.061  -1.469  -0.045  -0.221  -3.431   1.170   2.138 
  4 A   0.752  -0.111   0.664   2.025  -2.347   0.279   2.044   0.721   0.135  -3.914  -3.065   0.661  -2.767   0.095  -0.044   0.899  -0.415  -0.455  -1.067  -2.432 
  5 A  -0.150  -0.172   0.154  -0.431  -3.428   0.254  -1.515   0.135   1.388   0.710  -0.674  -0.872  -1.362   1.879  -0.012  -0.101  -0.163   1.434   0.633   0.009 
  6 A  -0.742  -2.523  -1.178  -2.419  -2.223  -2.050  -2.600  -0.955  -2.144   1.785   1.894  -3.335   2.697   1.252  -2.593  -0.125   1.580  -0.898   0.735  -0.074 
  7 A   2.442  -1.896   0.331  -1.864  -3.029  -0.957  -0.811   1.544   1.387  -1.603  -0.122  -1.664  -0.580  -0.184  -1.432   1.998  -0.878  -0.208  -0.335  -2.332 
  8 A   1.014  -0.265  -0.698  -2.354  -5.264  -0.838   0.545   1.146  -0.657  -2.844   0.292  -0.669  -1.941   0.193   2.534   1.458  -0.353  -0.954  -0.090  -1.399 
  9 A  -6.801  -7.036  -5.735  -5.013  -7.576  -6.533  -4.689  -7.193  -3.206  -3.065  -3.039  -7.037   4.744   3.332  -7.019  -6.887  -6.224  -3.677   8.270  -3.735 
