#HLA-A3604

Last position-specific scoring matrix computed       
            A       R       N       D       C       Q       E       G       H       I       L       K       M       F       P       S       T       W       Y       V 
  1 A  -0.082  -1.693  -1.848  -5.484   0.018  -3.097  -2.495  -1.099  -0.101  -0.164   1.598  -2.205   2.565   2.275  -5.070   0.090   0.833   1.468   2.540  -0.037 
  2 A   0.105  -6.424  -5.581  -6.361  -6.148  -4.552  -6.082  -5.334  -6.844  -0.517  -0.559  -5.991  -1.495  -6.205  -6.386   4.396   5.655  -7.516  -6.742   0.141 
  3 A   1.330  -6.410   0.238   5.767  -4.333  -1.937   1.645  -2.416  -4.736  -2.953  -5.346  -5.727  -1.611  -2.509  -4.720   1.856  -0.880  -4.503  -0.953  -5.002 
  4 A   0.962  -0.757   0.344  -0.269  -2.289   0.674   0.460  -0.041   0.299  -1.425  -1.172   0.187  -0.147  -0.138   0.083   1.547   0.823   1.763  -0.612  -1.441 
  5 A  -0.961  -1.885   1.372   0.692  -2.081   0.648   0.359   0.462  -0.520   0.025   0.020  -1.238   0.276   0.223  -1.361   0.333   0.367   1.879   0.383  -0.451 
  6 A   0.248  -1.981   1.267  -0.931  -2.765   0.643  -0.990  -0.051  -0.527  -0.970   0.232  -1.984   0.451  -0.108   0.387   1.364   2.271  -0.430   0.226  -1.327 
  7 A  -0.227  -2.720  -0.742  -0.554  -2.520   0.238   0.057   0.124   0.451  -1.142   2.304  -4.185  -0.125   1.570  -0.539   0.259  -0.874   1.312   0.687  -1.454 
  8 A  -0.306  -0.567  -1.070  -1.745  -3.389  -0.414   0.887  -2.723  -4.982  -0.619   1.987  -1.124   0.759   1.924   0.755  -0.164   0.179   0.037   0.488  -0.519 
  9 A  -6.226  -6.944  -7.253  -8.208  -7.960  -6.440  -7.058  -8.286  -2.444  -5.259  -5.908  -6.506  -1.137  -1.548  -7.807  -6.889  -6.862  -3.029   9.472  -5.563 
