#HLA-A2408

Last position-specific scoring matrix computed       
            A       R       N       D       C       Q       E       G       H       I       L       K       M       F       P       S       T       W       Y       V 
  1 A  -2.800   1.508  -2.522  -5.807  -1.170  -2.740  -5.905  -3.612  -0.951   0.696   0.312   1.845   0.805   1.735  -4.071   0.748  -0.745   1.846   4.658  -1.221 
  2 A  -4.886  -6.543  -6.186  -8.158  -7.843  -2.644  -7.151  -8.130  -4.209  -6.118  -4.321  -4.583  -1.562   4.598  -8.020  -4.701  -4.987   3.521   8.353  -6.024 
  3 A  -1.036  -3.929  -1.084  -1.987  -2.275   2.583  -2.486  -0.857  -1.354   2.215   0.490  -2.771   1.926   2.023  -0.806  -0.385  -1.708   1.451   1.781  -0.106 
  4 A   0.001  -0.405   1.621   0.824  -3.164   0.238   0.550  -0.733   0.649  -1.840  -3.387  -0.150  -1.053   0.647   3.206   1.268  -1.338   2.445  -0.061  -2.473 
  5 A  -0.623  -0.348   0.635  -1.914  -1.278  -1.956  -0.981  -1.121  -1.218   1.280  -0.415  -1.770  -0.068  -0.689  -3.289   1.168   1.761   2.085   0.946   1.525 
  6 A   0.138  -3.294  -0.697  -1.982  -1.852  -0.475  -2.423  -2.899   0.856   0.171   0.982  -2.696  -0.605   3.279   2.192  -0.037  -0.122  -0.120   2.281  -1.491 
  7 A  -0.303  -4.093   0.631  -1.574  -3.166   0.682  -0.371  -4.896   3.660  -2.031  -1.302  -3.540  -1.232   3.447  -1.091  -0.134  -2.240   5.015   3.529  -0.758 
  8 A  -1.819  -0.525   0.124  -2.045  -2.290   1.638   0.194  -2.948   0.490  -1.476   0.787  -1.135  -4.371   1.686  -2.218   1.871   2.504   0.055   1.939  -2.296 
  9 A  -6.970  -7.868  -8.136  -6.562  -7.059  -7.883  -5.041  -8.432  -7.054   3.219   2.106  -7.931  -2.736   6.410  -7.424  -7.501  -6.633   4.061  -3.284  -2.952 
