#HLA-A2422

Last position-specific scoring matrix computed       
            A       R       N       D       C       Q       E       G       H       I       L       K       M       F       P       S       T       W       Y       V 
  1 A  -3.937   0.920  -0.985  -7.113  -0.490  -2.774  -5.622  -4.315   1.008  -0.923  -0.525   1.226   0.783   3.294  -7.395   0.641  -0.582   2.368   5.371  -2.996 
  2 A  -5.731  -7.035  -7.313  -8.214  -7.963  -3.964  -7.115  -8.218  -3.451  -6.350  -5.862  -7.055  -5.234   2.531  -7.932  -5.457  -5.622   3.237   9.074  -6.433 
  3 A  -0.088  -3.070  -1.143  -1.531  -2.059   2.733  -2.914  -0.610   0.103   1.792   0.090  -2.223   1.290   2.166   0.478  -0.511  -0.936   0.423   1.267  -0.963 
  4 A   0.609  -0.375   2.258   0.463  -2.880   1.221   1.028  -0.499   1.101  -3.583  -4.505   0.371  -2.111  -0.960   3.231   0.629  -1.116   1.867   0.564  -3.504 
  5 A  -0.848  -0.502   2.053  -1.133  -2.046  -0.860  -0.883  -0.757  -0.084   0.885  -1.091  -2.163   0.093  -1.167  -2.701   1.039   2.359   2.274   0.884   0.407 
  6 A  -0.233  -2.590   0.382  -1.673  -1.477  -0.370  -1.561  -3.533   0.994   0.894   0.842  -2.546  -1.460   2.037   2.495   0.065   0.608   0.903   1.558  -1.203 
  7 A   0.394  -3.012   1.381   0.506  -3.157   1.142   0.540  -3.205   3.547  -3.227  -2.475  -3.686  -1.151   1.442   0.254   1.139  -1.872   3.984   2.917  -0.843 
  8 A  -0.576  -1.020   0.018  -3.057  -2.787   1.385   0.408  -2.224   0.487  -1.500   0.055  -0.160  -1.702   1.451  -0.840   2.077   2.360  -1.508   1.539  -2.091 
  9 A  -6.866  -7.843  -8.254  -8.574  -6.869  -7.835  -8.138  -8.535  -7.287   3.817   3.080  -7.887  -1.252   5.603  -8.376  -7.542  -6.506   3.047  -3.723  -3.454 
