#HLA-A7404

Last position-specific scoring matrix computed       
            A       R       N       D       C       Q       E       G       H       I       L       K       M       F       P       S       T       W       Y       V 
  1 A  -1.027   1.422  -1.296  -6.935  -2.788  -2.186  -4.455  -2.218   2.043  -0.334   0.102   1.462   3.815   1.844  -7.173  -0.112   0.980   0.251   1.326  -0.180 
  2 A  -2.408  -7.171  -7.782  -8.199  -6.345  -3.513  -7.483  -8.153  -7.561   1.280   4.707  -7.130   4.716  -3.854  -7.700  -2.550  -0.021  -7.015  -6.237   0.764 
  3 A   1.502  -4.655   1.324  -3.270  -1.830  -1.508  -4.206  -3.364  -0.622  -0.225   0.538  -3.485   2.895   3.526  -4.377   0.459  -1.612   2.820   2.760  -1.968 
  4 A   1.204  -1.304   0.499   2.143  -2.093  -2.022   1.005   0.363  -0.283  -2.842  -1.534  -1.726  -1.026   0.837   0.972   0.851  -0.849   2.452   0.716  -1.863 
  5 A  -1.558   1.159  -2.147  -2.520  -0.454  -0.712  -2.116  -1.215   0.012   1.003   0.367  -2.017   0.049   1.497  -2.002   0.081   0.129   2.953   2.628   0.838 
  6 A  -0.640  -0.764  -0.013  -0.490  -1.838  -0.189  -1.777  -1.573   0.534  -0.074   0.719  -2.598  -0.277   1.421   0.760   1.076   1.472   0.024   0.414   0.156 
  7 A   1.147  -6.535  -2.790  -5.024  -2.270  -3.447  -2.657  -4.782   0.555   0.135  -0.553  -5.433   2.339   4.739  -1.773  -1.253  -0.528   3.852   3.199  -0.503 
  8 A  -0.312  -1.093   0.181  -3.670  -4.246   0.037  -0.447  -0.275  -0.822  -5.094   1.326  -1.784  -1.483   2.867  -0.019   0.185  -0.234  -0.063   4.126  -2.852 
  9 A  -5.949   7.867  -5.614  -6.710  -8.421  -4.164  -5.206  -7.437  -5.551  -6.255  -5.800   1.434  -6.463  -7.976  -7.085  -5.840  -6.212  -7.521  -6.915  -4.744 
