#HLA-A2423

Last position-specific scoring matrix computed       
            A       R       N       D       C       Q       E       G       H       I       L       K       M       F       P       S       T       W       Y       V 
  1 A  -2.207   2.873  -2.192  -6.891  -0.612  -3.196  -5.966  -2.808  -0.109  -0.154  -0.688   2.781   0.277   0.703  -6.394   1.229  -1.138   0.810   4.384  -2.024 
  2 A  -6.616  -7.072  -7.353  -8.265  -7.977  -5.994  -7.177  -8.278  -3.763  -6.313  -5.830  -7.103  -5.895   2.756  -7.953  -6.977  -6.438   2.226   9.135  -6.117 
  3 A  -1.253  -3.368  -1.532  -3.017  -2.296   2.868  -3.526  -0.813  -0.088   1.619   1.041  -1.730   1.430   2.310   0.581  -1.062  -2.117   2.300   2.000  -1.262 
  4 A   0.411   0.564   1.748   0.097  -2.867   0.510   0.437  -0.424   1.022  -2.313  -3.872   0.623  -1.524  -0.049   2.903   0.791  -0.591   2.264  -0.157  -2.743 
  5 A  -0.350   0.450   1.701  -1.360  -1.845  -1.149  -0.872  -1.203   0.027   0.502  -0.991  -0.725   0.184  -0.996  -3.262   1.156   1.940   1.777   1.513   0.115 
  6 A  -0.129  -2.153  -0.231  -2.379  -1.476  -0.383  -2.420  -2.711   0.702   0.709   0.892  -2.175  -0.726   2.922   1.637   0.256  -0.220   1.333   1.889  -1.050 
  7 A   0.171  -3.048   1.103  -0.759  -2.330   0.920  -0.000  -3.254   3.111  -2.351  -1.171  -3.461  -0.455   2.139  -0.455   0.609  -2.088   4.091   3.404  -0.386 
  8 A  -0.755  -0.689  -0.041  -2.443  -2.793   1.475   0.529  -3.234   0.133  -1.433   0.389  -0.068  -2.742   1.675  -1.335   2.009   2.293  -0.628   1.450  -2.381 
  9 A  -6.877  -7.840  -8.258  -8.584  -6.878  -7.850  -8.139  -8.533  -7.283   3.626   3.198  -7.899  -2.345   5.673  -8.389  -7.550  -6.525   3.118  -3.988  -3.275 
