#HLA-A3308

Last position-specific scoring matrix computed       
            A       R       N       D       C       Q       E       G       H       I       L       K       M       F       P       S       T       W       Y       V 
  1 A  -0.513   3.978  -2.779  -6.233  -2.312  -2.315  -5.729  -1.388   1.948   0.501  -2.205   2.675   3.214  -2.898  -6.244   1.051   0.059  -4.315  -1.181  -1.218 
  2 A   0.447  -6.805  -6.819  -7.385  -6.461   0.580  -6.663  -6.503  -6.675   0.411   1.533  -6.570   3.890   2.191  -7.216   0.717   2.723   0.764   1.060   1.444 
  3 A  -0.707  -0.266   0.258  -5.435  -1.678   0.166  -5.051  -3.353   0.393   0.081   1.117   0.618   2.678   3.694  -3.612  -0.943  -2.821   2.494   2.195  -2.189 
  4 A   0.691   0.403   1.164   1.079  -1.019  -2.024  -0.120  -0.600   0.562  -2.294  -1.702  -0.833  -1.820   1.112   1.496   1.320  -1.044   3.075   0.543  -1.491 
  5 A  -1.400   2.571  -1.793  -4.157  -2.072  -0.582  -3.107  -2.482   1.396   0.515   0.312  -0.764   0.044   1.551  -2.592  -0.226   0.174   2.299   2.257   0.771 
  6 A  -1.569   2.171  -0.187  -2.035  -2.559  -0.744  -2.434  -2.898   2.238  -0.694   0.527  -0.062  -0.076   2.112  -0.700   0.422   0.442   0.056   1.568  -0.616 
  7 A   1.327  -3.210  -1.198  -4.062  -0.714  -1.672  -4.964  -4.717   1.099  -1.018  -1.902  -5.050   0.858   4.569  -2.162  -0.629  -0.523   3.910   4.110  -0.556 
  8 A  -0.734  -1.660   0.704  -4.243  -1.695  -0.905  -0.572  -1.249   0.905  -3.899   1.247  -2.246  -1.654   3.249   1.089  -0.176  -0.832  -0.266   4.246  -3.576 
  9 A  -6.601   8.099  -5.590  -6.738  -8.514  -4.141  -5.228  -7.478  -5.496  -8.223  -7.350  -0.522  -6.544  -8.042  -7.143  -5.857  -6.248  -7.506  -6.926  -7.184 
