#HLA-A0290

Last position-specific scoring matrix computed       
            A       R       N       D       C       Q       E       G       H       I       L       K       M       F       P       S       T       W       Y       V 
  1 A  -0.933  -1.683  -2.350  -7.467  -4.747  -4.204  -6.366  -1.892  -3.095  -2.275  -0.339  -0.186   2.334   5.070  -7.605   0.133  -1.768   2.462   4.622  -1.323 
  2 A  -5.874  -7.048  -8.002  -8.379  -6.449   0.088  -7.413  -8.458  -7.485  -0.598   5.474  -7.104   4.691  -4.664  -7.887  -6.253  -2.485  -6.927  -6.205  -1.723 
  3 A   1.778  -6.877  -0.993   0.847  -5.117  -1.167  -5.594  -2.840  -3.349   0.786   0.702  -6.546   4.022   2.543  -0.976   0.675  -1.771   2.559   1.229  -1.768 
  4 A   0.064  -2.599  -0.001   3.964  -2.163  -1.125   3.466  -0.221  -0.603  -6.273  -5.091  -2.525  -3.496  -1.811   2.541   0.801  -1.435   0.989  -0.693  -4.438 
  5 A   0.463  -2.367  -1.480  -0.568  -1.474  -1.713  -0.859   0.481   0.863   0.270   0.023  -2.167  -0.086   0.840  -2.116  -0.292   0.220   3.025   2.981   0.310 
  6 A  -0.046  -6.424  -0.861  -2.010  -1.433  -1.297  -3.096  -1.803  -0.137   1.821   1.960  -5.286  -0.404   1.708  -0.163   0.005   1.052  -0.895   0.928   0.311 
  7 A   0.603  -4.954  -1.007  -1.636  -2.298  -0.314  -1.843  -5.574   1.344  -0.136  -1.594  -5.211   1.134   3.930   1.435  -0.789  -0.032   3.895   3.148  -0.593 
  8 A   0.096  -1.817   0.193  -4.784  -4.255  -0.171   0.526   0.550  -0.724  -4.749   0.162  -1.922  -0.830   2.172   2.969   0.515  -0.275   0.617   3.095  -3.022 
  9 A  -1.018  -7.608  -8.104  -8.360  -6.077  -7.252  -7.662  -8.181  -8.207   2.161   2.048  -7.423  -2.148  -4.939  -7.666  -6.780  -5.232  -7.437  -6.389   5.732 
