#HLA-A0226

Last position-specific scoring matrix computed       
            A       R       N       D       C       Q       E       G       H       I       L       K       M       F       P       S       T       W       Y       V 
  1 A   0.347  -0.274  -3.948  -7.317  -4.253  -3.789  -6.553  -1.090  -2.131  -2.374  -1.501   1.176   1.733   4.856  -7.406   0.432  -2.351   2.177   4.293  -2.172 
  2 A  -5.641  -7.025  -8.021  -8.391  -6.458   0.229  -7.397  -8.461  -7.450  -0.835   5.483  -7.086   5.055  -4.937  -7.901  -6.688  -3.610  -6.911  -6.202  -2.424 
  3 A   1.602  -4.065  -0.971  -4.079  -5.786  -1.797  -6.764  -4.382  -1.336   1.587   1.238  -4.580   3.642   2.972  -3.363   0.204  -2.395   0.119   3.250  -1.451 
  4 A  -0.688  -2.956   0.881   4.050  -1.957  -0.359   3.357  -0.674   0.746  -7.551  -6.712  -2.310  -3.873  -2.499   2.309   1.314  -1.673   0.163  -0.143  -4.041 
  5 A   0.651  -1.090  -1.243  -1.261  -2.532  -1.945  -1.699   1.624   1.852  -1.277  -1.233  -1.130  -0.843   0.120  -1.146   1.087   0.652   2.642   2.974  -0.569 
  6 A  -0.803  -7.084  -2.024  -4.319  -1.982  -2.290  -4.200  -3.659  -1.149   2.617   2.704  -5.440   0.531   1.872  -2.798  -0.306   0.946  -0.163   0.299   0.661 
  7 A   0.884  -4.769   0.258  -1.895  -1.636   0.684  -1.511  -3.315   0.702  -0.809  -1.375  -3.608   1.492   1.305   2.998   1.411   1.865   0.729   0.675  -0.404 
  8 A   0.681  -1.901   0.368  -4.263  -7.149  -0.242  -0.108   1.075   0.236  -4.783  -1.422  -1.982  -2.237   1.140   3.769   1.586  -0.361  -0.377   2.883  -3.094 
  9 A   0.515  -7.565  -8.039  -8.280  -6.066  -7.194  -7.581  -7.948  -8.123   2.375   2.091  -7.343  -2.618  -5.651  -7.572  -6.599  -4.952  -7.447  -6.426   5.453 
