#HLA-A0208

Last position-specific scoring matrix computed       
            A       R       N       D       C       Q       E       G       H       I       L       K       M       F       P       S       T       W       Y       V 
  1 A  -1.705  -2.941  -4.086  -7.676  -6.155  -5.090  -7.062  -4.531  -3.391  -2.444  -1.778  -1.951   3.168   6.172  -7.806   0.714  -2.175   1.343   4.554  -2.852 
  2 A  -2.352  -6.662  -7.100  -7.579  -6.420   2.720  -6.593  -6.900  -7.134   1.392   3.578  -6.492   4.454  -5.563  -7.380  -2.815   2.455  -7.150  -6.361   1.411 
  3 A   3.524  -5.957  -0.643  -3.778  -4.943  -3.577  -6.081  -4.433  -0.821   1.682  -2.249  -5.719   3.646   1.886   1.498   0.948  -1.800  -0.913   0.285  -0.356 
  4 A   0.619  -3.609   0.268   3.937  -1.543  -2.031   3.026  -0.406  -2.392  -6.235  -5.741  -2.160  -3.180  -2.464   2.218   1.822  -1.741   1.269   0.451  -4.107 
  5 A   0.291  -5.139  -0.723  -0.277  -2.043  -2.467  -0.672   0.100   1.261   0.874  -0.494  -2.091  -0.772   1.725  -1.368   0.247   1.186   0.757   2.021   0.474 
  6 A  -0.752  -4.802  -1.783  -3.381  -2.701  -2.431  -3.457  -3.173  -0.853   2.177   2.531  -5.987   0.750   1.982  -2.016   0.422   0.491  -0.158   0.702   0.690 
  7 A   3.159  -4.825   0.208  -0.159  -2.474  -0.267  -1.577  -3.807   1.522  -2.220  -3.634  -5.787  -0.856   2.309   0.778   0.315   1.385   1.905   2.262  -1.092 
  8 A   0.766  -2.444   0.029  -5.686  -4.256  -0.420   0.281   0.311   0.433  -5.044  -0.558  -2.597  -2.390   2.409   3.088   0.761  -0.939  -0.310   3.963  -3.470 
  9 A  -1.238  -7.568  -8.143  -8.410  -6.114  -7.249  -7.692  -8.231  -8.160   1.661   3.087  -7.433  -2.079  -4.842  -7.708  -6.857  -5.311  -7.365  -6.364   5.383 
