#HLA-A0247

Last position-specific scoring matrix computed       
            A       R       N       D       C       Q       E       G       H       I       L       K       M       F       P       S       T       W       Y       V 
  1 A  -1.483  -3.769  -4.653  -7.824  -7.249  -5.183  -7.210  -2.807  -5.000  -1.892  -0.981  -3.119   1.700   6.005  -7.891  -0.116  -2.783   2.740   5.156  -2.051 
  2 A  -5.884  -7.165  -8.111  -8.487  -6.421  -2.330  -7.634  -8.506  -7.570  -0.017   5.442  -7.238   5.089  -4.627  -7.925  -6.710  -2.604  -6.912  -6.196  -1.818 
  3 A   3.312  -5.435   0.140  -1.347  -4.440  -1.227  -5.161  -3.186  -1.205   0.510  -2.078  -4.354   3.251   1.550  -0.263   2.230  -0.715  -1.527   0.856  -1.078 
  4 A   0.508  -3.243  -0.300   3.642  -2.620  -0.543   3.154  -0.175   0.047  -6.507  -5.360  -1.492  -2.387  -2.619   2.219   1.531  -1.107  -0.034  -0.231  -3.354 
  5 A   0.067  -2.464  -1.304  -1.073  -1.830  -1.706  -0.798  -0.436   0.925   0.954   0.448  -1.440   0.044   0.705  -2.112   0.347   0.234   0.598   2.449   1.015 
  6 A  -0.125  -5.672  -1.128  -3.207  -2.216  -1.196  -2.749  -2.855  -1.117   2.063   2.348  -5.937   0.145   1.691  -0.899  -0.436   0.648   0.241   1.154   0.597 
  7 A   2.289  -4.533   0.514   0.098  -2.506   0.390  -0.286  -4.148   1.344  -1.720  -2.851  -5.152  -0.365   2.207   1.114   0.800   1.228   2.556   1.955  -1.309 
  8 A   0.057  -1.069   0.145  -4.520  -3.852   0.530   0.832   0.071   0.435  -4.269  -0.069  -1.434  -1.757   2.053   2.383   0.546  -1.228   0.467   3.730  -3.137 
  9 A  -0.870  -7.535  -8.154  -8.421  -6.160  -7.242  -7.712  -7.659  -8.084   1.894   3.741  -7.421  -1.831  -4.758  -7.723  -6.882  -4.826  -7.298  -6.349   4.743 
