#HLA-A3007

Last position-specific scoring matrix computed       
            A       R       N       D       C       Q       E       G       H       I       L       K       M       F       P       S       T       W       Y       V 
  1 A  -0.367   3.157  -5.317  -6.866  -3.119  -4.475  -5.856  -1.837   1.217   0.161  -0.534   3.231   2.531  -0.241  -6.970   0.782  -1.056  -1.507   1.958  -1.317 
  2 A   0.301  -6.636  -6.452  -7.085  -6.364  -0.060  -6.464  -5.998  -6.695  -0.733   1.141  -6.358   4.999   0.778  -6.989   2.503   3.289  -0.402  -0.386   0.982 
  3 A   1.235  -0.556   0.617  -4.077  -1.851  -1.202  -2.734  -2.092  -0.137   0.763  -0.356  -0.167   2.047   2.330  -7.181   0.971  -3.005   1.830   3.781  -2.942 
  4 A   1.203  -0.924   1.907  -0.190  -2.820  -0.344  -0.505   0.447   0.810  -3.780  -3.898   1.063  -1.365  -0.271   1.079   2.390  -0.112   1.287   0.571  -3.122 
  5 A  -1.176  -0.953   0.554  -0.427  -1.502   0.113  -0.832   1.195   2.184   0.343   0.858  -1.624  -1.662   1.039  -3.799  -0.258  -1.161   2.631   1.097  -0.870 
  6 A  -0.469  -0.699   0.509  -1.327  -3.743  -0.518  -2.464  -1.053  -0.653  -0.081   0.097  -2.925   1.625   1.941   0.603   1.774   1.912   1.892   0.693  -2.163 
  7 A   0.313  -4.092  -2.360  -4.312  -3.065  -2.431  -5.335  -0.719   1.323  -2.346   2.935  -5.365   0.117   3.104   1.079  -0.618  -3.126   2.580   2.903  -2.943 
  8 A   0.002  -0.887  -2.244  -3.683  -2.509  -0.792  -0.091  -0.472  -1.067  -1.513   2.074  -1.137  -2.144   2.483   0.598   1.505  -0.313  -1.859   0.823  -1.892 
  9 A  -6.916  -6.974  -7.273  -8.234  -8.010  -6.482  -7.083  -8.309  -3.519  -6.418  -5.978  -6.981  -5.979  -0.451  -7.831  -6.918  -6.903  -2.980   9.520  -6.443 
