#HLA-A0246

Last position-specific scoring matrix computed       
            A       R       N       D       C       Q       E       G       H       I       L       K       M       F       P       S       T       W       Y       V 
  1 A  -0.532  -1.028  -2.448  -7.346  -6.140  -3.573  -6.219  -2.015  -2.538  -2.597  -1.122   0.486   1.897   4.914  -7.497   0.533  -1.417   2.630   4.775  -1.758 
  2 A  -5.844  -6.890  -7.842  -8.220  -6.486   1.649  -7.133  -8.374  -7.332  -0.758   5.287  -6.910   4.928  -4.466  -7.830  -6.171  -2.476  -6.935  -6.201  -1.341 
  3 A   1.564  -6.962  -1.554  -0.081  -5.111  -1.667  -6.136  -2.877  -3.704   0.915   1.373  -6.270   3.930   2.811  -0.631   0.250  -2.510   2.726   1.489  -1.615 
  4 A  -0.144  -2.973   0.428   4.220  -1.569  -0.808   3.540  -0.336  -0.988  -6.340  -6.011  -2.315  -3.522  -2.661   2.399   0.769  -1.866   0.835  -1.147  -4.470 
  5 A   0.768  -2.356  -1.187  -0.026  -1.857  -1.564  -0.434   0.984   0.943  -0.006  -0.756  -2.148  -0.559   0.485  -2.249  -0.093  -0.065   3.095   3.142   0.031 
  6 A  -0.271  -6.462  -0.803  -2.552  -1.431  -1.547  -2.993  -2.665  -0.246   1.966   2.423  -5.623  -0.261   1.864  -1.089  -0.237   0.800  -0.383   0.879   0.172 
  7 A   0.524  -5.217  -0.998  -1.306  -2.299  -0.227  -1.496  -5.807   1.214  -0.558  -1.490  -4.925   0.773   3.662   2.095  -0.560   0.299   4.094   2.919  -0.525 
  8 A   0.583  -1.817   0.037  -5.028  -4.252   0.126   0.529   0.965  -0.360  -5.260  -0.407  -2.272  -1.128   2.222   2.745   0.561  -0.066  -0.120   3.254  -3.583 
  9 A  -0.985  -7.593  -8.116  -8.373  -6.106  -7.253  -7.683  -8.195  -8.169   2.350   2.615  -7.422  -1.913  -5.195  -7.683  -6.810  -4.729  -7.400  -6.387   5.413 
