#HLA-A2504

Last position-specific scoring matrix computed       
            A       R       N       D       C       Q       E       G       H       I       L       K       M       F       P       S       T       W       Y       V 
  1 A  -3.714  -3.279  -0.951   0.904  -3.935  -1.974   4.333  -6.073   0.926  -3.782  -3.622  -5.097   3.165   2.670  -2.872   1.468   0.133   1.597   3.269  -5.372 
  2 A  -0.258  -6.660  -5.628  -5.939  -6.089  -6.189  -6.464  -6.943  -6.281   0.134  -3.831  -4.038  -4.249  -6.613  -6.608   0.359   6.222  -7.536  -6.698   3.621 
  3 A   1.704  -2.831  -1.420  -7.446  -4.014  -3.965  -5.395  -6.854  -1.715   3.585  -2.770  -4.036   2.400   2.566  -4.386  -0.692  -1.341  -3.190   3.053   1.653 
  4 A   1.030  -0.690   0.753   1.931  -3.166  -0.318   2.174   1.497  -0.161  -5.511  -3.975   0.041  -2.814   0.299   0.280   1.059  -0.475   1.147  -0.735  -3.892 
  5 A   0.040  -0.345   1.331  -0.764  -2.290  -0.429  -2.048   1.323   1.323   0.642  -1.268  -1.923  -1.559   1.155  -0.692   0.374   0.189   1.421  -0.382   0.197 
  6 A  -0.431  -3.488  -0.994  -2.088  -2.972  -2.357  -2.948  -1.253  -2.612   1.748   1.612  -4.107   2.574   0.176  -2.567   0.285   2.701  -1.217   0.166   0.500 
  7 A   1.919  -2.328   0.372  -3.423  -4.083  -1.087  -1.702   1.475   0.917  -1.538   0.764  -2.701   0.192   0.159  -1.442   2.398  -0.166  -0.947  -0.709  -1.617 
  8 A   1.088  -1.007  -2.257  -3.697  -4.119  -1.632   0.039   0.908  -1.552  -2.855  -0.279  -1.346  -3.162  -0.884   3.466   2.935   0.732  -2.013  -2.219  -0.844 
  9 A  -6.858  -7.225  -7.519  -5.662  -7.478  -6.127  -5.307  -7.722  -4.634   0.626  -1.842  -7.229   3.944   4.438  -7.104  -7.032  -6.686  -2.654   7.707  -4.826 
