#HLA-A6603

Last position-specific scoring matrix computed       
            A       R       N       D       C       Q       E       G       H       I       L       K       M       F       P       S       T       W       Y       V 
  1 A  -4.787  -5.511  -1.290   2.328  -6.676  -2.643   6.077  -7.116   1.145  -6.449  -5.578  -5.188   1.927   1.108  -6.737  -0.197  -0.885   0.039   1.839  -6.983 
  2 A  -0.552  -6.915  -6.399  -7.086  -6.076  -5.825  -6.735  -7.211  -7.534   1.630  -2.921  -6.546  -4.075  -6.388  -6.805  -1.195   5.753  -7.525  -6.644   4.182 
  3 A   2.496  -1.391  -2.241  -7.337  -3.588  -6.446  -5.301  -5.264  -0.577   3.580  -3.625  -2.311   1.369   1.619  -3.310  -0.544  -0.515  -4.044   2.057   1.707 
  4 A   0.931   0.134   0.763   2.446  -2.128  -0.067   2.095   1.254  -0.484  -5.539  -5.100   0.667  -2.135  -0.769  -0.110   0.676  -0.307  -0.457  -0.294  -3.422 
  5 A  -0.448  -0.527   0.497  -1.061  -3.773  -0.536  -3.385   0.063   1.728   1.338  -0.821  -2.128  -1.867   1.738   1.050   0.153   0.229   1.434   0.818   0.381 
  6 A  -0.838  -2.216  -1.664  -3.872  -2.447  -2.571  -4.339  -1.826  -1.959   2.284   1.859  -5.007   3.389   1.595  -3.366  -0.094   1.551   0.047   0.689  -0.039 
  7 A   2.932  -2.120  -0.037  -2.828  -3.657  -1.661  -1.597   1.924   1.127  -1.763  -0.968  -3.555  -0.995  -0.578  -0.563   2.580   0.045  -1.969  -0.739  -2.495 
  8 A   1.448  -1.031  -0.592  -4.593  -5.248  -1.309  -0.131   1.119  -0.423  -3.452   0.504  -1.920  -1.737   1.301   3.313   0.634  -1.059  -0.660   0.781  -1.229 
  9 A  -3.342  -0.112  -7.292  -8.036  -7.223  -6.254  -7.002  -8.070  -1.853  -1.468  -0.013  -2.521   5.702   1.959  -7.756  -6.307  -5.987  -4.404   7.185  -1.093 
