#HLA-A0330

Last position-specific scoring matrix computed       
            A       R       N       D       C       Q       E       G       H       I       L       K       M       F       P       S       T       W       Y       V 
  1 A  -0.184   2.766  -4.327  -6.713  -2.778  -3.373  -5.838  -1.267   1.780   0.709  -0.695   2.820   1.942  -2.219  -6.205   1.865   0.716  -3.540  -1.843  -0.227 
  2 A  -2.611  -7.058  -6.765  -7.899  -6.351  -2.129  -7.248  -7.937  -7.431   1.789   4.267  -6.950   4.609  -3.366  -7.537  -0.482   1.465  -7.053  -6.256   0.366 
  3 A   0.581  -4.732  -0.154  -5.603  -5.333  -2.790  -5.055  -4.447   0.272  -2.205   0.396  -3.045   2.251   5.212  -6.816  -0.841  -3.304   1.320   4.798  -3.666 
  4 A   1.186   0.584   1.447  -0.171  -2.547  -1.725  -0.225  -0.111  -0.614  -2.124  -1.775   0.227  -1.003   1.500  -0.128   1.331  -0.137   1.036   1.186  -1.768 
  5 A  -1.248   0.560  -0.585  -2.568  -1.853  -0.023  -2.059  -1.291   0.479   0.238   0.125  -1.105   0.390   0.527  -0.876   1.797  -0.706   3.020   2.586   0.484 
  6 A   0.002  -0.746   0.094  -1.485  -2.513  -0.256  -1.229  -0.959  -0.420  -0.593   0.241  -1.120   1.139   1.937   0.814   0.832   1.380   0.408   0.493  -0.553 
  7 A  -1.132  -3.508  -1.562  -6.716  -2.255  -1.797  -4.524  -2.319  -0.121  -0.015   1.625  -4.001   3.251   3.629   0.790   1.150  -0.612   2.483   0.778  -0.785 
  8 A  -0.907  -0.746   0.661  -3.844  -4.746  -0.266  -0.615  -1.536  -1.274  -2.693   1.509  -0.720  -1.146   3.128   0.998   0.007  -0.570  -0.794   3.421  -2.384 
  9 A  -5.980   1.618  -5.427  -6.001  -8.268  -3.895  -4.462  -6.788  -5.770  -7.795  -7.530   7.576  -6.543  -8.194  -6.247  -5.399  -5.926  -7.697  -3.638  -7.481 
