#HLA-A0126

Last position-specific scoring matrix computed       
            A       R       N       D       C       Q       E       G       H       I       L       K       M       F       P       S       T       W       Y       V 
  1 A   0.163  -1.687  -1.633  -5.768   0.505  -2.504  -2.269  -1.040  -0.556   0.240   1.509  -2.100   2.524   1.745  -4.348   0.420   1.054  -0.364   1.900   0.331 
  2 A   0.203  -6.411  -5.572  -6.349  -6.149  -4.211  -6.063  -5.552  -6.824  -0.611  -0.410  -5.978  -1.333  -6.202  -6.381   4.498   5.571  -7.515  -6.740  -0.064 
  3 A   1.376  -6.399  -0.035   5.721  -4.324  -1.660   1.773  -1.891  -5.319  -3.266  -4.277  -5.712  -1.971  -3.434  -6.000   1.968  -1.013  -3.687  -1.443  -4.474 
  4 A   0.936  -0.513   0.391  -0.168  -2.288   0.731   0.421  -0.387   0.385  -1.018  -0.980   0.189  -0.587  -0.438   0.015   1.493   0.633   1.762  -0.716  -1.012 
  5 A  -0.733  -1.895   0.315   0.318  -2.067   0.867   0.391  -0.005  -0.908   0.454   0.418  -1.384   0.385   0.339  -1.474   0.324   0.409   1.776   0.777  -0.157 
  6 A   0.460  -1.983   0.702  -1.010  -2.753   0.333  -0.868  -0.398  -0.915  -0.999   0.655  -1.665   0.627  -0.336   0.387   1.544   2.088  -0.430   0.223  -1.104 
  7 A  -0.464  -2.601  -0.978  -0.503  -3.396   0.026   0.186  -0.206   0.184  -1.013   2.467  -4.023   0.448   1.848  -1.390   0.086  -0.946   1.789   0.635  -1.382 
  8 A  -0.854  -0.074  -1.070  -1.197  -3.768  -0.095   0.784  -2.929  -4.028  -0.900   2.256  -1.250   0.611   1.873   0.362  -0.417  -0.170   0.900   0.749  -0.649 
  9 A  -6.545  -6.939  -7.245  -8.207  -7.982  -6.436  -7.053  -8.289  -2.212  -6.068  -6.141  -6.505  -1.450  -1.445  -7.809  -6.893  -6.876  -3.012   9.493  -6.111 
