#HLA-A0245

Last position-specific scoring matrix computed       
            A       R       N       D       C       Q       E       G       H       I       L       K       M       F       P       S       T       W       Y       V 
  1 A  -0.489  -0.886  -2.444  -7.325  -6.132  -4.435  -6.206  -2.233  -2.554  -2.689  -1.271   0.665   2.279   4.971  -7.481   0.710  -1.412   2.626   4.555  -1.886 
  2 A  -5.586  -6.903  -7.827  -8.213  -6.474   1.478  -7.152  -8.359  -7.349  -0.664   5.262  -6.919   4.910  -5.040  -7.814  -6.141  -1.760  -6.949  -6.223  -1.180 
  3 A   1.701  -6.948  -1.350   0.539  -5.114  -1.934  -6.465  -2.586  -3.365   0.798   1.301  -6.244   3.771   2.724  -0.984   0.450  -2.503   2.562   1.387  -1.816 
  4 A   0.099  -3.115   0.329   4.175  -1.387  -0.624   3.457  -0.497  -0.992  -6.671  -6.001  -2.415  -3.517  -2.531   2.429   0.996  -1.591   0.678  -1.393  -4.457 
  5 A   0.744  -2.245  -1.186  -0.173  -1.664  -1.827  -0.546   1.133   1.080   0.097  -0.998  -1.886  -0.224   0.616  -1.968   0.081  -0.272   2.952   3.034  -0.073 
  6 A  -0.235  -6.476  -1.127  -3.212  -1.999  -1.430  -3.142  -2.857  -0.472   1.971   2.513  -5.641   0.055   2.007  -0.995  -0.338   0.724  -0.379   0.883   0.241 
  7 A   0.745  -5.200  -0.619  -1.224  -2.536  -0.384  -1.413  -5.520   1.081  -0.839  -1.247  -4.677   0.991   3.629   2.064  -0.445   0.515   3.495   2.796  -0.695 
  8 A   0.582  -1.816   0.091  -5.020  -4.257   0.128   0.645   0.726  -0.356  -5.263  -0.497  -2.270  -1.279   2.274   2.872   0.664  -0.497   0.087   3.356  -3.362 
  9 A  -0.578  -7.587  -8.098  -8.352  -6.086  -7.239  -7.652  -8.133  -8.175   2.169   2.421  -7.405  -2.576  -5.588  -7.652  -6.753  -4.970  -7.426  -6.406   5.539 
