#HLA-A3204

Last position-specific scoring matrix computed       
            A       R       N       D       C       Q       E       G       H       I       L       K       M       F       P       S       T       W       Y       V 
  1 A  -1.622   4.721  -5.751  -6.501  -3.983  -3.885  -5.188  -2.335  -0.257  -1.595  -3.107   5.305   0.944  -2.231  -6.719  -1.220  -2.902  -2.937  -1.739  -3.434 
  2 A  -1.392  -6.767  -6.813  -7.390  -6.330   0.064  -6.742  -7.462  -7.146   1.428   3.277  -6.553   4.689  -4.153  -7.192   1.236   3.168  -7.142  -5.722   0.168 
  3 A   0.111  -3.202   0.344  -5.234  -4.242  -2.576  -4.770  -2.652  -0.634  -0.288  -0.104  -4.602   2.056   4.109  -7.575  -0.075  -3.952   2.295   5.616  -2.887 
  4 A   1.167  -1.015   1.960   0.760  -3.838  -0.890   0.773   0.249  -0.153  -3.882  -2.753   0.569  -2.274   0.943   1.120   1.552  -0.576   1.293   0.651  -3.019 
  5 A  -1.465  -0.279   0.465  -1.037  -3.424   0.320  -1.604   0.878   1.066  -0.644   0.362  -1.384  -0.908   1.735  -2.256   1.241  -0.100   2.190   0.364   0.185 
  6 A   0.552  -1.648   0.167  -1.319  -3.317   0.180  -2.666  -1.920  -1.372   0.021  -0.008  -3.582   0.113   0.857   0.206   1.975   2.986  -0.934   0.019  -0.285 
  7 A  -1.221  -2.397  -1.741  -4.189  -2.481  -1.893  -1.631  -1.686   0.762  -0.586   2.714  -3.938   1.465   1.927  -0.991   1.034  -0.488  -0.142   1.653   0.230 
  8 A   0.043   0.329  -1.052  -3.074  -3.393  -0.292   0.052   0.094  -0.416  -2.160  -0.152  -0.442  -2.836   0.910   1.771   2.768   1.181  -0.208  -0.699  -1.741 
  9 A  -6.901  -7.289  -7.557  -8.319  -7.581  -6.925  -7.422  -8.374  -3.953   1.536  -1.745  -7.291  -1.807   3.880  -8.019  -7.104  -6.748  -3.018   8.263  -4.164 
