#HLA-A3020

Last position-specific scoring matrix computed       
            A       R       N       D       C       Q       E       G       H       I       L       K       M       F       P       S       T       W       Y       V 
  1 A  -0.613   5.446  -5.603  -6.426  -5.606  -3.557  -5.134  -4.115   1.356  -3.122  -3.492   4.715   0.935  -7.540  -6.671   0.570  -2.604  -7.537  -6.599  -4.286 
  2 A   2.259  -6.608  -3.700  -6.708  -6.137  -1.343  -6.256  -3.455  -5.280  -0.090  -3.632  -5.835   0.389  -2.460  -6.589   2.852   4.448  -3.572  -2.219   2.816 
  3 A  -4.444   6.412  -3.522  -6.584  -8.168  -4.036  -5.178  -7.263   0.983  -5.390  -2.897   4.355  -0.899  -0.140  -6.936  -4.735  -6.178  -7.065  -1.043  -6.409 
  4 A   1.948   1.571   0.414  -1.625  -2.510   0.237  -1.307  -3.292   0.118  -1.534  -0.586   0.918  -0.683  -0.292   0.778  -0.321   0.741  -1.939   0.700  -0.051 
  5 A   0.571   2.007  -0.105  -3.984  -3.064  -1.251  -4.331  -1.036   2.091  -1.131  -0.986  -0.140  -0.949   0.590   0.326   1.759   1.422  -0.420   0.333   0.046 
  6 A  -0.776   1.881   0.904  -4.164  -2.299  -0.558  -2.223  -1.819   1.145  -0.086   0.001   0.028  -1.199   1.418   0.061   1.490   0.010   1.176   0.926  -0.572 
  7 A   1.039  -0.905   0.326  -5.290  -2.752  -1.724  -3.772  -2.572   0.452   0.029   0.920  -2.138   0.728   1.922   2.352   0.854   0.239   0.898   1.103  -0.965 
  8 A   0.503  -1.170  -0.030  -3.471  -3.065  -0.791  -0.606  -1.947  -0.632  -0.513   0.087  -1.854  -1.859   2.577   1.570   1.855  -0.520  -0.600   2.221  -0.362 
  9 A   1.846  -3.764  -5.239  -6.492  -7.144  -4.687  -5.165  -4.860  -4.004  -1.255  -0.505   6.317   0.084  -5.244  -6.459  -3.155  -4.583  -7.509  -3.064  -0.101 
