#HLA-A0257

Last position-specific scoring matrix computed       
            A       R       N       D       C       Q       E       G       H       I       L       K       M       F       P       S       T       W       Y       V 
  1 A  -0.607  -0.045  -3.742  -7.329  -4.741  -5.052  -6.491  -3.248  -3.711  -1.460  -0.824   1.845   2.540   4.267  -7.372   0.194  -1.102   1.159   4.715  -1.060 
  2 A  -3.068  -6.364  -6.984  -7.446  -6.559   4.139  -6.204  -6.521  -6.822  -0.352   3.780  -6.213   4.990  -4.120  -7.391  -3.071   1.715  -2.885  -5.120   0.523 
  3 A   1.222  -7.121  -2.829  -3.142  -5.800  -2.456  -6.944  -3.241  -3.440   1.490   1.678  -6.862   4.084   3.163   1.470  -1.074  -2.795   3.296   0.817  -1.336 
  4 A   0.094  -3.455   0.519   4.271  -1.755  -1.040   3.064  -0.539  -0.999  -6.783  -7.060  -2.874  -4.803  -2.955   3.405   0.866  -2.377   2.150  -1.264  -5.450 
  5 A   1.202  -2.366  -0.384  -0.797  -0.990  -2.135  -1.254   0.278   1.461   0.135  -1.378  -2.654  -0.947   1.249  -1.367   0.253   0.272   3.231   2.987  -0.032 
  6 A  -1.191  -5.350  -1.036  -2.568  -2.735  -1.690  -4.318  -2.962  -0.129   1.868   2.217  -5.103  -1.148   2.897  -0.907   0.420   0.178   0.265   1.629   0.253 
  7 A   1.412  -5.170   0.224  -1.958  -2.562   0.354  -1.638  -5.973   2.553  -1.384  -4.009  -6.011  -0.467   3.636   1.893  -1.465  -0.581   4.675   3.616  -0.920 
  8 A   0.222  -1.913   0.547  -4.517  -5.404  -0.583   0.529   0.403   0.447  -4.908  -0.931  -2.475  -2.413   2.244   2.872   0.695  -0.277  -0.532   4.284  -4.135 
  9 A  -3.086  -7.617  -8.185  -8.454  -6.154  -7.313  -7.773  -8.400  -8.173   2.320   3.030  -7.496  -1.516  -2.804  -7.787  -6.552  -5.340  -7.305  -6.262   5.296 
