#HLA-A4301

Last position-specific scoring matrix computed       
            A       R       N       D       C       Q       E       G       H       I       L       K       M       F       P       S       T       W       Y       V 
  1 A  -4.245  -6.012  -0.994   1.139  -5.599  -2.251   3.764  -6.894   0.305  -4.658  -2.858  -6.008   2.203   4.304  -5.034   0.521  -0.906   1.968   4.335  -6.123 
  2 A  -0.293  -6.030  -6.597  -7.228  -6.123  -5.363  -6.822  -7.279  -7.512   2.075  -0.025  -5.556  -0.628  -5.031  -6.935  -0.028   4.931  -7.453  -6.559   3.838 
  3 A   2.704  -3.392  -1.803  -6.331  -2.913  -3.939  -5.043  -5.992  -2.604   3.740  -3.331  -3.244   1.251   1.217  -3.306  -0.594  -0.688  -5.070   1.886   2.006 
  4 A   0.706  -0.383   1.003   1.726  -3.165   0.585   1.699   1.620  -0.267  -5.218  -3.410   0.443  -2.104  -0.302  -0.115   1.087  -0.359   1.145  -0.853  -3.084 
  5 A  -0.360  -0.824   1.220  -1.167  -2.536  -0.789  -1.699   0.805   2.088   0.102  -0.382  -2.111  -0.799   1.544  -0.529   0.691   0.187   1.667   0.290  -0.076 
  6 A  -0.739  -4.522  -2.330  -4.063  -4.033  -2.577  -4.565  -0.817  -1.596   1.799   1.974  -5.916   3.678   1.334  -2.954  -0.220   2.074  -0.381   0.922   0.083 
  7 A   2.414  -2.224   0.564  -2.716  -2.233  -0.338  -1.228   2.039  -0.004  -1.839   0.233  -3.034  -0.570  -0.695  -1.023   1.726  -0.282  -0.689  -0.643  -1.582 
  8 A   1.218  -0.388  -1.017  -3.577  -3.763  -1.395   0.372   1.192  -0.907  -3.247   0.412  -1.097  -2.569   1.126   2.011   1.427  -0.473   0.220   1.122  -1.564 
  9 A  -6.875  -7.082  -7.425  -7.496  -7.639  -6.626  -5.895  -8.245  -4.250  -5.217  -3.885  -7.116   4.665   4.115  -7.072  -6.948  -6.762  -3.582   8.305  -5.952 
