#HLA-A7406

Last position-specific scoring matrix computed       
            A       R       N       D       C       Q       E       G       H       I       L       K       M       F       P       S       T       W       Y       V 
  1 A  -0.593   2.249  -2.157  -6.739  -3.075  -1.931  -5.243  -2.500   2.448  -0.252  -1.315   2.430   4.706  -0.401  -6.286   1.110   0.927  -1.562  -1.111  -0.711 
  2 A  -1.320  -6.987  -7.262  -7.764  -6.308  -2.423  -6.620  -7.740  -7.359   1.290   3.833  -6.841   5.097  -4.019  -7.414  -0.160   2.008  -7.088  -6.304   1.019 
  3 A   1.205  -3.588   2.157  -4.495  -3.378  -1.751  -5.729  -3.987  -0.858  -0.611   0.294  -2.200   3.102   3.859  -3.573   0.743  -2.065   0.487   2.911  -1.924 
  4 A   1.790  -0.506   0.707   0.868  -1.155  -2.540  -0.040   0.172  -0.397  -3.336  -1.507  -1.581  -0.272   1.436   0.666   0.917  -0.593   2.936   0.973  -1.776 
  5 A  -1.670   1.321  -1.906  -2.755  -0.715  -0.619  -3.144  -1.000   0.711   0.358   0.327  -2.094  -0.872   1.495  -0.801   0.442   0.131   3.025   2.724   0.896 
  6 A  -1.086  -0.284  -0.568  -1.341  -2.041  -0.260  -2.145  -1.636   1.192  -0.269   0.404  -1.921   0.124   1.486   0.315   1.496   1.886   0.222   0.422   0.340 
  7 A   1.158  -5.038  -2.609  -6.337  -2.035  -2.782  -4.122  -5.576   0.387  -0.767  -0.725  -5.363   2.506   4.715  -2.456   0.134   0.862   3.324   3.033  -0.518 
  8 A   0.360  -1.037   0.069  -4.478  -2.557  -0.619  -0.930  -0.470  -0.225  -5.393   0.635  -2.424  -1.687   3.265   0.362   0.384  -0.631   0.513   4.334  -2.524 
  9 A  -5.919   7.611  -5.592  -6.198  -8.444  -4.139  -5.128  -7.370  -4.903  -8.071  -6.484   2.893  -4.540  -7.761  -7.001  -5.798  -6.205  -7.366  -1.818  -7.549 
