#HLA-A2425

Last position-specific scoring matrix computed       
            A       R       N       D       C       Q       E       G       H       I       L       K       M       F       P       S       T       W       Y       V 
  1 A  -2.220   2.473  -1.378  -5.057   0.282  -2.313  -5.112  -3.120   0.514   0.668  -0.246   2.106   0.293   0.565  -2.915   0.696  -0.738   1.089   4.033  -1.646 
  2 A  -6.605  -6.467  -6.158  -8.189  -7.975  -4.605  -7.106  -8.227  -3.840  -6.321  -5.828  -3.815  -5.893   3.041  -7.038  -6.498  -6.418   2.729   8.995  -6.131 
  3 A  -1.693  -2.614  -0.908  -2.970  -1.674   2.876  -2.230  -0.715   0.297   1.718   0.528  -0.259   0.965   2.044  -0.801  -0.751  -1.721   1.687   1.743  -0.611 
  4 A   0.261   0.307   1.650   0.044  -3.146  -0.109   0.468  -1.232   0.726  -1.542  -2.445   0.648  -1.323   0.518   2.391   1.270  -0.768   2.267  -0.227  -1.861 
  5 A  -0.554   0.114   0.935  -1.559  -1.291  -1.806  -0.608  -1.123  -1.199   1.430  -0.601  -1.604  -0.395   0.103  -4.016   0.791   1.199   1.888   1.428   1.203 
  6 A  -0.285  -2.507  -1.348  -1.729  -1.856  -1.163  -2.340  -2.389   0.289   0.655   0.972  -2.207  -1.125   3.519   1.595  -0.378  -0.234   1.083   2.430  -1.251 
  7 A  -0.248  -3.199   0.854  -0.843  -2.579   0.688  -0.637  -3.634   2.717  -2.319  -0.696  -2.230  -0.939   2.672  -1.178   0.489  -2.102   4.332   3.734  -0.339 
  8 A  -1.401  -0.582  -0.046  -1.954  -1.858   1.466   0.149  -2.573   0.222  -1.130   0.570  -0.560  -2.983   2.025  -2.077   1.980   2.061  -0.379   1.458  -2.004 
  9 A  -6.952  -7.838  -8.114  -5.745  -7.030  -6.894  -4.539  -7.845  -7.081   3.293   2.410  -7.888  -2.966   6.271  -8.442  -7.491  -6.614   3.688  -3.374  -3.551 
