#HLA-A2905

Last position-specific scoring matrix computed       
            A       R       N       D       C       Q       E       G       H       I       L       K       M       F       P       S       T       W       Y       V 
  1 A  -0.900  -1.246  -3.112  -6.600  -2.239  -4.026  -5.131  -2.372   1.266   0.660   0.601  -0.696   3.715   2.121  -7.216   2.082   0.548   0.280   2.702  -0.135 
  2 A  -0.264  -6.911  -6.159  -7.283  -6.185  -3.379  -6.797  -6.852  -7.304   1.103   1.258  -6.617   3.203  -1.967  -7.033   1.320   3.921  -7.238  -4.728   3.349 
  3 A   1.470  -1.759   0.368  -3.134  -2.494  -1.479  -4.161  -3.484  -3.145   1.412  -1.202  -1.593   2.925   3.065  -7.212   1.121  -1.765  -0.512   3.953  -1.843 
  4 A   0.841  -0.166   2.128  -0.702  -3.105  -0.527  -1.587  -0.658   1.226  -3.575  -2.652   0.677  -1.176   1.140   0.152   2.518   0.872   1.424   0.541  -3.282 
  5 A  -0.925   0.609   0.993  -1.242  -2.316   0.524  -1.837   0.397   2.618  -1.021   0.569  -1.154  -0.535   1.387  -2.258   0.715  -0.931   2.191   0.701  -0.910 
  6 A  -0.263   0.867   0.794  -2.495  -5.948  -0.325  -2.784  -0.203  -0.528  -1.152  -0.480  -2.508   0.838   1.810   0.005   1.882   2.686   1.303  -0.275  -2.299 
  7 A   0.494  -3.301  -0.483  -4.345  -2.748  -0.742  -3.199   0.512   1.059  -1.350   2.697  -4.671   1.384   1.224  -0.885   1.171  -1.212   0.430   1.813  -3.128 
  8 A   0.519  -0.023  -0.896  -3.330  -3.075  -0.330   0.239  -1.897  -0.639  -2.760   1.862  -1.669  -1.280   2.346   1.054   1.152  -0.922  -1.477   1.780  -1.860 
  9 A  -6.907  -6.954  -7.259  -8.227  -8.021  -6.450  -7.063  -8.310  -3.478  -6.450  -6.230  -6.956  -6.005  -2.214  -7.811  -6.906  -6.898  -2.954   9.583  -6.456 
