#HLA-A0324

Last position-specific scoring matrix computed       
            A       R       N       D       C       Q       E       G       H       I       L       K       M       F       P       S       T       W       Y       V 
  1 A  -3.076  -2.399  -1.080  -4.877  -3.364  -2.178  -0.659  -4.898   3.960   0.011  -0.791  -2.708   5.805   1.203  -4.965   2.159   1.864  -2.756   0.595  -2.156 
  2 A  -0.456  -7.069  -6.999  -7.518  -6.226  -5.454  -5.456  -7.521  -7.497   2.609   2.901  -6.809   2.283  -4.994  -7.205   0.386   3.389  -7.283  -6.452   2.181 
  3 A   1.191  -4.273  -0.267  -6.308  -5.295  -2.982  -6.348  -5.559  -1.360  -1.745  -1.026  -3.877   2.192   5.166  -4.777   0.682  -2.695   1.449   5.027  -3.806 
  4 A   1.356   0.000   0.968   0.655  -3.436  -1.735   0.020  -0.593  -0.368  -2.550  -2.007  -0.358   0.229   2.150  -1.132   1.358   0.151   1.322   1.981  -3.108 
  5 A  -2.034   1.972  -0.952  -3.713  -2.292  -0.580  -3.075  -2.064   1.455   0.735  -0.745  -0.661   0.017   1.160  -0.226   1.526  -0.356   2.381   1.902   0.940 
  6 A  -0.509   1.503   1.118  -2.055  -3.777   0.291  -1.721  -2.223  -0.286  -0.698  -0.373  -0.280  -1.225   1.083   0.201   1.565   2.180   1.299   0.262  -1.455 
  7 A   0.123  -2.164  -0.395  -4.498  -2.231  -2.487  -3.623  -1.321   0.180   0.046   0.444  -4.398   3.265   2.458   0.250   2.666   0.266   0.587   0.092  -0.766 
  8 A   0.486  -0.441   0.671  -3.786  -4.221  -0.333  -0.430  -1.059  -1.300  -3.294   0.921  -0.867  -1.686   2.621   2.470   0.475  -0.492  -3.268   2.498  -2.346 
  9 A  -6.057   3.089  -5.488  -5.412  -8.278  -3.982  -4.583  -6.883  -5.627  -7.770  -7.460   7.215  -6.526  -7.544  -5.339  -5.479  -5.982  -7.284   0.643  -7.451 
