#HLA-A2911

Last position-specific scoring matrix computed       
            A       R       N       D       C       Q       E       G       H       I       L       K       M       F       P       S       T       W       Y       V 
  1 A  -1.950  -2.282  -3.766  -5.285  -0.979  -4.468  -3.926  -2.601   1.010   0.953   0.954  -1.802   3.748   3.037  -7.449   0.384   0.558  -0.276   3.750  -0.416 
  2 A   0.768  -6.896  -6.167  -7.291  -5.505  -3.382  -6.785  -5.549  -6.972   0.157   1.392  -6.626   3.784   2.120  -7.081   1.400   3.510  -3.391  -1.556   1.816 
  3 A   1.820  -5.592   0.310  -2.405   0.506  -1.523  -4.222  -2.397  -3.276   1.318   0.325  -4.537   2.160   2.645  -5.437   1.093  -1.847   1.081   2.853  -0.799 
  4 A   1.022  -0.779   0.727  -0.218  -3.413  -1.140  -0.772   0.615  -0.283  -3.308  -2.075  -0.307  -1.839   0.828   1.662   2.639   0.483   1.541   0.521  -2.607 
  5 A  -1.336  -1.670   1.050  -0.984  -1.003  -0.050  -1.120   0.651   1.129   0.823   0.902  -2.545   0.040   1.629  -3.578  -0.129  -1.379   2.866   0.700  -0.073 
  6 A  -0.388  -0.637   0.512  -1.253  -4.630  -0.894  -2.814  -1.050  -0.308  -0.436  -0.060  -2.592   0.855   2.401   0.064   1.706   2.334   1.438   0.306  -1.414 
  7 A   0.041  -4.819  -3.140  -3.620  -3.073  -2.135  -4.192  -1.778   0.022  -1.216   2.597  -5.463   1.278   3.854  -0.929  -2.584  -3.317   2.761   3.852  -1.509 
  8 A   0.216  -1.099  -1.420  -3.068  -3.066  -0.516   0.474  -1.136  -2.069  -2.167   2.272  -1.482  -0.565   2.603   0.482   0.734  -1.370  -1.840   1.269  -1.295 
  9 A  -6.908  -6.956  -7.261  -8.228  -8.019  -6.454  -7.065  -8.310  -3.483  -6.446  -6.224  -6.960  -6.002  -1.886  -7.814  -6.908  -6.898  -2.957   9.575  -6.455 
