#HLA-A0113

Last position-specific scoring matrix computed       
            A       R       N       D       C       Q       E       G       H       I       L       K       M       F       P       S       T       W       Y       V 
  1 A   0.630  -0.568  -1.400  -6.425  -0.069  -2.439  -3.302  -1.445  -0.697  -0.126   1.518  -0.780   3.082   0.353  -6.356   1.882   1.304  -2.346  -0.499   0.296 
  2 A  -0.672  -6.244  -5.235  -6.064  -6.146  -5.661  -5.838  -6.176  -6.643  -2.279  -2.987  -5.781  -1.588  -7.035  -6.196   5.245   5.974  -7.574  -6.821  -1.800 
  3 A   1.520  -6.404   0.037   5.929  -6.255  -1.549   0.769  -3.350  -3.879  -5.160  -5.059  -5.734  -0.373  -2.046  -5.988   2.454  -1.704  -2.063  -2.159  -5.992 
  4 A   1.506  -0.601  -0.184  -0.654  -3.041  -2.059  -1.138  -2.130  -0.532  -0.350  -0.039   0.156   0.926   1.246  -0.849   1.377   0.709   1.431   0.736  -0.852 
  5 A  -0.443  -1.300  -0.395  -2.117  -2.768   0.963  -0.591  -2.355  -0.665   0.605   0.638  -1.062   0.811   1.772  -0.221   0.718   1.025   1.434   0.289   0.177 
  6 A   0.372   0.007   1.513  -2.131  -2.504   0.284  -1.402  -1.459  -0.185  -2.024   0.468  -0.714  -1.532   0.356   0.331   2.039   2.045  -0.944  -0.072  -1.407 
  7 A  -0.453  -4.704  -1.257  -2.413  -3.347  -1.171  -2.584  -1.253  -0.448  -0.092   2.372  -4.756   1.069   2.701  -1.085   1.248   0.137   2.297   0.911  -0.969 
  8 A  -1.263  -1.182  -0.514  -4.151  -2.515  -0.287  -0.588  -3.630  -2.694  -1.847   3.132  -1.740  -0.738   2.031  -0.316  -0.763  -0.080  -2.160   3.257  -1.576 
  9 A  -6.238  -1.056  -5.903  -6.541  -8.175  -4.515  -5.071  -7.187  -2.686  -7.263  -7.032   6.533  -5.574  -4.751  -6.653  -5.804  -6.206  -5.196   6.447  -7.096 
