#HLA-A0287

Last position-specific scoring matrix computed       
            A       R       N       D       C       Q       E       G       H       I       L       K       M       F       P       S       T       W       Y       V 
  1 A  -2.193  -1.104  -4.874  -7.675  -3.885  -4.912  -6.852  -3.558  -3.031  -1.593  -0.764   1.034   1.750   5.545  -7.745  -1.467  -2.546   2.483   5.118  -2.866 
  2 A  -4.263  -7.123  -7.908  -8.317  -6.405  -2.157  -7.512  -8.329  -7.510   0.408   5.190  -7.147   5.033  -4.438  -7.814  -3.469  -0.967  -5.276  -5.597  -1.298 
  3 A   1.210  -5.955  -1.354  -0.609  -4.577   0.128  -5.385  -1.976  -3.033   0.931   0.865  -5.833   3.770   2.991  -2.141   0.483  -1.698   2.883   1.767  -1.404 
  4 A   1.231  -2.489   1.012   3.136  -2.350  -0.408   2.417  -0.206  -0.269  -5.533  -4.582  -2.356  -3.434  -0.705   2.485   1.264  -1.107   1.518  -1.091  -3.313 
  5 A   0.539  -3.019  -0.318   0.160  -0.562  -2.309  -0.918   0.829  -0.316   0.667  -0.956  -3.872   0.102  -0.226  -3.759   0.690   0.152   2.547   1.873   1.606 
  6 A   0.277  -6.361  -0.575  -1.039  -2.704  -0.324  -2.678  -4.115  -1.430   1.614   2.566  -4.983  -0.999   0.613   0.239  -0.219   0.881  -1.916   0.178   0.665 
  7 A  -0.048  -5.817  -0.607  -0.560  -2.582   0.424  -0.127  -5.562   1.912  -2.336  -1.577  -5.393  -0.019   3.997   1.352  -0.567  -0.141   4.942   3.020  -1.280 
  8 A  -0.795  -1.116   0.709  -3.980  -6.122   0.424   1.014   0.674   0.328  -3.126  -0.727  -0.834  -2.174   1.452   1.498   1.638   1.411   0.244   2.273  -2.666 
  9 A  -5.984  -7.888  -8.345  -8.485  -6.334  -7.586  -8.112  -8.708  -8.183   5.707   2.620  -7.649  -2.212  -3.537  -7.948  -7.389  -5.883  -3.564  -6.293   2.621 
