#HLA-A2914

Last position-specific scoring matrix computed       
            A       R       N       D       C       Q       E       G       H       I       L       K       M       F       P       S       T       W       Y       V 
  1 A  -0.431   1.499  -5.021  -6.430  -3.065  -4.014  -5.696  -1.520   2.447   0.791  -0.362   2.415   3.758  -0.237  -7.012   1.269   0.106  -1.202   0.968  -0.471 
  2 A   0.470  -6.616  -6.224  -6.899  -6.282  -0.818  -6.387  -6.498  -6.775  -0.236  -0.040  -6.284   3.951   0.532  -6.810   2.750   4.367  -3.453  -1.134   1.492 
  3 A   0.996  -4.962   0.860  -2.756  -0.841  -1.788  -4.453  -2.775  -1.793  -0.074   0.476  -3.828   2.467   4.062  -6.626   0.861  -2.296   1.505   3.516  -2.487 
  4 A   1.223  -0.723   1.129  -0.024  -2.285  -1.890  -0.971   0.080  -0.510  -2.745  -1.987  -0.464  -0.277   1.219   0.777   2.530   0.034   2.622   0.403  -2.337 
  5 A  -1.283  -0.640   0.760  -1.676  -2.537   0.615  -2.178  -0.090   1.330   0.853   0.772  -2.414   0.409   1.415  -3.144   0.331  -1.293   3.289   1.560   0.067 
  6 A  -0.311   0.215   0.652  -2.003  -4.156  -0.505  -3.333  -1.938   0.860  -0.803  -0.090  -2.350   1.263   2.023   0.256   1.958   1.915   1.182   0.823  -1.265 
  7 A  -0.437  -5.432  -3.702  -4.639  -3.771  -3.056  -5.472  -2.898   0.787  -1.450   2.351  -6.190   1.146   4.519  -0.845  -2.020  -2.086   3.455   3.631  -1.352 
  8 A  -1.159  -0.970  -0.857  -3.408  -3.102  -1.012  -0.014  -2.575  -1.305  -2.408   2.345  -1.734  -1.078   3.260   0.583  -0.150  -0.828  -1.071   3.250  -2.098 
  9 A  -6.759   2.624  -6.746  -7.682  -8.106  -5.676  -6.381  -7.995  -3.863  -6.749  -6.465   1.306  -6.120  -2.470  -7.519  -6.559  -6.691  -3.560   8.802  -6.681 
