#HLA-A6803

Last position-specific scoring matrix computed       
            A       R       N       D       C       Q       E       G       H       I       L       K       M       F       P       S       T       W       Y       V 
  1 A  -6.140  -6.137   0.851   0.245  -3.191  -2.433   4.235  -6.444   3.080  -2.652  -2.773  -5.710   4.919   1.974  -7.026  -0.412   1.394  -0.363   1.662  -4.138 
  2 A   1.904  -6.780  -6.268  -6.911  -6.080  -4.789  -6.513  -6.079  -7.229   1.566  -1.232  -6.361  -0.346  -4.354  -6.662   1.785   5.040  -7.475  -6.607   2.739 
  3 A   2.496  -5.220   0.691  -5.649  -2.442  -1.638  -4.012  -4.710  -2.743   1.405  -2.359  -3.470   2.417   3.916  -4.017   1.285  -0.396  -2.185   1.515  -0.229 
  4 A   0.267  -0.011   0.548   1.476  -3.459  -2.032  -0.368  -0.043  -0.621  -3.301  -2.052  -0.957  -0.889   1.865   1.066   1.876   0.740   2.937   1.038  -3.278 
  5 A  -0.447  -0.856  -0.357  -2.385  -2.028  -0.221  -2.430  -2.000  -0.329   1.960   0.080  -3.003  -1.115   1.726  -0.383   0.337   0.456   1.676   1.155   1.421 
  6 A  -0.102   1.216   0.218  -0.898  -4.648   0.766  -1.334  -2.846   0.707  -0.499   0.116  -1.685   0.386   1.309  -1.046   0.967   1.808  -0.411   0.124   0.077 
  7 A   2.373  -4.212  -1.123  -2.147  -0.958  -2.669  -2.011  -0.387   1.071  -0.837  -2.412  -5.371   1.250   2.794  -2.226   1.243   0.817   0.928   2.341   0.045 
  8 A   1.095  -1.642   0.426  -4.200  -2.796  -0.183   0.230  -1.278  -0.997  -3.698   1.474  -1.704  -0.875   2.787   0.650  -0.642  -0.282  -0.817   3.080  -2.538 
  9 A  -6.551   7.896  -5.578  -6.676  -8.498  -4.122  -5.163  -7.420  -5.510  -8.201  -7.366   1.716  -6.546  -8.028  -7.065  -5.821  -6.224  -7.504  -5.555  -7.619 
