#HLA-A0234

Last position-specific scoring matrix computed       
            A       R       N       D       C       Q       E       G       H       I       L       K       M       F       P       S       T       W       Y       V 
  1 A   0.432  -1.416  -3.233  -7.455  -4.698  -5.296  -6.762  -1.939  -3.467  -2.036  -0.307   0.327   2.627   4.967  -7.492   0.065  -1.845   1.875   4.053  -1.306 
  2 A  -4.955  -7.074  -7.980  -8.357  -6.426  -0.454  -7.439  -8.411  -7.483   0.288   5.196  -7.106   5.234  -4.993  -7.861  -6.202  -2.247  -6.943  -6.218  -0.763 
  3 A   2.202  -6.948  -1.460  -0.501  -5.758  -2.081  -6.567  -2.750  -3.701   0.571   1.139  -6.653   4.099   2.810  -1.861   0.382  -2.272   3.025   1.394  -1.624 
  4 A   0.901  -2.614  -0.569   3.861  -1.540  -0.743   3.090  -0.580  -1.301  -5.852  -4.500  -2.871  -3.459  -1.707   2.428   1.177  -0.973   1.129  -1.011  -3.679 
  5 A   1.095  -3.121  -1.654  -0.800  -1.468  -2.458  -0.984   1.183   1.137   0.072  -0.782  -1.902  -0.325   0.779  -1.963   0.331   0.360   2.874   2.617   0.073 
  6 A  -0.195  -6.493  -1.123  -2.449  -1.791  -2.104  -3.142  -2.494  -0.723   2.065   2.460  -5.359   0.149   1.775  -1.294  -0.240   0.688  -0.391   0.431   0.543 
  7 A   0.921  -5.253  -0.935  -1.986  -2.281  -0.660  -1.513  -6.085   0.783  -0.403  -0.503  -5.468   1.004   3.641   2.657  -1.140   0.256   2.961   2.336  -0.384 
  8 A   0.795  -2.229   0.190  -4.797  -4.741  -0.689   0.321   0.614  -0.725  -4.270  -0.314  -2.491  -1.124   2.272   3.332   0.556  -0.740   0.271   3.176  -3.126 
  9 A  -1.009  -7.621  -8.098  -8.353  -6.056  -7.258  -7.651  -8.171  -8.245   2.064   1.672  -7.425  -3.468  -5.666  -7.652  -6.760  -5.510  -7.478  -6.416   5.922 
