#HLA-A2505

Last position-specific scoring matrix computed       
            A       R       N       D       C       Q       E       G       H       I       L       K       M       F       P       S       T       W       Y       V 
  1 A  -4.474  -5.054  -1.614   2.144  -5.698  -2.292   5.426  -7.170   0.469  -5.147  -4.282  -5.436   2.227   2.402  -3.037   0.174  -0.823   1.206   2.694  -6.416 
  2 A   0.570  -5.867  -5.336  -6.392  -6.077  -6.244  -6.516  -6.914  -6.293   0.874  -3.605  -4.861  -4.216  -6.563  -6.643   0.458   5.910  -7.540  -6.688   3.616 
  3 A   2.079  -2.128  -1.804  -6.845  -3.987  -5.405  -5.677  -5.339  -0.957   3.750  -3.310  -2.993   1.438   1.870  -4.063  -0.730  -0.964  -6.353   2.527   1.951 
  4 A   0.957  -0.493   0.484   2.100  -3.889   0.349   2.432   1.388  -0.734  -5.265  -3.882   0.522  -3.389   0.086   0.282   0.871  -0.912  -0.017  -1.079  -3.303 
  5 A  -0.211  -0.507   1.470  -0.517  -3.784  -0.254  -1.217   0.859   1.506   1.056  -0.819  -1.524  -2.094   0.930  -0.779   0.331   0.049   0.561  -0.212   0.112 
  6 A  -0.912  -4.261  -1.258  -2.306  -3.635  -2.372  -2.605  -1.557  -2.870   2.231   1.696  -4.746   2.886   0.388  -2.420   0.023   2.541  -0.914   0.458   0.313 
  7 A   2.190  -2.196   0.804  -2.121  -4.097  -0.754  -0.626   1.609   1.505  -1.731  -0.023  -2.654  -0.833  -0.855  -1.426   2.659  -0.664  -1.979  -1.561  -1.846 
  8 A   1.192  -0.436  -1.419  -3.695  -4.624  -0.940   0.220   0.905  -0.801  -3.157  -0.603  -1.137  -2.633  -0.404   3.403   2.303   0.398  -2.953  -1.587  -0.386 
  9 A  -6.853  -7.220  -7.544  -6.028  -7.428  -6.819  -5.321  -7.703  -4.309  -0.673  -1.166  -7.250   4.753   4.884  -7.129  -7.028  -6.681  -4.015   7.372  -4.378 
