#HLA-A0310

Last position-specific scoring matrix computed       
            A       R       N       D       C       Q       E       G       H       I       L       K       M       F       P       S       T       W       Y       V 
  1 A   0.208   1.915  -4.568  -5.488  -3.355  -3.932  -5.521  -0.936   0.769   0.072  -0.665   2.661   2.571  -1.781  -3.897   2.697   0.843  -4.328  -1.708  -0.309 
  2 A  -2.808  -6.951  -6.979  -7.504  -6.319  -3.916  -4.017  -7.689  -7.339   1.955   3.435  -6.753   4.534  -3.881  -7.285   0.137   3.546  -7.134  -6.351   0.529 
  3 A   1.209  -6.238   1.542  -1.678  -4.649  -1.376  -3.020  -3.342  -0.854  -1.362  -0.062  -4.298   2.887   4.260  -4.689   1.507  -2.377   1.110   2.923  -2.824 
  4 A   1.401   0.126   1.033  -0.145  -1.663  -3.146  -1.070  -0.229  -1.024  -1.531  -1.111  -0.744  -0.977   2.096   0.003   1.404  -0.410   1.894   1.306  -1.609 
  5 A  -1.263  -0.519  -0.606  -2.471  -1.844  -0.706  -1.411  -2.373   0.205   1.049   0.203  -1.558   0.654   1.556  -0.884   1.365  -0.250   2.801   2.396   0.653 
  6 A  -0.358  -0.378   0.460  -1.472  -3.075   0.579  -1.351  -2.403   0.379  -1.313   0.322  -1.297   0.466   1.905   1.369   1.366   1.164   0.889   0.217  -0.373 
  7 A  -0.698  -5.064  -2.231  -4.746  -2.775  -3.433  -3.030  -4.170   1.063  -0.130   1.171  -6.410   2.685   4.304  -1.540   0.138  -0.135   3.844   2.473  -0.577 
  8 A  -0.974  -0.865   0.369  -3.522  -4.764  -0.340  -0.186  -3.239  -1.411  -3.526   2.133  -0.167  -1.421   2.766   1.439  -1.168  -0.835  -1.705   4.008  -3.741 
  9 A  -5.986   2.005  -5.418  -5.028  -8.274  -3.894  -3.700  -6.792  -5.791  -7.819  -7.545   7.520  -6.555  -8.334  -4.876  -5.400  -5.928  -7.785  -6.946  -7.495 
