#HLA-A1131

Last position-specific scoring matrix computed       
            A       R       N       D       C       Q       E       G       H       I       L       K       M       F       P       S       T       W       Y       V 
  1 A   0.436   1.091  -3.396  -6.536  -2.009  -2.115  -5.524  -1.017   1.615   0.362  -1.519   1.800   3.016  -2.224  -6.090   3.291   1.913  -7.211  -1.852  -1.229 
  2 A   0.625  -6.546  -5.827  -6.551  -6.132  -3.217  -5.841  -5.943  -6.961   1.028  -2.776  -6.113   1.012  -5.336  -6.507   3.731   5.308  -7.507  -6.678   1.805 
  3 A   0.478  -6.527  -0.287  -4.315  -3.384  -2.461  -5.719  -4.634  -1.643   0.159   1.234  -4.946   2.913   4.889  -6.180  -0.365  -3.253   1.524   3.422  -1.847 
  4 A   1.404  -0.117   0.969   1.171  -1.858  -2.364  -0.721   0.335  -0.639  -1.369  -1.290  -1.029  -1.137   1.076  -0.505   1.358   0.062   1.880   0.462  -1.619 
  5 A  -1.365  -1.842  -0.215  -2.465  -2.510  -0.365  -1.651  -2.366   0.012   0.493   0.245  -1.978   0.138   2.130  -0.794   1.526   0.375   3.162   2.154   0.879 
  6 A  -0.297  -0.132   0.531  -2.575  -3.381  -0.442  -2.979  -2.972   0.102   0.011   0.837  -1.622   0.886   2.728  -0.016   1.151   0.328   0.597   0.903  -0.178 
  7 A  -0.326  -4.111  -1.382  -3.688  -1.647  -3.675  -3.013  -3.729   0.621   0.450   0.390  -6.347   2.475   4.274   0.093   0.022  -0.286   2.415   2.394  -0.077 
  8 A  -0.472  -0.939   0.478  -4.648  -6.117  -0.341  -0.236  -0.788  -1.276  -3.746   1.648  -0.661  -1.636   2.933   1.602  -0.207  -0.130  -2.144   3.367  -4.202 
  9 A  -5.987   2.054  -5.426  -6.008  -8.272  -3.894  -4.470  -6.795  -5.779  -7.810  -7.534   7.533  -6.546  -8.270  -5.721  -5.403  -5.929  -7.742  -5.062  -7.488 
