#HLA-A3115

Last position-specific scoring matrix computed       
            A       R       N       D       C       Q       E       G       H       I       L       K       M       F       P       S       T       W       Y       V 
  1 A   0.066   4.504  -4.754  -6.566  -3.165  -3.077  -5.410  -2.157   1.691  -0.537  -2.861   4.158   2.591  -6.504  -6.751   0.458  -1.342  -5.536  -3.772  -2.156 
  2 A   1.151  -6.608  -5.441  -6.925  -6.362   0.776  -6.312  -5.610  -6.593   0.220  -1.159  -6.268   2.709   1.296  -6.857   2.408   3.897   0.743   0.676   1.738 
  3 A  -1.936   1.717   0.662  -6.018  -2.341  -0.478  -5.768  -4.438   0.954  -1.030   0.758   2.175   1.753   3.595  -6.605  -1.056  -2.574   1.927   2.227  -1.931 
  4 A   0.555   1.217   0.747  -0.041  -2.081  -2.683  -0.447  -0.793   0.209  -1.713  -1.236  -0.396  -0.476   0.805   1.454   1.027  -0.196   2.702   0.536  -0.459 
  5 A  -1.446   2.298  -2.012  -4.377  -2.526  -0.333  -4.078  -2.398   1.132   0.434   0.515  -0.506  -0.149   1.604  -1.860  -0.173   0.835   2.292   1.514   1.026 
  6 A  -1.686   2.775  -0.375  -3.521  -2.830  -1.136  -2.439  -3.103   2.145  -0.472  -0.037   0.127  -0.524   1.974  -0.971   0.422   0.526   1.567   1.426  -0.045 
  7 A   1.484  -2.767  -0.124  -4.401  -0.571  -1.777  -4.902  -4.323   1.094  -0.531  -1.630  -4.317   0.931   3.923  -2.137   0.229  -0.066   2.834   3.810  -0.121 
  8 A  -0.726  -0.448   0.434  -4.654  -2.101  -0.179  -0.388  -1.593   1.043  -3.416   1.034  -1.610  -1.855   2.715   1.825  -0.164  -0.236  -0.781   3.970  -3.252 
  9 A  -6.565   7.961  -5.579  -6.692  -8.505  -4.124  -5.179  -7.435  -5.510  -8.216  -7.364   1.229  -6.547  -8.060  -7.086  -5.830  -6.231  -7.520  -6.927  -7.625 
