#HLA-A1108

Last position-specific scoring matrix computed       
            A       R       N       D       C       Q       E       G       H       I       L       K       M       F       P       S       T       W       Y       V 
  1 A   1.473   1.034  -4.702  -6.436  -3.303  -2.580  -5.741  -0.316   0.771  -0.709  -2.562   2.195   2.636  -3.114  -6.574   3.885   1.016  -4.389  -3.224  -0.929 
  2 A  -0.386  -6.631  -5.940  -6.669  -6.128  -4.028  -6.343  -6.751  -7.092   1.189  -2.291  -6.221   0.736  -6.528  -6.597   3.356   5.360  -7.516  -6.681   2.660 
  3 A   1.241  -4.452   0.889  -5.482  -3.739  -2.084  -5.914  -3.784  -1.606   0.456   0.582  -2.656   2.792   4.335  -7.453   0.201  -4.270   0.351   3.770  -2.439 
  4 A   1.476  -0.090   1.985   0.079  -2.054  -2.166  -1.696  -0.525  -0.865  -2.387  -2.671  -0.072  -0.625   1.076  -0.830   2.294   1.150   0.218   1.226  -2.243 
  5 A  -1.747   1.057   0.065  -2.293  -4.723   0.709  -2.621  -1.267   0.802  -1.324  -0.915  -0.710  -0.123   1.459   0.711   2.284   0.894   3.155   1.820  -0.785 
  6 A  -0.604   0.609  -0.593  -4.065  -4.146   0.189  -2.586  -2.198  -1.517  -0.034   1.031  -0.280   0.239   1.865  -0.525   0.858   2.006   0.750   1.043  -0.603 
  7 A  -0.709  -3.314  -0.539  -3.929  -2.003  -2.516  -4.208  -1.579   0.348   0.322   1.860  -5.420   2.800   1.728  -0.153   2.332   1.106   0.035  -0.011  -0.909 
  8 A  -0.057  -0.217   0.887  -4.166  -4.248  -1.071  -0.380  -1.513   0.246  -3.085   0.940  -0.697  -1.198   2.336   2.198   0.197  -0.331  -1.771   3.409  -2.854 
  9 A  -5.935  -2.716  -5.422  -5.953  -8.244  -3.886  -4.414  -6.741  -5.770  -7.746  -7.534   7.794  -6.538  -8.062  -6.187  -5.370  -5.904  -7.627  -1.976  -7.458 
