#HLA-A2602

Last position-specific scoring matrix computed       
            A       R       N       D       C       Q       E       G       H       I       L       K       M       F       P       S       T       W       Y       V 
  1 A  -5.262  -6.024  -0.465   2.925  -6.682  -2.775   5.642  -7.160  -0.387  -6.023  -4.500  -5.380   1.314   2.229  -6.214  -0.840  -1.255  -0.128   2.982  -6.926 
  2 A   0.135  -6.960  -6.519  -7.167  -6.073  -5.353  -6.778  -7.205  -7.550   1.817  -1.900  -6.591  -3.024  -6.318  -6.854  -0.971   5.352  -7.518  -6.625   4.208 
  3 A   2.665  -1.462  -2.119  -7.287  -4.930  -3.604  -4.981  -5.032  -0.713   3.778  -2.907  -2.021   1.249  -0.031  -2.721  -0.753  -0.566  -6.752   1.520   1.900 
  4 A   0.594  -0.671   0.891   2.347  -3.182   0.542   2.476   1.298  -0.051  -5.053  -3.892   0.338  -2.816  -0.632  -0.181   0.936  -0.532  -0.708  -0.766  -3.203 
  5 A  -0.256   0.359   0.873  -0.956  -3.446   0.642  -1.497   0.522   2.189   0.182  -0.905  -1.090  -1.554   1.786  -0.608   0.290   0.087   1.038   0.569  -0.757 
  6 A  -1.168  -3.542  -1.659  -3.215  -2.977  -2.579  -3.950  -1.394  -2.176   2.239   2.102  -5.903   3.203   1.188  -3.153  -0.181   1.927  -0.636   0.343   0.197 
  7 A   2.589  -2.212   0.845  -1.584  -3.688  -1.064  -0.809   2.010   1.258  -1.887  -0.303  -3.134  -1.276  -1.097  -1.316   2.195  -0.494  -1.275  -1.864  -2.056 
  8 A   1.542  -0.379  -1.344  -3.709  -5.228  -1.376   0.617   1.222  -0.923  -3.276  -0.108  -0.782  -2.379   0.236   2.854   1.665  -0.517  -1.256  -0.262  -1.039 
  9 A  -6.766  -7.088  -7.526  -8.264  -7.352  -6.625  -7.321  -8.242  -4.238  -3.100  -1.168  -7.129   6.036   4.111  -7.997  -6.950  -6.603  -4.016   7.518  -3.591 
