#HLA-A3111

Last position-specific scoring matrix computed       
            A       R       N       D       C       Q       E       G       H       I       L       K       M       F       P       S       T       W       Y       V 
  1 A   0.139   4.263  -3.991  -6.565  -2.577  -2.377  -5.480  -2.005   1.951  -0.354  -2.838   3.747   2.787  -5.560  -6.765   1.061  -0.831  -4.395  -3.470  -1.926 
  2 A   0.887  -6.616  -5.882  -6.974  -6.366   0.938  -6.336  -5.924  -6.611   0.399  -0.411  -6.287   2.829   0.930  -6.894   2.307   3.780   0.410   0.792   1.817 
  3 A  -1.739   1.243   0.750  -6.000  -2.581  -0.009  -5.159  -4.430   1.023  -0.547   0.781   1.915   1.809   3.564  -4.716  -0.756  -2.337   1.820   2.189  -2.189 
  4 A   0.638   0.651   1.004   0.575  -1.500  -2.331  -0.226  -0.694   0.637  -2.094  -1.460  -0.452  -0.864   0.756   1.653   1.091  -0.470   2.537   0.398  -0.724 
  5 A  -1.185   2.362  -1.699  -4.609  -2.288  -0.592  -3.905  -2.398   0.999   0.431   0.535  -0.558  -0.151   1.578  -1.500  -0.468   0.481   2.385   1.908   0.927 
  6 A  -1.748   2.849  -0.440  -3.524  -3.125  -1.245  -2.440  -3.106   2.193  -0.470   0.018   0.087  -0.083   2.030  -1.068   0.457   0.357   0.910   1.521  -0.079 
  7 A   1.443  -2.893  -0.006  -4.180  -0.705  -1.774  -4.647  -4.482   1.097  -0.816  -2.293  -4.129   0.853   4.007  -2.768   0.232   0.174   3.324   3.876  -0.025 
  8 A  -0.437  -0.694   0.481  -4.442  -1.338  -0.790  -0.560  -1.530   1.180  -3.304   0.908  -1.862  -1.507   2.804   1.522  -0.256  -0.134  -0.513   4.184  -3.581 
  9 A  -6.593   8.070  -5.586  -6.726  -8.515  -4.135  -5.215  -7.467  -5.498  -8.235  -7.357  -0.007  -6.547  -8.049  -7.129  -5.850  -6.245  -7.510  -6.926  -7.631 
