#HLA-A0204

Last position-specific scoring matrix computed       
            A       R       N       D       C       Q       E       G       H       I       L       K       M       F       P       S       T       W       Y       V 
  1 A  -0.481  -1.472  -3.048  -7.389  -5.281  -4.805  -6.241  -2.486  -3.480  -1.119  -0.033   0.954   2.468   4.501  -7.449   0.347  -1.027   1.865   4.042  -0.301 
  2 A  -5.862  -7.035  -7.970  -8.355  -6.448   0.019  -7.399  -8.435  -7.460  -0.557   5.389  -7.085   5.002  -4.411  -7.873  -6.221  -2.052  -6.918  -6.195  -1.723 
  3 A   1.970  -6.902  -1.023  -0.553  -5.112  -1.073  -6.520  -2.026  -3.687   0.762   0.991  -5.551   3.899   2.786  -0.385   0.100  -2.394   2.952   1.440  -2.163 
  4 A   0.318  -2.707   0.169   4.150  -2.648  -0.455   3.207  -1.002  -0.858  -6.370  -6.479  -1.952  -4.292  -3.277   3.257   0.902  -1.859   0.980  -1.035  -4.993 
  5 A   1.110  -2.029  -1.279  -0.331  -0.849  -1.684  -0.487   0.242   1.216   0.135  -1.067  -1.641  -0.681   0.579  -2.100  -0.132   0.269   3.026   3.249  -0.101 
  6 A  -0.083  -5.968  -0.857  -1.645  -1.618  -0.584  -2.939  -2.007  -0.237   1.676   1.757  -4.997   0.007   1.910   0.298  -0.082   0.948  -0.629   0.933   0.301 
  7 A   0.816  -5.166  -0.413  -1.364  -3.120   0.086  -0.979  -6.033   1.910  -1.417  -2.200  -4.875   0.906   3.646   2.128  -0.827   0.017   4.420   3.091  -1.050 
  8 A   0.193  -1.798   0.502  -4.270  -4.795   0.761   0.762   0.912  -0.127  -5.099  -0.694  -1.817  -1.290   1.990   2.771   0.332  -0.811   0.092   3.615  -3.501 
  9 A  -1.272  -7.611  -8.114  -8.375  -6.081  -7.267  -7.675  -8.212  -8.220   2.003   2.229  -7.437  -3.760  -4.641  -7.680  -6.805  -4.953  -7.429  -6.377   5.746 
