#HLA-A0318

Last position-specific scoring matrix computed       
            A       R       N       D       C       Q       E       G       H       I       L       K       M       F       P       S       T       W       Y       V 
  1 A   0.104  -0.880  -1.111  -6.318  -0.804  -2.598  -3.426  -1.376   0.176  -0.074   0.966  -1.136   3.396   0.629  -6.998   2.707   1.405  -2.332  -0.050  -0.007 
  2 A  -0.701  -6.335  -5.416  -6.225  -6.155  -5.273  -5.976  -6.335  -6.746  -1.092  -1.443  -5.895   0.092  -6.824  -6.309   4.814   5.844  -7.527  -6.771  -0.794 
  3 A   1.522  -6.443   0.737   5.382  -6.157  -1.018  -0.355  -3.261  -3.534  -2.866  -2.791  -5.537   0.266  -0.903  -6.063   2.558  -1.698   0.164  -1.010  -4.525 
  4 A   1.733  -1.003   0.034  -0.984  -3.712  -2.245  -1.692  -2.448  -0.905  -0.553   0.175  -0.206   1.395   2.084  -1.817   1.090   0.586   1.565   1.314  -1.132 
  5 A  -1.161  -1.403  -0.276  -2.038  -3.056   0.435  -1.249  -3.546  -0.669   0.973   0.764  -2.040   0.663   1.630   0.594   1.149   0.957   2.939   0.635   0.219 
  6 A   0.402  -0.096   1.117  -2.817  -3.727   0.712  -1.330  -1.842   0.111  -2.004   0.538  -1.131  -1.204   0.310   0.927   1.973   2.186  -0.944  -0.069  -1.083 
  7 A  -0.295  -4.983  -1.439  -3.177  -3.335  -2.938  -3.392  -2.068  -0.220   0.055   2.179  -4.785   1.788   2.854  -1.506   1.669   0.453   2.394   1.588  -1.208 
  8 A  -1.381  -0.772   0.405  -4.312  -2.800  -1.229  -0.216  -2.957  -1.802  -2.709   2.984  -2.069  -1.662   2.294  -0.473  -1.185  -0.038  -0.087   3.601  -2.439 
  9 A  -6.033  -0.760  -5.562  -6.130  -8.228  -4.065  -4.609  -6.879  -4.854  -7.601  -7.373   7.418  -6.481  -6.625  -6.333  -5.501  -5.997  -6.660   3.315  -7.348 
