#HLA-A2467

Last position-specific scoring matrix computed       
            A       R       N       D       C       Q       E       G       H       I       L       K       M       F       P       S       T       W       Y       V 
  1 A  -4.494  -4.182   0.660  -2.251  -0.354  -2.156  -0.822  -5.439   0.453   0.004  -0.459  -3.929   2.696   3.197  -1.406   0.978   0.474   2.846   4.857  -2.998 
  2 A  -3.385  -6.915  -4.895  -5.511  -7.706  -6.635  -6.511  -7.847  -4.367  -5.908  -5.197  -2.320  -3.775   4.525  -4.544  -0.895  -1.855   3.443   8.055  -5.779 
  3 A   0.507  -4.200  -1.183  -2.513  -2.500   1.229  -1.931  -2.294  -2.279   2.141  -0.587  -3.449   2.207   3.244  -0.312   0.043  -1.213   1.583   1.811  -0.404 
  4 A  -0.131  -1.410   1.132   0.861  -2.585   0.169   1.139  -0.644  -0.277  -2.112  -2.285  -0.160  -1.333   1.344   2.750   1.802  -1.330   2.447  -0.482  -2.712 
  5 A  -0.213  -1.123   0.425  -2.249  -1.625  -1.352  -1.432  -2.134  -1.084   2.438  -0.983  -1.980  -0.367   0.726  -2.416   0.270   0.890   2.708   0.973   1.671 
  6 A  -0.437  -2.510  -0.633  -1.991  -0.996  -1.274  -2.140  -2.733   0.463   0.881   0.669  -2.499  -1.130   3.705   1.436  -0.231  -0.126  -1.102   2.362  -0.992 
  7 A   0.064  -3.712   0.351  -0.849  -2.850  -0.343  -0.369  -3.888   3.302  -2.028  -1.465  -2.654   0.437   3.014  -1.394   0.698  -2.794   5.219   3.224  -0.624 
  8 A  -0.753  -2.249   0.057  -2.059  -3.381   1.132  -0.189  -2.933  -0.519  -1.149   1.147  -0.477  -1.467   1.767  -0.132   2.170   1.840  -1.884   0.863  -1.655 
  9 A  -6.862  -7.825  -8.007  -4.787  -6.988  -6.777  -2.506  -7.841  -7.075   4.058   1.462  -7.766  -0.417   6.161  -6.569  -7.394  -6.503   1.388  -3.014  -2.538 
