#HLA-A0119

Last position-specific scoring matrix computed       
            A       R       N       D       C       Q       E       G       H       I       L       K       M       F       P       S       T       W       Y       V 
  1 A   0.073   0.233  -3.139  -7.123  -0.819  -2.792  -5.071  -0.840  -1.236   0.951   1.303   1.251   2.397   0.423  -4.984   0.601   0.373  -1.884   1.228   0.681 
  2 A  -0.582  -6.816  -6.521  -7.175  -6.224  -5.756  -6.747  -7.173  -7.221   0.650   2.776  -6.543   3.245  -3.454  -6.975   2.257   4.185  -5.442  -6.417   1.233 
  3 A   1.743  -6.447   1.275   3.571  -0.995  -0.642   0.618  -1.028  -3.901  -0.864  -1.474  -5.313   0.798  -0.775  -4.460   2.462  -1.209  -0.220   0.337  -3.602 
  4 A   1.219  -0.704   0.761  -0.128  -3.403  -1.139  -1.096  -0.416   0.116  -1.381  -1.590   0.409  -0.730   0.624   0.880   2.101   0.559   2.363   0.177  -1.937 
  5 A  -0.703  -0.968   0.018  -1.202  -1.654   0.790  -0.551  -0.204  -0.208   0.976   1.040  -2.620   0.057   1.231  -2.938  -0.216  -0.492   2.375   0.806   0.515 
  6 A  -0.125  -2.799   1.027  -1.092  -2.498  -0.110  -1.606  -0.755  -1.212  -0.646   0.824  -2.303   0.472   1.203   0.966   1.483   2.061   1.025  -0.390  -1.300 
  7 A  -0.283  -4.822  -3.345  -5.439  -2.769  -2.135  -2.820  -2.544   0.370  -1.454   3.449  -6.516   0.761   3.503  -2.850  -2.836  -2.894   3.444   3.219  -2.178 
  8 A  -1.095  -0.131  -1.521  -2.051  -3.084  -0.428   0.393  -1.881  -2.742  -1.454   2.542  -1.266  -0.924   2.234  -0.092  -0.375  -0.026   0.765   1.737  -1.275 
  9 A  -6.906  -6.953  -7.259  -8.227  -8.019  -6.449  -7.063  -8.310  -3.480  -6.446  -6.225  -6.956  -5.305  -2.216  -7.811  -6.906  -6.896  -2.956   9.580  -6.454 
