#HLA-A0114

Last position-specific scoring matrix computed       
            A       R       N       D       C       Q       E       G       H       I       L       K       M       F       P       S       T       W       Y       V 
  1 A  -0.502  -2.515  -1.471  -5.860   0.224  -2.914  -2.301  -2.027  -0.677   0.126   2.032  -2.523   2.847   2.301  -4.105  -0.428   0.904   1.073   2.190   0.217 
  2 A   0.114  -6.380  -5.161  -6.297  -6.159  -4.190  -6.017  -5.067  -6.769  -0.966  -0.304  -5.943  -1.043  -6.220  -6.362   4.793   5.404  -7.521  -6.747  -0.451 
  3 A   0.836  -6.380   0.215   6.144  -4.916  -2.053   2.034  -2.418  -4.734  -4.294  -6.064  -5.666  -3.233  -3.504  -5.996   1.667  -1.169  -4.586  -2.770  -5.152 
  4 A   0.835  -0.512   0.534  -0.217  -2.795   0.617   0.614  -0.350   0.298  -0.905  -0.636   0.228  -0.700  -0.371  -0.342   1.464   0.429   1.151  -0.619  -0.864 
  5 A  -1.163  -1.450   0.464   0.319  -1.867   0.815   0.393   0.097  -0.531   0.512   0.460  -0.928   0.113   0.566  -1.367   0.077   0.319   1.662   0.392  -0.309 
  6 A   0.372  -1.866   1.549  -0.664  -2.769   0.652  -0.606  -0.308  -0.524  -1.313   0.125  -1.422   0.083  -0.486   0.507   1.577   2.160  -0.687  -0.263  -1.399 
  7 A  -0.459  -2.246  -0.668  -0.732  -2.792   0.618  -0.033   0.054   0.619  -1.374   2.234  -3.821  -0.128   1.757  -0.979   0.217  -0.811   1.789   0.878  -1.408 
  8 A  -0.630  -0.338  -0.693  -1.752  -3.389  -0.098   0.672  -3.023  -4.480  -0.472   2.282  -1.189   0.616   1.695   0.115  -0.314   0.035   0.895   0.419  -0.509 
  9 A  -5.221  -6.974  -7.270  -8.203  -7.871  -6.472  -7.079  -8.261  -1.882  -3.783  -5.443  -6.971  -0.473  -0.521  -7.809  -6.878  -6.814  -3.126   9.326  -3.437 
