#HLA-A2446

Last position-specific scoring matrix computed       
            A       R       N       D       C       Q       E       G       H       I       L       K       M       F       P       S       T       W       Y       V 
  1 A  -1.919   1.702  -1.676  -3.939   0.564  -2.366  -4.239  -2.818  -0.480   1.064  -0.069   1.464   0.476   0.422  -1.372   1.140  -0.155   1.217   3.784  -1.063 
  2 A  -5.725  -5.963  -4.978  -8.094  -7.939  -4.973  -7.052  -8.144  -3.971  -6.293  -5.784  -1.959  -4.656   3.623  -6.338  -5.433  -5.965   2.714   8.762  -6.122 
  3 A  -0.988  -3.730  -1.343  -2.384  -2.524   2.524  -1.714  -0.857  -1.203   2.326   0.041  -2.066   1.423   2.202   0.170  -0.590  -1.895   1.796   1.563  -0.075 
  4 A   0.204  -0.458   1.280   0.637  -3.471  -0.043   0.697  -0.825   0.394  -1.671  -2.057   0.109  -1.321   0.857   2.507   1.662  -0.763   2.074  -0.899  -2.207 
  5 A  -0.093  -0.971   0.077  -2.323  -1.815  -2.273  -0.297  -0.875  -1.901   1.636  -0.283  -1.791   0.041   0.307  -3.754   0.691   1.563   1.779   1.013   1.349 
  6 A   0.000  -3.484  -1.746  -2.112  -2.059  -1.174  -2.692  -1.870   0.004   0.718   0.961  -2.320  -0.040   3.661   1.633  -0.483  -0.635   0.942   2.398  -1.295 
  7 A  -0.364  -3.697   0.398  -0.271  -2.845   0.182  -0.311  -3.779   2.709  -1.333  -0.556  -1.810  -1.067   2.792  -0.628   0.213  -2.547   4.461   3.159  -0.034 
  8 A  -1.900  -0.535   0.221  -1.082  -2.067   1.033  -0.043  -2.679  -0.282  -0.709   1.196  -0.791  -2.671   1.834  -2.088   1.601   2.104   0.421   1.406  -2.660 
  9 A  -6.924  -7.800  -7.209  -4.124  -7.052  -6.788  -2.614  -7.812  -7.047   3.567   1.968  -7.784  -2.746   6.194  -7.354  -7.413  -6.135   3.686  -3.423  -3.303 
