#HLA-A0110

Last position-specific scoring matrix computed       
            A       R       N       D       C       Q       E       G       H       I       L       K       M       F       P       S       T       W       Y       V 
  1 A   0.198  -1.861  -1.629  -6.144   0.229  -2.873  -2.709  -1.088  -0.559   0.242   1.643  -1.684   2.647   1.683  -5.021   0.708   1.157  -1.158   1.728   0.178 
  2 A  -0.102  -6.435  -5.610  -6.388  -6.154  -4.563  -6.104  -5.854  -6.857  -0.506  -0.121  -6.012  -1.166  -6.157  -6.413   4.394   5.584  -7.503  -6.727   0.176 
  3 A   1.562  -5.973   0.319   5.365  -4.809  -1.538   1.835  -1.825  -4.728  -2.816  -3.811  -5.724  -1.759  -2.002  -6.016   2.117  -1.459  -4.454  -0.434  -4.265 
  4 A   0.835  -0.626   0.534  -0.437  -2.795   0.554   0.029  -0.348   0.635  -0.965  -0.734   0.529  -0.239  -0.243  -0.419   1.517   0.748   1.653  -0.240  -1.368 
  5 A  -1.012  -1.068   0.364  -0.000  -2.074   1.027   0.181   0.028  -0.905   0.417   0.394  -0.864   0.016   0.660  -1.366   0.241   0.276   1.885   0.783  -0.273 
  6 A   0.429  -1.705   0.917  -0.872  -2.758   0.335  -0.802  -0.437  -1.048  -1.227   0.610  -1.899   0.543  -0.101   0.267   1.596   2.135  -0.201   0.299  -1.432 
  7 A  -0.663  -2.601  -1.227  -0.876  -3.750   0.296  -0.563   0.186   0.087  -1.454   2.667  -3.864   0.698   1.733  -1.739   0.515  -0.942   1.678   0.695  -1.553 
  8 A  -0.854  -0.284  -1.157  -1.508  -3.404  -0.337   0.558  -3.029  -4.025  -0.955   2.196  -1.065   0.358   2.095   0.751  -0.416   0.125   1.049   1.047  -0.782 
  9 A  -6.551  -6.949  -7.253  -8.219  -8.002  -6.444  -7.059  -8.298  -2.904  -6.423  -6.190  -6.953  -2.910  -1.904  -7.810  -6.898  -6.888  -2.978   9.546  -6.437 
