#HLA-A0309

Last position-specific scoring matrix computed       
            A       R       N       D       C       Q       E       G       H       I       L       K       M       F       P       S       T       W       Y       V 
  1 A   0.026   2.489  -5.148  -6.613  -4.685  -2.164  -5.646  -1.424   1.563   0.854  -1.243   3.723   2.357  -2.504  -6.138   2.064  -0.442  -2.427  -3.167  -1.302 
  2 A  -2.033  -6.946  -7.141  -7.668  -6.320  -2.247  -6.564  -7.698  -7.309   1.548   3.757  -6.786   5.162  -5.089  -7.377   0.809   2.060  -7.111  -6.347   0.581 
  3 A  -0.039  -4.038   0.965  -6.764  -4.266  -3.940  -6.876  -4.462  -0.391  -2.071   0.010  -2.476   2.421   4.948  -6.830  -0.965  -4.421   0.084   5.580  -3.457 
  4 A   1.564   0.856   1.484   0.074  -2.076  -1.578  -0.265  -0.765   0.049  -2.465  -1.934   0.276  -1.153   0.932  -0.580   1.226   0.063   0.580   1.794  -2.036 
  5 A  -1.041   1.412  -0.687  -1.913  -3.443   0.479  -2.391  -0.909   2.009  -1.814  -0.348  -0.292  -0.116   0.456   0.128   1.988  -0.525   2.470   2.454  -0.335 
  6 A  -0.354  -0.948   0.089  -2.792  -2.503  -0.351  -2.375  -1.275  -1.207  -0.584   0.365  -1.197   1.211   2.380   0.546   1.366   1.832   1.314   0.444  -0.714 
  7 A  -0.611  -2.626  -1.638  -5.810  -2.733  -1.161  -4.452  -2.821   0.261  -0.158   2.196  -3.613   2.770   2.655   0.798   1.439   0.236   0.250   0.665  -0.819 
  8 A  -0.796   0.133   0.539  -3.629  -3.830  -0.677  -0.716  -0.827  -0.253  -2.099   0.591  -0.333  -1.691   2.740   1.604   0.711  -0.383  -1.105   3.160  -2.269 
  9 A  -6.087  -2.927  -5.658  -5.852  -8.207  -4.201  -4.733  -6.960  -2.879  -7.482  -7.267   7.224  -6.441  -5.872  -6.416  -5.587  -6.059  -6.100   4.741  -7.265 
