#HLA-A0218

Last position-specific scoring matrix computed       
            A       R       N       D       C       Q       E       G       H       I       L       K       M       F       P       S       T       W       Y       V 
  1 A   0.086  -1.774  -3.438  -7.536  -7.081  -5.884  -6.396  -2.098  -4.628  -1.243  -0.856   0.117   2.200   5.232  -7.572  -0.170  -2.595   1.173   4.407  -0.546 
  2 A  -6.150  -7.110  -8.089  -8.454  -6.435  -0.923  -7.533  -8.498  -7.517  -0.130   5.392  -7.176   5.205  -4.642  -7.926  -6.312  -4.165  -6.913  -6.193  -1.354 
  3 A   2.204  -6.927  -0.781   0.074  -4.534  -2.226  -6.460  -2.390  -3.712   0.841   0.889  -6.189   3.685   2.230   0.593   0.274  -1.961   2.871   1.060  -1.825 
  4 A   1.385  -2.756  -0.267   3.363  -0.745  -1.190   2.374   0.184  -1.319  -4.164  -4.115  -2.376  -3.430  -1.790   2.485   1.207  -0.646   1.959  -0.892  -3.872 
  5 A   0.574  -2.877  -2.246  -0.462  -1.141  -3.275  -0.574   0.418   0.711   0.623  -0.143  -2.383   0.300   1.659  -3.125  -0.210  -0.620   2.730   3.072   0.411 
  6 A  -0.949  -6.141  -2.390  -2.853  -2.703  -2.288  -3.486  -2.620  -1.450   2.254   2.914  -6.446   1.055   1.789  -1.308  -0.734   0.127  -0.381   0.757   0.564 
  7 A   1.286  -4.742  -1.196  -2.210  -2.783  -0.968  -2.150  -6.093   0.208  -0.004  -0.581  -5.536   0.477   4.051   1.890  -1.423  -0.238   3.375   2.806  -0.490 
  8 A   0.184  -2.451  -0.403  -4.872  -3.822  -0.516   0.355   0.133  -0.469  -3.467   0.519  -2.132  -1.711   2.812   2.165   0.466  -0.508   0.481   3.760  -3.273 
  9 A  -0.412  -7.570  -8.071  -8.334  -6.075  -7.219  -7.624  -7.560  -8.170   1.805   2.385  -7.387  -2.841  -5.613  -7.631  -6.707  -4.457  -7.433  -6.411   5.621 
