#HLA-A2604

Last position-specific scoring matrix computed       
            A       R       N       D       C       Q       E       G       H       I       L       K       M       F       P       S       T       W       Y       V 
  1 A  -5.496  -6.020  -0.532   3.025  -6.679  -1.813   5.589  -7.172  -0.283  -5.704  -4.345  -5.383   1.934   2.226  -6.878  -1.150  -1.413   0.070   2.716  -6.886 
  2 A   0.233  -6.922  -6.440  -7.102  -6.078  -5.828  -6.731  -7.138  -7.499   1.785  -1.775  -6.546  -3.340  -5.891  -6.811  -0.356   5.458  -7.511  -6.627   3.966 
  3 A   2.542  -1.544  -1.206  -7.200  -3.234  -4.161  -5.239  -5.008  -0.581   3.349  -3.340  -2.390   0.899   0.779  -2.551  -0.183  -0.021  -4.125   1.623   2.055 
  4 A   0.781  -0.384   0.535   2.424  -2.873   0.001   2.182   1.087  -0.377  -4.812  -4.299   0.446  -3.730  -0.308   0.342   0.966  -0.415   0.363  -0.757  -2.546 
  5 A  -0.217  -0.280   0.463  -0.482  -3.429   0.384  -2.028   0.459   1.623   0.461  -0.856  -1.312  -1.543   1.668   0.543   0.040   0.316   1.306   0.626  -0.143 
  6 A  -0.603  -3.039  -0.623  -2.090  -2.453  -1.767  -3.222  -0.753  -1.942   1.988   1.445  -4.296   2.361   0.865  -2.749   0.153   2.218  -0.907   0.725   0.064 
  7 A   2.400  -2.012   0.480  -1.851  -3.027  -0.960  -0.410   1.627   1.325  -1.609  -0.409  -3.405  -0.979  -0.498  -0.493   2.149  -0.618  -0.214  -0.435  -1.913 
  8 A   1.110  -0.273  -0.779  -3.538  -4.659  -1.379   0.725   1.146  -0.665  -2.818   0.177  -1.083  -2.357   0.085   2.853   1.352  -0.139  -1.591  -0.352  -0.707 
  9 A  -6.834  -7.046  -7.419  -8.244  -7.601  -6.571  -7.227  -8.252  -3.808  -4.579  -3.423  -7.076   4.910   3.444  -7.947  -6.930  -6.723  -3.574   8.408  -4.810 
