#HLA-A1118

Last position-specific scoring matrix computed       
            A       R       N       D       C       Q       E       G       H       I       L       K       M       F       P       S       T       W       Y       V 
  1 A   0.799   0.629  -3.356  -6.454  -4.548  -1.672  -5.765  -0.759   1.622  -0.800  -2.401   2.025   3.459  -1.892  -6.636   3.471   2.135  -4.300  -0.945  -1.856 
  2 A  -0.361  -6.580  -5.977  -6.703  -6.160  -2.291  -6.323  -6.435  -7.030   0.624  -0.943  -6.197   2.634  -5.968  -6.629   3.099   5.328  -7.444  -6.636   2.170 
  3 A   1.398  -5.974   1.088  -4.412  -3.015  -3.173  -5.939  -5.289  -1.344   1.338   0.711  -3.862   3.720   3.959  -6.034   0.549  -3.626  -0.307   2.194  -1.316 
  4 A   1.744  -0.864   1.776   0.843  -2.054  -2.532  -1.313   0.050  -0.393  -2.360  -1.884  -1.031  -1.012   0.798  -0.663   1.866   0.435   2.274   0.592  -1.521 
  5 A  -1.112   0.116   0.255  -1.586  -3.106  -0.035  -2.698  -0.115   1.277  -1.504   0.202  -2.191   0.103   2.016  -1.275   1.265   0.042   3.716   2.156  -0.276 
  6 A  -0.454  -0.842   0.377  -4.303  -3.043  -0.822  -2.659  -2.616   0.277  -0.270   1.207  -2.993   1.657   2.711  -0.886   0.642   1.436   2.105   0.607  -0.023 
  7 A  -0.564  -5.379  -2.478  -4.746  -2.262  -3.450  -3.792  -3.377   0.918   0.092   0.945  -6.426   2.524   4.659  -1.313   0.189   0.551   1.616   2.156  -0.610 
  8 A   0.228  -1.341  -0.362  -5.635  -4.761  -1.240  -1.014  -0.398  -1.086  -3.655   0.839  -1.818  -2.725   3.635   1.519  -0.317  -1.415  -0.993   4.575  -3.579 
  9 A  -6.124   2.613  -5.624  -6.260  -8.246  -4.146  -4.747  -6.991  -5.325  -7.594  -7.300   6.960  -5.659  -6.305  -6.465  -5.589  -6.057  -6.418   3.927  -7.326 
