#HLA-A3112

Last position-specific scoring matrix computed       
            A       R       N       D       C       Q       E       G       H       I       L       K       M       F       P       S       T       W       Y       V 
  1 A   0.012   3.421  -2.618  -6.629  -2.546  -2.494  -5.722  -1.260   3.024  -0.235  -2.048   2.596   3.717  -2.236  -6.868   1.553  -0.185  -2.909  -1.962  -1.630 
  2 A   0.510  -6.616  -6.487  -7.078  -6.283   1.466  -6.377  -6.349  -6.961   0.970   0.904  -6.303   3.561  -1.681  -6.939   1.467   3.857  -2.403  -3.412   2.337 
  3 A  -0.253  -0.158   0.780  -6.984  -2.065  -0.803  -5.333  -4.749   0.122   0.226   0.691   0.691   3.006   3.487  -3.587  -0.140  -1.716   1.708   2.071  -1.251 
  4 A   1.181   0.483   1.086   1.046  -1.332  -2.025  -0.027   0.233   0.395  -3.370  -1.575  -1.199  -1.166   0.838   1.615   0.717  -0.848   2.084   0.840  -1.558 
  5 A  -1.702   2.222  -2.982  -4.031  -2.804  -1.567  -3.792  -1.512   1.199   0.621   0.746  -1.038  -0.248   1.775  -2.013  -0.998  -0.079   3.660   2.266   0.955 
  6 A  -1.559   2.385  -0.393  -3.907  -2.532  -1.174  -3.236  -3.010   1.327  -0.067   0.793  -0.823   0.658   2.138  -1.072   0.668   0.611   0.421   0.832   0.155 
  7 A   1.921  -3.499  -1.348  -5.178  -0.976  -2.385  -5.480  -3.244   0.878  -1.600  -2.244  -4.534   1.130   4.124  -1.732   0.475   0.797   3.191   3.640  -0.318 
  8 A   0.099  -0.906   0.005  -5.002  -1.689  -1.228  -1.006  -0.884   1.042  -3.923   1.094  -2.644  -1.180   3.248   1.270  -0.218  -1.037   0.333   4.191  -4.090 
  9 A  -6.596   8.079  -5.587  -6.729  -8.516  -4.136  -5.218  -7.470  -5.497  -8.236  -7.356  -0.138  -6.547  -8.048  -7.133  -5.852  -6.246  -7.509  -6.926  -7.632 
