#HLA-A1117

Last position-specific scoring matrix computed       
            A       R       N       D       C       Q       E       G       H       I       L       K       M       F       P       S       T       W       Y       V 
  1 A   0.899   0.407  -3.576  -6.893  -0.815  -2.954  -4.975  -0.025  -1.066  -0.188   0.020   0.643   2.499   0.631  -6.292   2.248   0.832  -0.635   1.430   0.102 
  2 A  -0.706  -6.556  -5.803  -6.572  -6.126  -5.486  -6.277  -6.687  -7.043  -0.094  -1.383  -6.153   0.227  -6.595  -6.519   3.432   5.800  -7.504  -6.704   2.255 
  3 A   2.295  -6.661   0.912   1.489  -1.112  -1.569  -1.496  -2.479  -3.236   0.701  -1.137  -6.229   2.400   1.437  -5.270   2.095  -0.866  -0.883   2.196  -2.113 
  4 A   1.219  -0.761   1.252   0.850  -3.098  -1.465  -0.520   0.344   0.306  -2.092  -2.121   0.452  -1.655   0.023   0.568   1.821   0.751   1.652   0.078  -2.342 
  5 A  -0.169  -1.831   0.408  -0.598  -1.302   0.794  -1.158   0.828   0.368   0.132   0.488  -2.507   0.474   1.025  -2.731   0.687  -0.049   1.665   0.192   0.181 
  6 A  -0.198  -2.332   0.983  -1.726  -3.356   0.243  -2.257  -0.624  -1.526  -0.961   0.817  -3.073   1.635   1.386   0.193   1.322   2.246   1.170   0.042  -0.801 
  7 A   0.001  -5.319  -1.876  -3.204  -4.139  -1.298  -1.820  -0.418   0.528  -1.219   2.780  -6.691   0.940   2.839   0.030  -0.829  -1.491   1.811   2.013  -0.892 
  8 A  -0.158  -0.394  -1.326  -2.235  -4.672  -0.689   0.317  -1.723  -3.004  -1.956   2.256  -0.943  -1.402   2.150   1.232   0.486  -0.936   0.429   1.643  -1.302 
  9 A  -6.907  -6.954  -7.259  -8.227  -8.021  -6.450  -7.063  -8.310  -3.478  -6.450  -6.230  -6.956  -6.005  -2.214  -7.811  -6.906  -6.898  -2.954   9.583  -6.456 
