#HLA-A3210

Last position-specific scoring matrix computed       
            A       R       N       D       C       Q       E       G       H       I       L       K       M       F       P       S       T       W       Y       V 
  1 A  -2.213   5.101  -5.343  -6.503  -2.946  -4.170  -4.936  -3.500  -0.711  -2.683  -4.172   5.005   1.951  -0.992  -6.753  -0.042  -3.318  -2.913  -1.313  -4.254 
  2 A  -2.192  -6.953  -6.767  -7.387  -6.246  -4.219  -6.957  -7.527  -7.398   2.507   2.415  -6.695   3.696  -5.756  -7.129   0.297   4.401  -7.266  -6.476   1.688 
  3 A   0.473  -1.160   0.714  -7.309  -7.133  -4.205  -6.851  -5.425  -0.621   0.894  -2.081  -4.355   2.621   4.338  -6.770  -0.613  -4.841   0.073   5.750  -2.174 
  4 A   1.162  -1.094   1.991   1.111  -3.853  -1.084   1.327  -0.250   0.826  -3.909  -3.193  -0.061  -2.511   0.632   0.566   1.500  -0.702   1.306   1.997  -3.339 
  5 A  -1.777   1.082   0.648  -2.102  -3.107  -0.088  -1.859  -0.044   1.683   0.218  -0.308  -0.788  -0.415   1.854  -2.114   1.034   0.142   1.674   0.703   0.165 
  6 A   0.190  -1.343  -0.651  -2.459  -3.635  -0.207  -4.285  -2.403  -1.934   1.158   0.897  -4.320  -0.137   0.435  -0.677   1.761   3.186  -0.200  -0.503   0.121 
  7 A   0.359  -2.335   0.209  -3.799  -2.216  -0.990  -2.072  -1.248   0.696  -1.405   1.075  -3.477   0.732   0.202  -1.454   2.844   1.190  -1.539   0.956   0.791 
  8 A   0.425  -0.142  -1.733  -4.591  -5.178  -0.044   0.202   0.440  -0.776  -4.074  -1.886  -1.226  -2.690  -0.816   2.573   3.712   2.111  -1.278  -0.971  -1.920 
  9 A  -6.880  -7.615  -7.864  -8.403  -7.209  -7.393  -7.786  -8.447  -5.497   3.540  -0.072  -7.600   0.483   5.301  -8.195  -7.292  -6.594  -3.035   6.202  -3.876 
