#HLA-A0107

Last position-specific scoring matrix computed       
            A       R       N       D       C       Q       E       G       H       I       L       K       M       F       P       S       T       W       Y       V 
  1 A  -0.108  -2.049  -0.696  -5.073   0.222  -2.318  -1.872  -1.192  -0.101  -0.101   1.489  -2.004   2.720   1.975  -4.344   0.640   1.121  -0.595   2.065  -0.330 
  2 A  -0.104  -6.446  -5.641  -6.412  -6.154  -4.236  -6.119  -6.472  -6.867  -0.369   0.040  -6.027  -1.013  -6.128  -6.431   4.374   5.505  -7.498  -6.716   0.306 
  3 A   1.311  -6.403  -0.092   5.728  -3.894  -1.791   1.873  -1.963  -5.311  -3.058  -4.398  -5.713  -2.630  -2.649  -6.004   2.011  -1.232  -3.678  -1.307  -5.009 
  4 A   1.031  -1.029   0.669  -0.325  -2.524   0.428   0.374  -0.511   0.387  -1.060  -0.632   0.097  -0.130  -0.011  -0.839   1.493   0.749   1.767  -0.236  -1.203 
  5 A  -1.157  -2.000   0.694   0.361  -1.861   0.579   0.219   0.233  -0.912   0.606   0.485  -1.535   0.471   0.336  -1.367   0.398   0.366   1.662   0.522  -0.228 
  6 A   0.433  -1.704   0.999  -1.209  -2.495   0.463  -0.682  -0.086  -1.347  -1.068   0.438  -1.980   0.370  -0.223   0.206   1.648   2.183  -0.677   0.146  -1.322 
  7 A  -0.584  -2.729  -1.061  -0.625  -3.071   0.092  -0.190  -0.169   0.089  -1.063   2.574  -4.037   0.094   1.936  -1.284   0.288  -0.878   1.564   0.822  -1.549 
  8 A  -0.387  -0.180  -0.993  -1.422  -3.070  -0.875   0.744  -2.919  -4.483  -0.755   2.185  -1.190   0.527   1.897   0.805  -0.410   0.033   0.230   0.489  -0.644 
  9 A  -6.226  -6.943  -7.251  -8.209  -7.966  -6.439  -7.055  -8.287  -2.437  -5.502  -5.927  -6.505  -1.615  -1.733  -7.805  -6.889  -6.865  -3.021   9.487  -5.348 
