#HLA-A0211

Last position-specific scoring matrix computed       
            A       R       N       D       C       Q       E       G       H       I       L       K       M       F       P       S       T       W       Y       V 
  1 A  -0.483  -0.751  -2.077  -7.311  -4.726  -3.082  -6.180  -1.808  -2.343  -1.767  -0.299   0.670   2.287   4.328  -7.445   0.349  -1.569   2.174   4.509  -0.824 
  2 A  -5.847  -6.965  -7.894  -8.288  -6.459   0.556  -7.293  -8.387  -7.379  -0.800   5.278  -7.001   5.436  -4.698  -7.845  -5.826  -1.949  -6.913  -6.198  -1.928 
  3 A   1.887  -6.787  -0.046   0.436  -5.126  -0.479  -5.896  -2.726  -2.767   0.509   0.328  -5.757   3.969   2.649  -1.489   0.883  -1.422   3.291   0.790  -2.062 
  4 A  -0.408  -2.729   0.113   4.128  -2.656  -1.129   3.439  -0.187  -0.859  -6.269  -4.822  -2.636  -4.257  -2.028   2.703   0.661  -1.693   1.742  -1.014  -3.880 
  5 A   0.191  -2.157  -1.133  -1.221  -1.301  -2.000  -1.275   0.325   0.933   0.279   0.054  -2.266  -0.081   0.922  -1.852  -0.153   0.564   3.231   2.927   0.549 
  6 A  -0.079  -4.973  -0.361  -1.721  -1.113  -1.065  -3.351  -1.479   0.164   1.606   1.751  -4.331  -0.312   1.820  -0.161   0.300   0.950  -0.634   0.753   0.002 
  7 A   0.184  -4.929  -0.555  -1.795  -2.834  -0.306  -1.350  -5.582   2.156  -1.005  -2.327  -5.195   0.915   4.186   1.392  -0.683  -0.353   4.291   3.365  -0.759 
  8 A  -0.340  -1.308   0.291  -5.348  -4.284   0.195   0.640   0.392  -0.470  -4.938   0.398  -1.754  -0.820   2.472   3.015  -0.059  -0.954  -0.111   3.360  -3.562 
  9 A  -1.723  -7.634  -8.126  -8.384  -6.076  -7.284  -7.693  -8.260  -8.256   2.253   1.948  -7.454  -3.431  -5.619  -7.692  -6.838  -5.222  -7.459  -6.406   5.839 
