#HLA-A0229

Last position-specific scoring matrix computed       
            A       R       N       D       C       Q       E       G       H       I       L       K       M       F       P       S       T       W       Y       V 
  1 A  -0.012  -1.257  -2.894  -7.423  -6.116  -4.165  -6.727  -1.553  -3.389  -2.667  -0.794   0.368   1.849   5.030  -7.522   0.226  -2.150   2.546   4.621  -1.627 
  2 A  -5.865  -6.963  -7.939  -8.315  -6.467   0.841  -7.285  -8.419  -7.390  -0.843   5.366  -7.006   5.203  -4.977  -7.869  -6.227  -3.128  -6.920  -6.205  -1.863 
  3 A   1.684  -6.879  -1.012   0.162  -5.099  -0.962  -6.036  -3.057  -3.681   0.859   1.157  -5.847   4.052   2.573  -1.735   0.526  -2.162   2.111   1.573  -1.334 
  4 A   0.065  -2.982   0.064   4.162  -1.387  -0.629   3.427  -0.218  -0.857  -7.033  -5.429  -2.629  -3.506  -2.264   2.154   0.869  -1.199   1.126  -1.022  -4.450 
  5 A   0.690  -1.947  -1.868  -0.507  -1.852  -2.130  -0.855   1.177   0.938   0.185  -0.399  -1.733  -0.315   0.711  -2.734  -0.146  -0.169   2.646   3.116   0.141 
  6 A  -0.198  -6.062  -1.214  -2.810  -1.603  -1.957  -3.014  -2.335  -0.851   2.082   2.630  -5.360   0.424   1.658  -1.404  -0.390   0.485  -0.388   0.627   0.217 
  7 A   0.586  -4.909  -0.622  -1.699  -2.529   0.079  -1.492  -5.539   1.011  -0.372  -0.902  -4.889   1.068   3.402   2.129  -0.397   0.559   2.963   2.758  -0.390 
  8 A   0.771  -2.003   0.036  -4.745  -4.751   0.267   0.757   0.616  -0.596  -5.057  -0.562  -2.264  -1.284   2.114   3.158   0.563  -0.271   0.445   3.066  -3.359 
  9 A  -0.298  -7.570  -8.074  -8.332  -6.074  -7.216  -7.621  -8.081  -8.163   1.918   2.341  -7.383  -2.358  -5.613  -7.627  -6.701  -4.696  -7.433  -6.410   5.597 
