#HLA-A6828

Last position-specific scoring matrix computed       
            A       R       N       D       C       Q       E       G       H       I       L       K       M       F       P       S       T       W       Y       V 
  1 A  -3.807  -5.578   0.559  -2.701  -3.458  -3.187   3.167  -6.384   0.261  -3.935  -2.554  -5.970   5.063   3.657  -7.106   1.859   1.556   0.115   2.569  -5.249 
  2 A   0.562  -6.538  -5.743  -6.533  -6.078  -6.011  -6.257  -6.292  -7.105  -0.440  -5.304  -6.111  -4.927  -6.830  -6.403   1.886   6.611  -7.539  -6.769   2.207 
  3 A   3.700  -6.411  -1.736  -1.909  -4.905  -4.152  -5.389  -4.944  -3.780   1.560  -1.597  -6.475   3.418   2.404  -1.681   1.362  -0.550   2.189  -1.144  -0.590 
  4 A   1.485  -1.641  -0.303   2.648  -2.320  -2.653   1.712  -0.033  -1.025  -3.579  -2.312  -2.965  -1.518   0.900   2.304   1.279  -1.043   0.714   0.371  -2.636 
  5 A   0.403  -6.428   0.408  -3.277  -2.732  -2.957  -3.697  -3.305  -0.039   2.465  -1.204  -3.819  -0.610   2.235   2.577  -0.204   1.025   2.369  -0.327   1.239 
  6 A  -0.385  -0.475  -0.033  -2.478  -2.006  -0.920  -4.541  -2.428  -0.025   0.838   1.086  -3.224   0.516   1.256  -1.160   1.617   1.680   0.568  -0.558   0.955 
  7 A   2.955  -5.842   0.094  -0.021  -2.489  -2.833  -1.453  -2.832   2.194  -1.571  -3.663  -6.304  -0.146   3.179   0.136   0.406   0.282   1.700   2.426  -1.189 
  8 A   1.105  -2.040   0.327  -5.806  -3.768  -0.711  -0.508  -0.718  -2.433  -4.066   1.316  -2.960  -2.486   2.126   3.267   0.002   0.355  -1.453   2.981  -3.116 
  9 A  -0.525  -7.662  -8.069  -8.299  -6.061  -7.264  -7.650  -8.113  -8.226   3.229   0.479  -7.408  -1.635  -5.716  -7.623  -6.707  -5.182  -7.507  -6.434   5.784 
