#HLA-A2454

Last position-specific scoring matrix computed       
            A       R       N       D       C       Q       E       G       H       I       L       K       M       F       P       S       T       W       Y       V 
  1 A  -2.367   2.135  -1.486  -6.509  -0.013  -2.700  -5.500  -3.239   0.251   0.911   0.064   1.765   0.644   0.877  -5.425   0.794  -0.163   0.954   4.132  -1.117 
  2 A  -6.620  -7.081  -7.361  -8.260  -7.961  -5.482  -7.186  -8.266  -3.826  -6.279  -5.783  -6.652  -4.655   3.230  -7.973  -6.531  -6.435   2.311   9.031  -6.103 
  3 A  -1.687  -3.507  -1.066  -2.166  -2.074   2.899  -2.344  -0.139   0.111   1.597   0.441  -1.420   1.167   2.125  -0.804  -0.536  -2.001   2.009   1.830  -0.259 
  4 A   0.355   0.071   1.650   0.180  -3.478  -0.042   0.261  -0.596   0.645  -1.682  -2.646   0.429  -1.665   0.557   2.750   1.271  -0.968   2.171  -0.501  -2.006 
  5 A  -0.385  -0.461   1.097  -1.316  -1.631  -2.251  -0.607  -1.064  -1.357   1.225  -0.479  -2.106   0.215  -0.421  -4.001   1.082   1.568   1.428   1.270   1.313 
  6 A  -0.025  -2.376  -0.417  -1.619  -1.481  -0.838  -2.418  -2.058   0.378   0.161   0.690  -2.276  -0.744   3.276   1.997   0.137  -0.070   0.777   2.094  -1.447 
  7 A  -0.139  -3.693   0.816  -0.419  -2.107   1.068  -0.051  -3.888   2.938  -2.250  -0.869  -3.641  -1.085   2.601  -1.387   0.492  -2.204   4.462   3.508  -0.342 
  8 A  -1.343  -0.581   0.176  -2.242  -2.526   1.286   0.192  -2.842   0.126  -0.774   0.569  -0.558  -3.276   1.552  -1.451   1.896   2.485   0.234   1.301  -2.129 
  9 A  -7.018  -7.904  -8.183  -7.757  -7.086  -7.992  -8.131  -8.437  -7.036   3.132   2.069  -8.006  -2.742   6.549  -8.538  -7.542  -6.677   4.301  -3.195  -3.996 
