#HLA-A0265

Last position-specific scoring matrix computed       
            A       R       N       D       C       Q       E       G       H       I       L       K       M       F       P       S       T       W       Y       V 
  1 A  -1.451   1.461  -1.784  -6.983  -3.789  -2.336  -4.910  -2.550   1.009  -0.428  -0.260   2.154   4.016   2.516  -7.197   0.010   0.356   0.775   1.842  -0.536 
  2 A  -2.755  -7.121  -7.828  -8.244  -6.362  -3.038  -7.474  -8.201  -7.499   0.711   4.789  -7.106   5.504  -4.786  -7.738  -3.418  -0.452  -6.978  -6.241   0.179 
  3 A   1.483  -4.951   1.021  -2.758  -3.350  -1.779  -6.173  -4.011  -1.821   0.093   0.578  -4.344   3.629   3.546  -4.712   0.769  -2.170   2.583   2.908  -1.804 
  4 A   1.334  -1.902   0.305   2.234  -2.323  -2.018   1.228   0.575   0.122  -3.536  -1.509  -1.810  -1.665   0.534   1.067   0.617  -0.726   3.209   0.654  -2.229 
  5 A  -1.128   0.737  -2.805  -2.409  -0.459  -0.532  -2.016  -0.902   0.476   0.509   0.072  -2.029   0.399   1.725  -2.002   0.165  -0.120   3.549   3.132   0.525 
  6 A  -0.913  -1.584  -0.332  -1.139  -2.253   0.162  -1.896  -1.717  -0.224  -0.037   1.513  -3.105  -0.238   1.743   0.426   0.682   1.668   0.574  -0.184   0.333 
  7 A   1.301  -7.076  -2.799  -4.789  -3.059  -2.625  -3.465  -5.180   0.026  -0.043  -0.400  -6.460   2.384   4.763  -1.774  -1.684  -0.304   3.690   3.521  -0.584 
  8 A   0.121  -1.401  -0.146  -3.322  -4.747  -0.033  -0.182   0.545  -0.961  -5.042   0.641  -2.303  -1.893   2.690   1.233   0.469  -0.229  -0.293   4.006  -2.989 
  9 A  -3.888   7.418  -5.838  -6.873  -8.017  -4.424  -5.426  -7.499  -4.556  -3.046  -2.351   1.207  -3.890  -5.390  -7.148  -5.937  -6.148  -7.339  -2.279  -0.547 
