#HLA-A0239

Last position-specific scoring matrix computed       
            A       R       N       D       C       Q       E       G       H       I       L       K       M       F       P       S       T       W       Y       V 
  1 A  -0.086  -1.767  -2.917  -7.491  -7.139  -4.536  -6.357  -1.686  -3.742  -2.050  -0.461   0.120   1.906   5.079  -7.571  -0.168  -2.263   2.374   4.638  -1.268 
  2 A  -6.183  -7.076  -8.096  -8.464  -6.449  -0.545  -7.505  -8.508  -7.496  -1.131   5.562  -7.158   5.108  -4.899  -7.936  -6.748  -4.402  -6.898  -6.193  -2.582 
  3 A   1.759  -6.397  -0.937   0.023  -5.081  -1.174  -6.471  -2.764  -3.720   0.996   1.480  -5.846   4.054   2.055  -1.387   0.378  -1.865   2.638   0.945  -1.486 
  4 A   0.693  -2.855   0.162   3.984  -0.906  -0.650   2.962  -0.409  -1.147  -5.683  -5.241  -2.242  -4.244  -2.266   2.625   1.029  -1.117   1.124  -1.259  -4.737 
  5 A   1.043  -2.256  -1.766  -0.285  -1.300  -1.977  -0.498   0.855   0.635   0.226  -0.421  -2.156   0.283   0.574  -3.099  -0.008  -0.435   2.561   2.919   0.306 
  6 A  -0.391  -6.086  -1.591  -3.092  -1.794  -1.440  -3.162  -2.429  -0.990   2.140   2.801  -6.000   0.073   1.723  -0.999  -0.829   0.439  -0.626   0.754   0.192 
  7 A   0.821  -4.926  -0.848  -1.622  -2.288  -0.072  -1.421  -5.308   0.715  -0.374  -0.666  -4.683   0.930   3.581   2.160  -0.718   0.212   3.240   2.638  -0.720 
  8 A   0.553  -2.100   0.145  -4.503  -4.258   0.334   0.897   0.698  -0.589  -4.294  -0.405  -2.084  -1.598   2.223   2.666   0.487  -0.274   0.085   3.280  -3.345 
  9 A  -0.225  -7.559  -8.060  -8.323  -6.080  -7.207  -7.615  -7.536  -8.143   1.876   2.451  -7.374  -2.139  -5.247  -7.622  -6.686  -4.244  -7.419  -6.401   5.522 
