#HLA-A9216

Last position-specific scoring matrix computed       
            A       R       N       D       C       Q       E       G       H       I       L       K       M       F       P       S       T       W       Y       V 
  1 A  -0.190  -0.970  -2.891  -7.423  -7.196  -4.166  -6.725  -1.743  -3.369  -2.876  -1.194   0.292   1.685   5.153  -7.541   0.342  -2.153   2.713   4.718  -1.700 
  2 A  -5.622  -6.956  -7.932  -8.308  -6.470   0.948  -7.270  -8.415  -7.388  -0.895   5.393  -6.998   5.087  -4.979  -7.864  -6.621  -2.854  -6.922  -6.208  -2.067 
  3 A   1.426  -6.925  -1.185   0.019  -5.089  -1.292  -6.099  -3.182  -3.703   1.179   1.411  -6.636   4.197   2.390  -1.620   0.518  -2.162   1.908   1.474  -1.203 
  4 A  -0.108  -2.984   0.376   4.129  -1.388  -0.722   3.412  -0.377  -0.601  -6.280  -5.417  -2.741  -3.502  -2.142   2.247   0.803  -1.127   1.127  -0.907  -4.288 
  5 A   0.718  -2.148  -1.111  -0.501  -2.056  -2.285  -0.792   1.179   0.865   0.080  -0.399  -2.066   0.188   0.575  -2.731  -0.007  -0.013   2.562   2.976   0.140 
  6 A  -0.235  -6.515  -1.486  -3.081  -1.994  -1.688  -3.157  -2.259  -0.990   2.255   2.652  -5.990   0.252   1.809  -1.405  -0.294   0.567  -0.387   0.500  -0.006 
  7 A   0.230  -4.909  -0.622  -1.529  -2.541   0.151  -1.193  -5.327   1.081  -0.421  -1.087  -5.132   1.197   3.352   2.285  -0.454   0.390   3.669   2.790  -0.438 
  8 A   0.720  -1.546  -0.075  -4.744  -5.352   0.270   0.723   0.499  -0.593  -5.274  -0.594  -2.161  -1.442   2.035   3.043   0.837  -0.162   0.447   3.147  -3.150 
  9 A  -0.346  -7.566  -8.095  -8.350  -6.101  -7.226  -7.648  -8.107  -8.135   2.143   2.753  -7.392  -2.112  -5.199  -7.650  -6.744  -4.734  -7.394  -6.391   5.326 
