#HLA-A1126

Last position-specific scoring matrix computed       
            A       R       N       D       C       Q       E       G       H       I       L       K       M       F       P       S       T       W       Y       V 
  1 A   1.153   0.323  -3.164  -5.994  -2.207  -2.998  -5.478  -0.397   1.192  -0.850  -1.992   1.556   2.866  -2.778  -6.585   4.040   1.746  -7.289  -2.198  -1.435 
  2 A   0.083  -6.557  -5.827  -6.569  -6.123  -3.709  -5.872  -6.644  -7.021   0.801  -3.358  -6.134   0.796  -6.642  -6.511   3.352   5.679  -7.521  -6.709   2.214 
  3 A   1.014  -6.917   0.669  -4.668  -3.708  -1.679  -4.538  -4.084  -2.043   1.074   0.920  -4.425   3.314   4.278  -6.080   0.196  -3.185   0.318   2.555  -1.278 
  4 A   1.410  -0.053   1.776   0.421  -2.523  -1.755  -1.624   0.044  -0.876  -1.971  -1.826  -0.669  -1.005   1.002  -0.749   1.866   0.865   0.885   1.066  -1.753 
  5 A  -1.248  -0.751   0.307  -1.653  -3.768   0.506  -1.862  -1.451  -0.287  -0.331  -0.387  -1.927   0.464   1.955  -0.222   1.784   0.780   3.158   1.870   0.262 
  6 A  -0.449   0.035   0.341  -3.361  -3.745   0.113  -2.478  -2.782  -0.413  -0.511   0.980  -0.595   0.659   2.483  -0.372   0.883   1.158   0.246   1.062  -0.259 
  7 A  -0.086  -4.065  -0.565  -2.887  -1.823  -3.141  -2.717  -2.541   0.770   0.322   0.795  -6.208   2.598   3.518  -0.633   0.829   0.404   0.935   1.697  -0.006 
  8 A   0.038  -0.680   0.662  -4.631  -5.350  -0.682   0.010  -1.465  -0.706  -3.497   1.450  -0.821  -1.652   2.396   2.001  -0.603  -0.454  -2.138   3.775  -3.119 
  9 A  -5.952  -0.111  -5.421  -5.965  -8.255  -3.885  -4.222  -6.758  -5.779  -7.771  -7.537   7.709  -6.542  -8.169  -6.209  -5.379  -5.911  -7.688  -3.124  -7.471 
