#HLA-A1114

Last position-specific scoring matrix computed       
            A       R       N       D       C       Q       E       G       H       I       L       K       M       F       P       S       T       W       Y       V 
  1 A   1.548   1.111  -4.726  -6.038  -3.666  -2.747  -5.712  -0.482   0.616  -0.442  -2.376   2.627   2.637  -3.286  -4.704   3.636   0.796  -7.391  -3.490  -1.118 
  2 A  -0.799  -6.752  -6.247  -6.899  -6.173  -2.688  -4.872  -7.027  -7.205   2.068  -0.560  -6.377   1.885  -5.827  -6.793   2.470   4.891  -7.449  -6.601   2.798 
  3 A   0.910  -5.975   0.576  -5.221  -5.205  -2.592  -4.789  -3.957  -1.154   0.854   0.705  -3.157   3.372   4.464  -6.731  -0.250  -3.890   0.520   3.384  -1.959 
  4 A   1.650   0.198   1.894  -0.121  -2.519  -1.878  -1.970  -0.325  -0.999  -2.206  -2.129   0.058  -0.615   1.046  -1.118   1.823   0.973  -0.178   1.614  -2.085 
  5 A  -1.592   0.840  -0.502  -1.927  -4.222   0.524  -1.930  -1.972   0.724  -1.155  -0.206  -0.674   0.195   1.696   0.122   1.587   0.580   3.160   2.221  -0.020 
  6 A  -0.371   0.077  -0.533  -4.075  -4.646   0.313  -2.176  -2.051  -1.341  -0.570   0.979  -0.995   0.811   2.624  -0.152   0.786   1.524   1.198   1.570  -1.026 
  7 A  -0.790  -3.352  -1.452  -4.914  -2.471  -2.740  -3.570  -2.562   0.831   0.742   2.132  -5.855   2.884   2.705  -0.471   1.327   0.187   0.766   0.972  -0.789 
  8 A  -0.029  -0.613   0.840  -4.173  -4.262  -0.870  -0.128  -1.344  -0.348  -3.200   0.904  -0.492  -1.353   2.663   2.228  -0.392  -0.630  -3.148   3.713  -3.252 
  9 A  -5.944  -2.068  -5.431  -5.607  -8.244  -3.900  -4.027  -6.753  -5.751  -7.742  -7.528   7.747  -6.539  -7.966  -5.227  -5.380  -5.912  -7.569  -1.278  -7.454 
