#HLA-A0212

Last position-specific scoring matrix computed       
            A       R       N       D       C       Q       E       G       H       I       L       K       M       F       P       S       T       W       Y       V 
  1 A  -0.991  -2.186  -2.241  -7.546  -6.144  -4.983  -6.929  -2.113  -3.358  -2.284  -0.607  -0.815   2.104   5.310  -7.682  -0.046  -1.970   2.722   4.960  -1.611 
  2 A  -5.908  -7.145  -8.135  -8.511  -6.430  -1.878  -7.622  -8.524  -7.573  -1.123   5.639  -7.239   4.790  -4.881  -7.940  -6.747  -3.003  -6.903  -6.200  -2.573 
  3 A   2.290  -6.736   0.074   0.524  -5.050  -0.382  -5.491  -3.083  -4.071   0.998   0.399  -6.007   4.044   1.502  -1.958   1.367  -1.088   1.670   0.203  -1.399 
  4 A   0.226  -2.988   0.215   3.949  -1.555  -1.365   3.170  -0.336  -0.052  -6.536  -4.782  -2.155  -3.478  -1.693   2.184   0.899  -1.126   1.395  -0.305  -3.845 
  5 A   0.558  -1.948  -1.116  -0.679  -2.046  -1.985  -1.051   0.853   0.625   0.204  -0.109  -1.978   0.010   0.777  -1.840   0.203   0.362   2.199   2.310   0.573 
  6 A  -0.121  -5.636  -0.653  -2.661  -1.796  -0.976  -3.254  -2.089  -0.713   1.772   2.474  -5.581  -0.158   1.620  -1.085  -0.091   0.947  -0.392   0.560   0.133 
  7 A   1.185  -4.873  -0.095  -0.928  -2.533   0.229  -1.035  -4.465   1.219  -0.627  -1.602  -5.077   0.766   3.297   1.444  -0.374   0.793   3.369   2.787  -1.272 
  8 A   0.290  -1.546  -0.138  -4.549  -6.126   0.458   0.414   0.695  -0.846  -4.962  -0.040  -1.827  -0.582   2.042   2.744   0.760  -0.676   0.620   3.253  -2.752 
  9 A  -1.027  -7.594  -8.118  -8.375  -6.092  -7.250  -7.674  -8.194  -8.188   2.138   2.478  -7.423  -1.922  -5.569  -7.679  -6.806  -5.263  -7.419  -6.398   5.564 
