#HLA-A2626

Last position-specific scoring matrix computed       
            A       R       N       D       C       Q       E       G       H       I       L       K       M       F       P       S       T       W       Y       V 
  1 A  -5.255  -5.977  -0.585   3.209  -6.714  -2.067   5.748  -7.126  -0.174  -6.425  -4.813  -5.314   1.115   1.926  -6.180  -0.834  -1.658  -0.368   2.550  -7.018 
  2 A  -0.140  -6.973  -6.544  -7.189  -6.085  -5.368  -6.805  -7.255  -7.568   2.043  -1.654  -6.215  -3.628  -5.840  -6.879  -1.105   5.329  -7.509  -6.609   4.178 
  3 A   2.470  -1.720  -1.584  -7.254  -3.575  -4.171  -4.294  -5.048  -0.840   3.575  -2.921  -2.117   1.048   0.428  -2.399  -0.757  -0.393  -4.139   1.572   2.163 
  4 A   0.673  -0.267   0.888   2.322  -2.876   0.415   2.270   1.062  -0.053  -4.436  -3.674   0.488  -2.549  -0.432  -0.256   0.870  -0.652  -0.707  -0.865  -2.709 
  5 A  -0.295   0.079   0.369  -0.367  -3.112   0.260  -1.353   0.488   1.789   0.362  -0.756  -1.043  -1.379   1.846  -0.221  -0.049   0.131   1.037   0.567  -0.371 
  6 A  -0.925  -3.068  -1.187  -2.667  -2.706  -2.074  -3.418  -1.274  -1.957   2.146   1.838  -5.847   3.064   1.256  -2.953  -0.268   1.877  -0.633   0.612   0.151 
  7 A   2.445  -2.209   0.669  -1.757  -3.696  -0.858  -0.573   1.880   1.445  -1.427  -0.267  -3.010  -0.977  -0.930  -1.319   2.151  -0.557  -0.698  -1.302  -2.187 
  8 A   1.377  -0.112  -0.923  -3.222  -5.242  -1.257   0.693   1.290  -1.060  -3.060  -0.244  -0.892  -2.385   0.182   2.752   1.490  -0.136  -1.260  -0.444  -0.944 
  9 A  -6.791  -7.052  -7.459  -8.233  -7.465  -6.568  -6.733  -8.239  -3.649  -3.427  -2.402  -7.083   5.696   3.721  -7.962  -6.926  -6.649  -3.804   7.977  -4.347 
