#HLA-A0299

Last position-specific scoring matrix computed       
            A       R       N       D       C       Q       E       G       H       I       L       K       M       F       P       S       T       W       Y       V 
  1 A   0.531   0.044  -3.693  -7.204  -5.341  -3.736  -6.430  -1.978  -2.121  -2.573  -2.246   1.352   1.937   4.751  -7.309   1.251  -2.007   1.872   4.254  -2.331 
  2 A  -4.471  -6.339  -7.124  -7.515  -6.608   4.633  -6.142  -7.443  -6.836   1.047   3.944  -6.192   4.501  -5.541  -7.495  -4.451  -0.067  -7.108  -6.304   0.790 
  3 A   0.838  -5.405  -1.936  -4.595  -5.798  -3.233  -6.551  -4.329  -1.214   2.110   1.590  -5.447   3.839   3.325  -2.175  -1.353  -2.113   0.486   2.988  -0.753 
  4 A  -0.362  -4.117   1.125   4.247  -1.760  -0.788   3.804  -0.412  -0.707  -7.664  -6.800  -2.604  -5.360  -3.278   1.991   1.177  -2.146  -0.741  -0.721  -4.508 
  5 A   0.961  -0.953  -0.744  -0.475  -3.424  -1.417  -1.597   2.196   2.099  -1.898  -1.740  -1.760  -2.204   0.532  -1.573   0.913   0.801   2.198   2.447  -1.251 
  6 A  -1.191  -6.166  -2.277  -4.359  -3.627  -3.266  -5.487  -3.681  -1.806   2.850   2.779  -4.962   0.286   2.178  -4.786  -0.089   0.402  -0.373   0.771   0.831 
  7 A   1.295  -5.057   0.549  -1.712  -1.842   0.957  -1.504  -3.536   1.330  -0.749  -2.761  -4.482   0.151   1.782   3.520   0.756   1.589   1.666   0.932  -0.715 
  8 A   0.935  -2.011   0.266  -4.988  -5.353  -0.969  -0.214   1.196   0.815  -5.279  -2.362  -2.361  -2.734   1.618   3.859   1.380  -0.052  -0.863   3.193  -3.920 
  9 A  -0.078  -7.585  -8.065  -8.313  -6.065  -7.215  -7.612  -8.047  -8.165   2.254   1.942  -7.376  -1.964  -5.649  -7.610  -6.672  -5.225  -7.453  -6.419   5.637 
