#HLA-A2473

Last position-specific scoring matrix computed       
            A       R       N       D       C       Q       E       G       H       I       L       K       M       F       P       S       T       W       Y       V 
  1 A  -1.310   2.744  -2.300  -4.267  -0.352  -3.187  -4.285  -1.977  -0.489   0.686  -0.963   2.864  -0.435  -0.812  -0.513   1.125  -0.593  -0.156   2.874  -0.919 
  2 A  -6.593  -5.979  -4.988  -7.410  -4.510  -4.990  -7.074  -7.155  -4.022  -6.282  -5.769  -1.963  -3.803   3.725  -5.339  -6.474  -6.398   3.347   8.681  -5.855 
  3 A  -1.882  -2.385  -1.326  -3.108  -1.011   2.562  -1.862  -0.374  -0.411   1.522   0.536   0.052  -0.050   2.120   0.695  -1.172  -1.093   2.006   1.697  -0.894 
  4 A  -0.001  -0.077   1.802   0.133  -4.285   0.168   0.215  -0.977   0.484  -1.343  -2.431   0.462  -1.646   0.983   2.616   1.062  -0.971   1.977  -0.219  -1.269 
  5 A  -0.163   0.348   0.355  -1.639  -1.293  -2.071  -0.379  -0.635  -0.913   0.851  -0.410  -1.043  -0.296  -0.361  -2.713   1.079   1.033   1.990   1.422   0.928 
  6 A  -0.205  -1.584  -0.685  -1.536  -1.869  -0.927  -2.103  -1.415   0.638  -0.260   0.516  -1.443  -1.322   3.417   1.637  -0.082  -0.511   0.632   2.656  -1.476 
  7 A  -0.566  -2.786   0.490  -0.987  -3.142   0.741  -0.887  -4.069   2.824  -0.894  -0.515  -1.723  -0.659   2.753  -0.631   0.084  -2.671   4.329   3.314  -0.025 
  8 A  -1.358  -0.839  -0.229  -0.879  -1.860   1.187   0.235  -3.498  -0.061  -1.333   0.853  -0.569  -2.235   1.751  -1.818   1.723   1.781   0.058   2.097  -1.499 
  9 A  -7.029  -7.104  -7.151  -4.304  -7.216  -6.761  -1.635  -8.327  -6.834   2.276   1.695  -7.198  -3.109   6.822  -6.640  -7.383  -6.723   3.698  -3.078  -3.963 
