#HLA-A6817

Last position-specific scoring matrix computed       
            A       R       N       D       C       Q       E       G       H       I       L       K       M       F       P       S       T       W       Y       V 
  1 A  -4.846  -5.851   0.009  -2.833  -1.867  -2.922   3.059  -6.431   3.035  -2.109  -1.941  -5.905   5.865   1.784  -7.037   1.056   2.457  -2.241   1.330  -3.798 
  2 A   2.154  -6.525  -5.791  -6.529  -6.048  -5.976  -6.198  -6.398  -7.008  -0.520  -3.956  -6.071  -1.696  -5.855  -6.364   2.529   6.109  -7.532  -6.749   1.545 
  3 A   2.067  -6.566  -0.827  -6.339  -6.715  -4.010  -6.454  -5.508  -1.707   1.970  -2.730  -4.677   2.969   4.972  -1.404   0.004  -1.616  -0.519   1.712  -0.351 
  4 A   1.344  -0.073  -0.081   1.446  -3.439  -2.895   0.068   0.337  -1.020  -3.312  -2.703  -1.793  -1.041   1.529   1.460   1.901  -0.407   3.008   1.136  -2.617 
  5 A  -1.379  -3.067   0.640  -4.340  -2.238  -2.078  -2.286  -3.358  -0.239   3.118  -1.112  -4.154  -1.245   2.418  -0.317   0.616   0.244   2.464   0.252   1.787 
  6 A  -0.519   1.004   0.776  -1.647  -3.744  -0.330  -1.775  -2.336   0.855   0.438   0.205  -2.531   0.219   1.521  -1.156   1.251   1.230   0.031   0.557   0.288 
  7 A   1.963  -4.694  -1.214  -1.371  -1.458  -4.407  -1.666  -1.249   2.280  -1.433  -3.038  -5.754   1.721   3.848  -2.405   1.048  -0.369   1.823   2.413  -0.006 
  8 A  -0.499  -2.068   0.684  -4.077  -4.256  -1.139   0.112  -0.497  -2.169  -3.380   2.052  -3.298  -1.589   3.613   1.174  -2.809  -1.436  -0.509   3.751  -3.274 
  9 A   0.704   4.866  -5.545  -6.635  -7.416  -4.577  -5.257  -6.958  -4.815  -1.718  -2.066   5.186  -1.954  -5.395  -6.701  -4.003  -5.504  -7.575  -6.027   0.828 
