#HLA-A0219

Last position-specific scoring matrix computed       
            A       R       N       D       C       Q       E       G       H       I       L       K       M       F       P       S       T       W       Y       V 
  1 A  -1.095  -3.528  -1.605  -7.606  -6.103  -4.310  -6.550  -2.520  -3.726  -2.297   0.036  -1.944   2.750   5.293  -7.750  -0.534  -2.174   2.639   4.844  -0.949 
  2 A  -6.199  -7.205  -8.211  -8.580  -6.421  -3.555  -7.734  -8.567  -7.629  -1.006   5.703  -7.316   4.696  -4.851  -7.971  -6.382  -3.802  -6.899  -6.197  -2.644 
  3 A   2.763  -6.614   0.414   1.450  -5.031   0.098  -4.994  -2.725  -3.690   0.839  -0.232  -5.542   3.589   0.176  -3.037   1.948  -0.991   1.537  -1.145  -1.547 
  4 A   1.023  -2.602   0.101   3.720  -1.199  -0.741   3.040  -0.288  -0.733  -6.119  -4.251  -2.440  -3.442  -1.239   1.347   1.236  -0.972   1.396  -0.778  -3.670 
  5 A   1.071  -2.719  -1.116  -0.497  -0.697  -1.836  -0.443   0.492   0.196   0.168  -0.084  -2.343  -0.090   0.643  -1.961   0.253   0.493   1.791   2.196   0.433 
  6 A   0.254  -6.393  -0.864  -2.311  -1.601  -0.414  -3.224  -1.730  -1.597   1.320   2.390  -5.538  -0.880   1.313  -0.160   0.259   1.023  -0.915   0.120   0.570 
  7 A   1.248  -4.861  -0.745  -0.391  -2.807   0.552  -0.537  -4.311   1.284  -1.126  -0.936  -4.827   0.533   3.367   1.141  -0.484   0.120   3.612   2.820  -1.565 
  8 A   0.133  -1.898  -0.384  -4.325  -4.248   0.460   0.683   0.721  -0.846  -4.206   0.190  -1.598  -0.821   2.099   2.072   0.759  -0.273   0.457   3.305  -2.729 
  9 A  -0.823  -7.597  -8.083  -8.345  -6.055  -7.231  -7.631  -8.141  -8.219   1.780   1.810  -7.406  -2.168  -5.661  -7.641  -6.732  -5.201  -7.467  -6.414   5.899 
