#HLA-A3009

Last position-specific scoring matrix computed       
            A       R       N       D       C       Q       E       G       H       I       L       K       M       F       P       S       T       W       Y       V 
  1 A  -0.605   3.185  -5.252  -6.769  -2.835  -3.765  -5.390  -2.343   1.520   0.046  -0.700   3.774   2.765  -1.023  -6.906   0.882  -1.591  -1.545   0.947  -1.387 
  2 A   0.390  -6.537  -6.141  -6.824  -6.296  -0.357  -6.292  -5.843  -6.660  -0.687  -0.021  -6.201   4.391  -0.363  -6.774   3.214   4.169  -2.351  -0.426   1.091 
  3 A   1.058  -0.792   1.278  -2.778  -1.661  -1.189  -2.582  -1.666   0.149   0.294  -0.380   0.101   1.508   2.361  -5.854   1.410  -2.363   1.816   3.080  -2.907 
  4 A   0.969  -1.239   1.755   0.317  -3.806  -1.842  -0.254   0.501   0.409  -3.017  -3.171   0.527  -1.352  -0.133   1.168   2.367  -0.015   1.420   1.212  -2.388 
  5 A  -0.936  -0.638   0.247  -0.736  -1.868  -0.356  -1.553   0.651   1.676   0.670   0.894  -1.487  -0.744   1.598  -3.136  -0.360  -0.687   2.634   1.053  -0.496 
  6 A  -0.849  -0.176   0.951  -1.468  -4.160  -0.420  -2.341  -1.263  -0.299   0.339   0.016  -2.261   0.856   1.420   0.256   1.913   1.940   1.432   0.678  -1.570 
  7 A   0.596  -3.909  -2.377  -5.049  -2.779  -3.210  -3.970  -1.565   1.395  -1.613   2.447  -5.390  -0.303   3.575   0.400  -1.568  -2.734   2.334   3.629  -1.480 
  8 A  -0.141  -1.107  -1.599  -3.520  -2.508  -1.834  -0.005  -0.693  -1.533  -1.207   2.151  -1.563  -1.406   2.486   0.907   1.502  -0.600  -1.173   0.940  -1.813 
  9 A  -6.914  -6.957  -7.268  -8.227  -8.011  -6.473  -7.074  -8.305  -3.522  -6.420  -5.980  -6.139  -5.980  -0.454  -7.827  -6.914  -6.900  -2.985   9.514  -6.444 
