#HLA-A3304

Last position-specific scoring matrix computed       
            A       R       N       D       C       Q       E       G       H       I       L       K       M       F       P       S       T       W       Y       V 
  1 A  -5.681  -5.441   2.016   3.712  -1.942  -2.637   3.500  -6.248   3.040  -1.840  -2.574  -5.400   4.338  -0.563  -6.281  -0.656   0.605  -1.587  -0.508  -3.576 
  2 A   1.427  -6.977  -4.738  -6.775  -6.424  -2.979  -6.353  -6.355  -6.713   0.513  -0.292  -6.698   2.309   3.432  -7.138   0.497   3.401   0.927   1.043   1.912 
  3 A  -0.576   0.946  -0.184  -5.776  -2.545  -0.705  -4.558  -4.802  -0.074   0.748   0.565   0.800   2.020   3.631  -3.372  -1.056  -1.244   1.822   2.298  -1.139 
  4 A   0.404   0.700   0.340   1.115  -2.842  -1.833   1.002  -0.939   0.396  -2.106  -1.027   0.068  -0.053   0.496   1.245   0.602  -0.540   2.538   0.658  -1.363 
  5 A  -0.948   3.103  -2.390  -4.887  -3.422  -0.245  -4.954  -3.258   1.563   1.299  -0.375  -0.427  -1.799   1.658  -0.714  -1.110  -0.807   2.195   1.167   1.515 
  6 A  -1.985   2.899  -0.391  -2.269  -3.850  -0.569  -3.061  -3.851   1.749   0.082   0.410  -0.187  -1.157   2.997  -2.437  -0.633  -0.236   0.930   2.057  -0.775 
  7 A   1.687  -2.512   0.116  -3.755   0.008  -2.697  -3.191  -1.551   1.468  -0.473  -2.283  -4.274   0.767   3.091  -2.420   0.285   0.132   3.840   3.435  -0.206 
  8 A   1.061  -1.529   0.445  -4.092  -1.863  -0.080   0.760  -1.608  -0.064  -3.341   0.429  -1.042  -1.076   2.286   2.502   0.379   0.184  -1.844   2.100  -2.593 
  9 A  -6.619   8.163  -5.593  -6.757  -8.525  -4.145  -5.248  -7.496  -5.488  -8.252  -7.350  -1.867  -6.547  -8.039  -7.168  -5.869  -6.257  -7.500  -6.926  -7.637 
