#HLA-A0125

Last position-specific scoring matrix computed       
            A       R       N       D       C       Q       E       G       H       I       L       K       M       F       P       S       T       W       Y       V 
  1 A  -0.116  -2.168  -1.454  -5.469   0.225  -2.516  -2.280  -1.612  -0.799   0.214   1.734  -2.115   2.804   2.038  -4.079   0.006   0.980   0.076   2.255   0.147 
  2 A   0.137  -6.413  -5.586  -6.363  -6.154  -3.916  -6.071  -5.330  -6.829  -0.841  -0.183  -5.985  -1.175  -6.185  -6.393   4.452   5.564  -7.508  -6.736   0.003 
  3 A   1.351  -6.400  -0.202   5.881  -4.340  -1.529   1.780  -2.179  -4.761  -3.399  -4.792  -5.704  -2.187  -3.459  -5.504   1.787  -1.162  -3.705  -2.026  -4.501 
  4 A   0.883  -0.511   0.486  -0.325  -2.289   0.616   0.458  -0.557   0.634  -0.863  -0.700   0.306  -0.578  -0.188  -0.499   1.412   0.631   1.872  -0.606  -1.258 
  5 A  -0.825  -1.805   0.555   0.272  -2.067   0.697   0.176   0.064  -1.193   0.427   0.593  -1.252   0.475   0.483  -1.592   0.202   0.277   1.549   0.778  -0.119 
  6 A   0.460  -1.986   0.832  -1.077  -2.754   0.396  -0.998  -0.163  -1.053  -1.057   0.593  -1.824   0.703  -0.159   0.387   1.494   2.135  -0.674   0.224  -1.262 
  7 A  -0.390  -2.997  -1.238  -0.689  -3.393   0.160  -0.095  -0.367   0.273  -0.613   2.535  -3.881   0.192   2.101  -1.394  -0.141  -1.313   1.681   0.829  -1.311 
  8 A  -0.766  -0.177  -0.763  -1.268  -3.404  -0.095   0.853  -3.131  -4.444  -0.949   2.268  -1.319   0.690   1.875   0.113  -0.572  -0.224   1.184   0.928  -0.648 
  9 A  -5.934  -6.941  -7.240  -8.193  -7.930  -6.437  -7.051  -8.271  -1.495  -5.216  -5.876  -6.505  -0.725  -1.225  -7.803  -6.879  -6.843  -3.070   9.412  -4.252 
