#HLA-A9208

Last position-specific scoring matrix computed       
            A       R       N       D       C       Q       E       G       H       I       L       K       M       F       P       S       T       W       Y       V 
  1 A  -1.158  -0.363  -4.445  -7.353  -4.736  -4.331  -6.512  -4.007  -3.388  -0.705  -0.645   1.773   2.664   4.305  -7.397   0.673  -1.479   1.158   4.653  -1.140 
  2 A  -1.864  -6.504  -6.949  -7.463  -6.491   3.149  -6.409  -7.198  -6.896  -0.861   3.722  -6.350   4.899  -2.305  -7.331  -1.984   2.655  -1.236  -3.635   0.188 
  3 A   1.037  -7.123  -2.837  -3.291  -5.108  -2.133  -6.959  -3.481  -4.180   1.600   1.655  -6.866   4.337   3.235   1.703  -1.413  -2.673   2.803   0.755  -1.435 
  4 A   0.582  -3.310   0.087   3.595  -1.378  -0.970   2.520  -0.104  -0.391  -6.023  -5.606  -2.178  -4.748  -1.931   4.051   0.830  -2.380   2.513  -1.630  -5.606 
  5 A   0.919  -2.379   0.492  -1.123  -0.702  -2.466  -1.056  -0.374   1.335   0.667  -0.796  -3.855  -0.920   0.909  -1.972   0.441   0.367   3.293   2.655   0.405 
  6 A  -1.479  -4.100  -1.674  -3.543  -2.759  -1.212  -4.334  -3.077   0.353   1.574   2.044  -4.864  -1.316   3.728  -0.330  -0.079   0.210   1.084   1.835  -0.435 
  7 A   0.900  -4.947  -0.180  -1.999  -2.112   0.064  -2.535  -5.809   2.678  -1.759  -3.860  -6.171  -0.699   4.369   0.787  -1.994  -1.606   5.421   4.077  -1.280 
  8 A  -0.046  -2.562   0.138  -5.368  -4.783  -0.337   0.443  -0.148   0.365  -4.446  -0.548  -2.944  -2.862   2.675   2.663   0.787  -0.226  -0.505   4.548  -3.573 
  9 A  -4.724  -7.611  -8.252  -8.526  -6.235  -7.359  -7.860  -8.527  -8.095   2.477   3.809  -7.545  -1.295  -1.152  -7.880  -7.171  -5.161  -7.151  -6.104   4.592 
