#HLA-A6807

Last position-specific scoring matrix computed       
            A       R       N       D       C       Q       E       G       H       I       L       K       M       F       P       S       T       W       Y       V 
  1 A  -5.384  -6.168   0.081  -0.094  -4.331  -2.453   4.113  -6.830   3.337  -2.280  -2.140  -5.759   5.062   2.339  -7.049  -0.044   1.239  -1.820   1.536  -4.716 
  2 A   2.507  -6.467  -4.984  -6.429  -6.037  -5.904  -6.102  -5.956  -6.919  -1.258  -4.882  -5.994  -2.554  -6.397  -6.293   3.106   6.009  -7.563  -6.787   1.147 
  3 A   2.510  -3.971   0.609  -5.002  -5.073  -1.372  -3.782  -5.525  -0.780   1.503  -2.771  -2.473   1.847   3.783  -1.584   1.344  -0.231  -2.676   1.317  -0.592 
  4 A   1.136   0.222  -0.467   1.263  -3.813  -2.181   0.408  -0.195  -1.486  -2.624  -1.593  -0.840  -0.740   1.719   0.921   1.153   0.001   3.345   0.744  -1.907 
  5 A  -1.908  -2.405   0.693  -3.254  -1.813  -0.850  -2.153  -2.934  -0.242   2.928  -0.575  -3.185  -0.818   1.778  -0.388   0.585   0.423   1.301  -0.439   1.978 
  6 A   0.317   1.582   1.405  -1.287  -3.412   0.483  -0.669  -2.384   1.213  -0.206  -0.299  -1.659  -0.543   1.051  -1.460   0.907   1.098  -0.412   0.408  -0.610 
  7 A   2.359  -4.427  -0.648  -1.341  -1.117  -2.479  -1.407   0.489   1.066  -1.535  -2.904  -5.954   1.301   3.040  -1.816   1.436   0.202   1.197   1.342  -0.378 
  8 A  -0.749  -1.276   0.037  -4.305  -3.816  -0.924   0.244  -0.816  -2.415  -2.259   2.047  -2.569  -1.247   3.563   0.577  -2.710  -1.275  -0.072   3.430  -1.715 
  9 A  -4.019   5.308  -5.516  -6.246  -8.236  -4.019  -4.728  -6.973  -5.719  -7.227  -6.064   6.463  -4.521  -8.068  -6.513  -4.994  -6.002  -7.635  -4.627  -5.085 
