#HLA-A6606

Last position-specific scoring matrix computed       
            A       R       N       D       C       Q       E       G       H       I       L       K       M       F       P       S       T       W       Y       V 
  1 A  -5.286  -5.578  -0.841   0.962  -5.583  -2.760   5.467  -6.392   1.727  -5.173  -5.064  -5.357   4.802   1.044  -6.167   0.539   0.762  -1.880   1.136  -5.876 
  2 A   0.605  -6.661  -5.971  -6.725  -6.058  -6.146  -6.013  -6.803  -7.266  -0.276  -4.963  -6.253  -4.801  -6.706  -6.521   0.348   6.446  -7.536  -6.730   3.256 
  3 A   1.917  -6.728  -1.743  -6.521  -4.448  -6.859  -6.227  -7.289  -3.793   3.462  -0.957  -6.158   2.847   3.378  -4.126  -1.000  -2.375   0.783   1.775   1.499 
  4 A   1.387  -0.097   0.169   2.200  -2.570  -1.549   1.743   0.670  -1.647  -4.909  -2.574  -0.749  -1.882   0.845   0.398   1.502  -0.297   1.868  -1.156  -3.340 
  5 A  -0.225  -1.701   0.164  -3.120  -4.637  -0.846  -2.448  -0.840   0.840   1.162  -0.642  -3.299  -1.306   2.833   0.745  -0.129  -0.432   2.719   0.975   1.557 
  6 A  -0.419  -1.459  -0.946  -3.342  -2.464  -1.399  -3.713  -2.747  -1.745   1.320   1.759  -3.939   2.143   2.613  -2.776   0.207   0.984   0.059   0.840   0.568 
  7 A   2.271  -4.460  -1.144  -2.165  -3.350  -2.344  -2.026  -0.746   1.732  -0.388  -1.236  -6.438   1.730   3.555  -0.149   0.375   0.041   1.342   1.698  -1.238 
  8 A   0.811  -1.863   0.057  -4.902  -3.795  -2.644  -0.010   0.395  -2.466  -4.087   1.424  -2.529  -3.016   2.195   3.854  -0.757  -1.022  -2.248   2.553  -3.048 
  9 A  -1.435   4.072  -6.388  -7.121  -7.455  -5.087  -5.483  -7.462  -3.557  -1.441  -2.409   3.803   2.836  -1.350  -7.110  -5.721  -6.096  -5.697   5.163   0.774 
