#HLA-A6814

Last position-specific scoring matrix computed       
            A       R       N       D       C       Q       E       G       H       I       L       K       M       F       P       S       T       W       Y       V 
  1 A  -0.647  -0.667  -1.515  -6.225  -0.962  -2.539  -3.085  -2.239   2.690   0.097  -0.795  -0.930   4.271   0.761  -6.952   2.485   2.574  -2.781   0.983  -1.411 
  2 A   1.384  -6.544  -5.847  -6.572  -6.110  -3.705  -6.224  -6.509  -6.972   0.454  -2.145  -6.111   0.559  -4.211  -6.473   3.286   5.559  -5.567  -6.640   1.493 
  3 A   1.827  -6.425   0.399  -6.165  -3.348  -2.101  -5.258  -5.448  -0.764   0.160  -2.220  -4.611   2.702   5.152  -2.778   0.837  -1.695  -1.674   2.205  -0.386 
  4 A   1.255   0.477   0.929   0.795  -2.535  -3.349  -1.328   0.071  -0.633  -2.292  -1.502  -1.562   0.040   1.468   0.203   1.811   0.508   2.935   0.675  -2.908 
  5 A  -1.706  -1.974   0.375  -2.967  -1.818  -0.937  -2.235  -3.010  -1.072   1.831   0.162  -3.729   0.253   2.020  -1.388   1.524   0.708   1.901   1.560   1.400 
  6 A  -0.136   0.871   1.106  -2.395  -3.070   0.270  -2.024  -3.029   1.275  -1.088  -0.013  -2.037   0.548   1.911  -0.287   1.552   1.168  -0.633   0.993  -0.109 
  7 A   1.434  -4.054  -1.605  -2.297  -1.288  -3.129  -2.934  -0.908   1.140  -0.955  -2.013  -5.235   1.838   4.047  -2.753   0.850   0.317   1.830   2.647   0.144 
  8 A  -1.343  -1.591   0.399  -5.085  -4.749  -0.644  -0.776  -2.036  -1.938  -3.940   2.521  -2.189  -1.371   3.548   0.159  -1.483  -1.685  -0.726   4.338  -3.235 
  9 A  -6.202   5.805  -5.485  -6.259  -8.362  -3.982  -4.730  -7.032  -5.668  -7.963  -7.465   6.287  -6.546  -8.181  -6.557  -5.565  -6.044  -7.649  -5.560  -7.542 
