#HLA-A0323

Last position-specific scoring matrix computed       
            A       R       N       D       C       Q       E       G       H       I       L       K       M       F       P       S       T       W       Y       V 
  1 A  -0.387   1.973  -4.483  -6.952  -3.720  -2.858  -6.122  -1.293   1.183   1.199   0.403   2.059   3.038  -0.447  -6.344   1.269   0.424  -1.940  -1.020   0.165 
  2 A  -3.324  -7.169  -7.743  -8.184  -6.352  -5.116  -7.513  -8.181  -7.558   1.390   4.763  -7.135   4.921  -4.812  -7.699  -2.154   0.518  -7.014  -6.268   0.060 
  3 A   0.802  -5.286   0.439  -5.532  -3.792  -2.592  -4.326  -4.579  -0.805  -1.907   0.166  -3.726   2.669   5.043  -6.762  -0.249  -2.977   0.743   4.700  -3.306 
  4 A   1.023   0.660   1.277   0.663  -3.118  -1.461   0.250  -0.187  -0.162  -2.822  -1.741  -0.244  -0.874   1.293   0.267   1.275  -0.244   1.032   1.019  -1.603 
  5 A  -1.257   0.905  -1.662  -2.575  -1.669   0.196  -1.453  -1.528   0.401  -0.097  -0.165  -0.911   0.110   1.033  -0.787   1.554  -0.362   3.423   2.900   0.263 
  6 A  -0.132  -1.154   0.099  -1.038  -1.647   0.448  -1.438  -1.161  -0.922  -0.594   0.261  -1.455   1.071   1.575   1.196   1.025   1.617   0.399   0.121  -0.512 
  7 A  -0.590  -4.269  -2.104  -6.775  -2.027  -1.941  -4.539  -3.142   0.259   0.240   1.545  -4.200   3.696   3.645   0.685   0.777  -0.383   2.567   0.529  -0.812 
  8 A  -0.904  -0.502   0.481  -3.340  -3.835  -0.262  -0.554  -0.745  -0.471  -2.467   1.096  -0.770  -1.326   3.032   1.139  -0.168  -0.573  -1.074   3.539  -2.487 
  9 A  -6.020   2.819  -5.441  -6.048  -8.282  -3.919  -4.513  -6.832  -4.568  -7.814  -7.512   7.384  -6.540  -8.092  -6.302  -5.432  -5.950  -7.629  -2.685  -7.486 
