#HLA-A2619

Last position-specific scoring matrix computed       
            A       R       N       D       C       Q       E       G       H       I       L       K       M       F       P       S       T       W       Y       V 
  1 A   0.089  -1.600  -1.305  -1.640  -2.531  -1.319   2.076  -3.211   1.422  -2.227  -1.695  -2.316   2.346   2.066  -4.863   2.798   1.008   0.929   2.728  -2.586 
  2 A  -0.876  -6.774  -5.752  -6.911  -6.090  -4.806  -6.564  -7.053  -7.376   0.874  -3.141  -5.411  -2.588  -6.484  -6.717   1.130   5.735  -7.536  -6.664   4.000 
  3 A   2.676  -2.675  -0.965  -7.245  -2.947  -5.333  -5.584  -6.224  -0.911   3.024  -3.372  -3.968   1.296   1.853  -4.022   0.242  -0.757  -3.190   3.502   1.320 
  4 A   1.347  -0.343   1.228   1.749  -2.570  -0.020   1.480   1.043  -0.494  -4.922  -4.024  -0.228  -1.899  -0.233  -0.184   1.267   0.064   1.147  -0.451  -2.129 
  5 A  -0.091  -1.650   0.693  -1.479  -1.653   0.500  -2.351   0.780   1.560  -0.261  -0.263  -2.503  -0.663   1.603  -0.445   1.080   0.620   1.548  -0.356   0.289 
  6 A  -0.685  -4.282  -1.452  -3.833  -4.028  -1.656  -3.919  -0.762  -3.153   2.164   1.685  -5.852   3.196   0.577  -2.131   0.262   2.031   0.031   0.532   0.460 
  7 A   2.180  -2.258  -0.137  -3.824  -3.318  -1.988  -1.918   1.904  -0.119  -1.325   1.259  -3.359   0.552  -0.157  -0.204   1.327  -0.241  -1.572  -0.346  -1.590 
  8 A   0.330   0.301  -0.871  -3.440  -4.205  -0.672   0.367   1.061  -0.531  -2.494   1.003  -1.729  -3.024   1.480   1.760   1.132  -1.060   0.576   0.852  -1.165 
  9 A  -6.815  -6.935  -7.308  -7.469  -7.737  -6.395  -6.166  -8.257  -3.836  -5.668  -4.914  -6.937   4.371   0.496  -6.960  -6.866  -6.744  -3.308   9.019  -6.081 
