#HLA-A0205

Last position-specific scoring matrix computed       
            A       R       N       D       C       Q       E       G       H       I       L       K       M       F       P       S       T       W       Y       V 
  1 A  -1.660  -3.251  -3.486  -7.746  -7.275  -5.615  -7.146  -4.075  -4.052  -2.723  -1.659  -2.531   2.419   6.182  -7.880   0.228  -2.776   2.408   4.996  -2.609 
  2 A  -3.214  -6.648  -7.382  -7.790  -6.495   3.166  -6.633  -7.512  -7.114   0.780   4.377  -6.546   4.688  -5.024  -7.574  -4.944   0.434  -7.058  -6.282   0.509 
  3 A   2.911  -5.966  -0.574  -2.883  -4.000  -2.722  -6.102  -4.046  -1.240   1.827  -1.255  -5.454   3.650   1.978   1.493   0.901  -1.389   0.036   0.692  -0.511 
  4 A   0.269  -3.587   0.228   4.070  -1.938  -0.919   3.236  -0.210  -1.126  -6.650  -6.200  -2.328  -3.195  -3.223   2.091   1.728  -1.837   0.523   0.083  -4.288 
  5 A   0.530  -3.927  -0.308  -0.110  -2.047  -1.557  -0.122   0.337   1.330   0.520  -0.393  -2.150  -0.657   0.767  -1.959   0.371   0.769   0.751   2.123   0.461 
  6 A  -0.670  -5.381  -1.588  -3.533  -2.450  -2.265  -2.542  -3.073  -0.982   2.295   2.498  -6.364   0.252   1.874  -1.886   0.058   0.182   0.426   1.161   0.718 
  7 A   2.451  -4.821   0.106   0.477  -2.268   0.112  -0.735  -4.152   1.404  -1.724  -4.021  -5.479  -0.997   2.567   1.498   0.333   1.126   2.642   2.195  -1.106 
  8 A   0.436  -1.726  -0.198  -5.643  -3.842  -0.407   0.787   0.552   0.433  -5.508  -0.497  -2.091  -1.781   2.359   2.770   0.759  -1.010  -0.313   3.859  -3.483 
  9 A  -1.360  -7.560  -8.168  -8.433  -6.145  -7.259  -7.723  -8.265  -8.127   1.887   3.464  -7.442  -1.668  -4.512  -7.737  -6.912  -5.365  -7.320  -6.342   5.055 
