#HLA-A6806

Last position-specific scoring matrix computed       
            A       R       N       D       C       Q       E       G       H       I       L       K       M       F       P       S       T       W       Y       V 
  1 A  -5.111  -5.760  -0.142  -0.246  -4.303  -2.806   4.056  -6.792   3.456  -2.108  -2.228  -5.731   5.400   1.829  -7.003   0.593   1.340  -4.050   0.956  -4.348 
  2 A   2.682  -6.522  -5.410  -6.517  -6.026  -5.965  -6.170  -6.300  -6.984  -0.715  -4.945  -6.052  -2.533  -5.502  -6.332   2.568   5.977  -7.546  -6.752   1.501 
  3 A   2.453  -2.025   0.702  -5.590  -5.786  -2.481  -4.550  -5.286  -0.305   1.343  -2.845  -0.858   2.323   3.721  -1.583   1.423  -1.020  -2.222   0.822  -0.734 
  4 A   1.380   0.271  -0.279   0.758  -3.797  -1.746   0.238  -0.154  -1.647  -3.328  -1.378  -0.669  -1.000   1.663   0.326   1.215   0.240   3.151   1.197  -1.713 
  5 A  -1.968  -1.224   0.152  -4.161  -2.230  -1.168  -3.530  -3.048   0.243   3.028  -0.961  -2.931  -0.685   1.434   0.105   0.577  -0.134   1.425  -0.447   2.500 
  6 A  -0.150   2.326   1.569  -1.970  -3.414  -0.376  -1.271  -2.940   1.078   0.531  -0.122  -1.284  -1.678   1.053  -1.825   0.668   1.162  -1.545   0.336  -0.386 
  7 A   2.676  -3.784  -0.629  -1.740  -1.617  -2.294  -2.703   0.317   2.230  -1.840  -3.684  -5.874   0.738   2.734  -1.558   2.083   0.391   1.191   1.132  -0.902 
  8 A  -0.405  -1.438  -0.073  -5.032  -5.310  -1.364  -0.222  -0.414  -1.818  -1.685   1.797  -2.680  -0.837   3.428   1.265  -1.915  -0.775  -1.382   3.225  -1.415 
  9 A  -2.704   4.425  -5.595  -6.261  -8.052  -4.101  -4.760  -6.937  -5.821  -3.774  -4.394   6.653  -2.746  -6.549  -6.481  -5.525  -5.962  -7.616  -4.236  -3.258 
