#HLA-A3202

Last position-specific scoring matrix computed       
            A       R       N       D       C       Q       E       G       H       I       L       K       M       F       P       S       T       W       Y       V 
  1 A  -3.060   4.987  -4.929  -5.966  -4.500  -3.722  -4.993  -4.009  -2.361  -2.750  -4.793   5.768   0.291  -2.405  -6.637  -0.728  -4.228  -2.441  -2.414  -5.238 
  2 A  -2.415  -6.862  -6.679  -7.318  -6.274  -2.561  -6.852  -7.471  -7.284   1.977   2.672  -6.220   3.668  -4.224  -7.100   0.771   4.444  -7.198  -4.784   1.197 
  3 A  -0.275  -4.510   1.550  -4.422  -7.087  -1.552  -6.362  -3.344  -4.094   0.007   0.130  -6.336   3.269   4.453  -7.641   0.056  -3.733   3.403   4.513  -2.578 
  4 A   0.874  -2.530   1.952   1.026  -3.131  -3.111   0.324   0.001   0.805  -2.345  -1.631  -1.667  -2.702   1.627   2.045   1.540  -0.709   1.990   1.296  -3.728 
  5 A  -1.736   0.012  -0.281  -2.478  -3.773  -0.202  -1.657  -0.801   0.098   0.702   0.452  -1.558  -0.484   2.558  -2.002   0.551  -0.267   3.159   1.187   0.853 
  6 A   0.316  -0.285   0.518  -1.718  -3.015   0.448  -2.901  -1.991  -0.928  -0.136   0.561  -3.683  -1.656   0.554   0.204   2.162   2.654  -0.203  -0.410  -0.572 
  7 A  -0.625  -5.940  -0.513  -5.172  -2.027  -1.646  -2.493  -5.009   1.340  -0.126   1.171  -5.037   0.690   2.466  -2.451   0.431  -0.008   1.939   3.810   1.737 
  8 A   0.020  -0.655  -0.524  -3.480  -5.191   0.663   0.192  -0.227  -2.997  -3.293   0.073  -1.530  -2.583   0.237   2.215   2.893   2.598  -1.586  -0.442  -2.604 
  9 A  -6.837  -7.859  -8.086  -7.679  -6.967  -7.731  -8.039  -8.527  -6.516   4.676   0.796  -7.797  -0.922   5.502  -8.272  -7.434  -6.461  -0.426   3.536  -3.237 
