#HLA-A2634

Last position-specific scoring matrix computed       
            A       R       N       D       C       Q       E       G       H       I       L       K       M       F       P       S       T       W       Y       V 
  1 A  -5.264  -6.007  -0.146   3.093  -6.685  -1.810   5.576  -7.129  -0.172  -5.498  -4.758  -5.368   1.495   2.096  -6.857  -0.781  -1.572  -0.357   2.805  -6.933 
  2 A   0.385  -6.921  -6.437  -7.097  -6.074  -5.826  -6.727  -7.123  -7.499   1.822  -2.024  -6.541  -3.682  -5.904  -6.801  -0.556   5.495  -7.515  -6.631   3.949 
  3 A   2.456  -1.463  -1.297  -7.212  -3.236  -4.166  -4.727  -4.833  -0.836   3.463  -3.171  -2.295   0.677   0.738  -2.395  -0.429   0.026  -4.130   1.576   2.058 
  4 A   0.675  -0.212   0.537   2.342  -3.514   0.219   2.227   1.159  -0.156  -4.840  -4.424   0.665  -3.093  -0.498   0.282   0.966  -0.473  -0.018  -0.659  -2.905 
  5 A  -0.294  -0.226   0.313  -0.657  -3.432   0.320  -1.677   0.269   1.624   0.583  -0.818  -1.178  -1.712   1.820   0.652  -0.006   0.314   1.308   0.756  -0.286 
  6 A  -0.733  -2.781  -1.005  -2.643  -2.989  -2.211  -3.106  -0.853  -1.951   2.065   1.659  -4.724   2.452   0.989  -2.936   0.146   2.194  -0.640   0.603   0.040 
  7 A   2.459  -2.109   0.623  -1.669  -3.025  -0.957  -0.407   1.709   1.131  -1.681  -0.502  -3.262  -0.849  -0.780  -0.412   2.172  -0.555  -0.694  -0.738  -1.984 
  8 A   1.109  -0.062  -0.777  -3.535  -5.246  -1.258   0.727   1.098  -0.790  -3.024   0.224  -0.894  -2.140   0.188   2.724   1.406  -0.138  -1.259  -0.534  -0.843 
  9 A  -6.839  -7.059  -7.428  -8.243  -7.584  -6.591  -7.243  -8.245  -3.511  -4.386  -3.652  -7.094   5.068   3.766  -7.965  -6.935  -6.720  -3.622   8.285  -4.978 
