#HLA-A3208

Last position-specific scoring matrix computed       
            A       R       N       D       C       Q       E       G       H       I       L       K       M       F       P       S       T       W       Y       V 
  1 A  -4.141   4.630  -4.725  -6.483  -4.021  -3.834  -5.127  -4.516  -1.762  -2.489  -3.248   5.612   1.580  -0.362  -6.739  -1.046  -4.720  -1.252  -0.733  -4.113 
  2 A  -1.658  -6.833  -6.677  -7.303  -6.273  -1.920  -6.806  -7.407  -7.263   1.722   2.949  -6.587   3.724  -5.037  -7.091   1.228   4.169  -7.229  -6.451   0.806 
  3 A  -0.567  -5.414   0.608  -5.337  -7.092  -3.040  -6.586  -4.195  -3.728   0.375   0.663  -6.992   3.115   4.770  -7.796  -1.246  -3.803   3.412   4.805  -2.366 
  4 A   1.022  -2.775   1.520   0.891  -3.843  -2.513   0.891   0.519   0.654  -3.358  -1.890  -1.818  -2.734   1.228   2.534   1.329  -0.980   2.187   1.713  -4.044 
  5 A  -1.494  -0.595  -0.478  -2.492  -3.077  -0.550  -2.125  -0.060  -0.106   0.645   0.296  -1.983  -0.264   2.668  -2.005   0.251   0.267   3.419   1.137   0.904 
  6 A   0.186  -2.259  -0.377  -1.061  -2.710  -0.820  -3.390  -2.480  -0.960   0.553   1.189  -4.358  -0.978   1.063   0.068   1.960   2.612   0.206  -0.886  -0.038 
  7 A  -0.056  -5.595  -0.448  -4.414  -1.633  -2.063  -2.080  -5.662   1.149  -0.823   0.782  -5.296   0.258   2.752  -1.879  -0.095   0.178   2.587   3.835   1.910 
  8 A   0.349  -0.660  -0.878  -4.883  -4.130   0.154   0.143   0.521  -2.735  -3.014  -0.807  -1.606  -4.237   0.178   2.339   3.067   2.620  -1.963  -0.268  -2.380 
  9 A  -6.858  -7.867  -8.163  -8.509  -6.924  -7.816  -8.103  -8.525  -6.889   4.203   1.974  -7.865  -0.389   5.840  -8.335  -7.479  -6.492  -0.234   1.410  -3.103 
