#HLA-A2450

Last position-specific scoring matrix computed       
            A       R       N       D       C       Q       E       G       H       I       L       K       M       F       P       S       T       W       Y       V 
  1 A  -3.418   1.556  -2.991  -6.715   0.284  -2.420  -5.662  -3.515  -2.804   1.023  -0.280   1.501   1.155   2.742  -6.007   0.346  -0.571   1.135   4.788  -1.478 
  2 A  -2.389  -6.907  -6.910  -7.077  -7.456  -1.548  -6.840  -7.631  -4.561  -5.512  -3.445  -5.413   0.441   4.332  -7.647   1.072  -0.800   2.880   7.663  -4.997 
  3 A   0.363  -6.288  -1.639  -1.322  -2.765   2.088  -2.741  -1.198  -3.677   2.175  -0.325  -5.701   2.671   2.252   1.438  -0.631  -1.706   2.470   1.420  -0.291 
  4 A   0.558  -2.477   1.321   1.525  -2.864  -0.126   1.017  -0.676   0.393  -2.686  -3.368  -0.610  -3.053   0.925   3.620   1.490  -1.336   3.133  -1.368  -4.095 
  5 A  -0.381  -2.641   0.224  -2.461  -1.103  -2.877  -0.895  -0.789  -2.837   1.993  -0.680  -3.742  -0.597   0.054  -4.038   0.615   1.706   2.782   0.657   2.317 
  6 A   0.737  -5.247  -0.693  -1.981  -0.562  -1.517  -3.180  -2.866  -0.430   0.532   0.851  -4.116  -1.617   2.959   2.034   0.817   1.154  -0.138   1.881  -1.295 
  7 A  -1.244  -5.434  -0.599   0.198  -2.881   0.431   0.244  -4.976   3.042  -2.833  -0.703  -4.463  -0.545   3.924  -2.316  -0.501  -3.977   5.290   3.629  -0.424 
  8 A  -1.826  -0.299  -0.555  -2.987  -5.248   1.911  -0.236  -2.775   0.027  -1.893   1.690  -1.074  -3.166   1.434  -2.373   1.532   2.813   0.592   1.451  -2.933 
  9 A  -6.795  -7.948  -8.244  -6.585  -6.813  -7.861  -7.457  -8.567  -7.440   5.025   2.073  -7.871  -3.154   5.059  -8.314  -7.534  -6.380   3.553  -4.291  -2.689 
