#HLA-A3017

Last position-specific scoring matrix computed       
            A       R       N       D       C       Q       E       G       H       I       L       K       M       F       P       S       T       W       Y       V 
  1 A  -0.585   3.090  -4.285  -6.670  -2.536  -2.683  -5.124  -3.143   2.916  -0.025  -0.409   2.794   3.614  -1.671  -6.868   2.038   0.118  -4.297  -1.949  -2.416 
  2 A   1.485  -6.471  -4.242  -6.538  -6.219  -1.679  -6.129  -4.931  -5.763  -1.074  -3.521  -6.058   2.403  -1.121  -6.521   3.707   4.923  -0.949  -0.269   1.115 
  3 A  -0.738   2.128  -0.018  -6.729  -7.372  -2.244  -5.213  -5.085   1.350  -0.702  -1.295   3.628   1.987   3.835  -3.759  -0.262  -3.875  -1.796   1.010  -2.837 
  4 A   1.882   0.609   0.607  -0.308  -2.506  -1.635  -1.492  -1.069  -0.399  -1.484  -0.780  -0.461  -0.822   1.056  -0.200   0.886   0.293   0.577   1.385  -0.387 
  5 A  -1.653   0.548  -0.217  -3.120  -2.504  -2.131  -3.439  -2.913   1.132   1.242  -0.274  -1.074   0.325   1.794  -1.612   1.225   0.153   1.571   1.991   1.603 
  6 A  -2.621   1.951   1.719  -3.453  -3.827  -0.951  -2.146  -3.421   1.953   0.354  -0.238  -0.604  -0.293   2.635  -0.459   0.670  -0.156   0.425   0.966  -0.066 
  7 A   1.312  -2.072  -0.599  -3.565  -1.133  -2.333  -3.615  -1.546   1.850  -1.450  -1.915  -5.362   1.613   3.594  -0.081   1.469   0.617   1.929   2.668  -0.789 
  8 A  -0.745  -1.863  -0.778  -5.040  -5.390  -0.925  -0.264  -1.495   0.974  -2.194   1.077  -2.685  -2.425   4.184   0.842  -0.246  -2.051  -1.621   4.279  -2.994 
  9 A  -3.814   2.116  -5.465  -6.046  -8.183  -3.940  -4.517  -6.788  -5.806  -6.772  -5.528   7.439  -4.081  -8.164  -6.277  -5.405  -5.923  -7.723  -5.055  -6.950 
