#HLA-A3008

Last position-specific scoring matrix computed       
            A       R       N       D       C       Q       E       G       H       I       L       K       M       F       P       S       T       W       Y       V 
  1 A  -0.258   5.590  -5.587  -6.419  -7.670  -4.098  -5.136  -3.331   1.168  -4.202  -4.089   4.597   1.068  -7.576  -5.551   0.610  -2.728  -7.519  -5.368  -5.437 
  2 A   1.393  -6.788  -6.273  -6.910  -6.077  -4.426  -5.736  -5.353  -7.253   1.229  -2.130  -6.375   0.160  -5.982  -6.697   2.191   4.792  -7.524  -6.651   3.497 
  3 A  -3.098   6.262  -3.234  -6.756  -7.988  -4.268  -4.885  -7.339   1.377  -4.250  -2.037   3.222   0.652   1.483  -7.100  -3.531  -6.211  -5.113   0.861  -5.896 
  4 A   2.382   1.355   0.611  -0.460  -2.776  -0.719  -1.028  -1.325  -0.068  -2.224  -1.490   0.243  -0.721  -0.289   0.881  -0.121   0.290  -1.552   1.459  -0.567 
  5 A   0.371   2.055   0.388  -3.425  -2.796  -0.729  -3.730  -0.394   2.324  -1.593  -1.761  -0.467  -1.777   0.580   1.067   1.986   0.934   0.389   0.262  -0.340 
  6 A  -0.316   1.578   0.819  -3.465  -2.278  -0.575  -2.677  -0.956   0.779   0.385   0.257  -0.605  -0.766   1.054  -0.442   1.519   0.294   0.394  -0.121  -0.196 
  7 A   0.460  -1.281  -1.096  -5.757  -3.342  -2.033  -4.017  -3.094   0.757   0.350   1.619  -2.785   2.076   2.171   2.378   0.700  -0.205  -0.896   0.578  -0.407 
  8 A   1.296  -0.903  -0.401  -3.667  -3.050  -1.006  -1.403  -1.484  -0.907  -0.752   0.363  -2.500  -3.001   2.524   2.443   1.597  -0.523  -1.490   1.737  -0.916 
  9 A   2.558  -4.204  -5.757  -6.620  -6.912  -4.887  -4.807  -5.992  -5.666  -0.060  -0.439   5.893   0.376  -6.977  -6.499  -3.415  -4.105  -7.594  -5.441   0.732 
