#HLA-A7405

Last position-specific scoring matrix computed       
            A       R       N       D       C       Q       E       G       H       I       L       K       M       F       P       S       T       W       Y       V 
  1 A  -0.347   3.175  -2.490  -6.627  -3.098  -2.670  -5.397  -1.680   2.653  -0.253  -1.978   2.956   3.799  -2.619  -5.677   1.205   0.707  -4.330  -2.315  -0.744 
  2 A  -1.201  -7.044  -7.217  -7.712  -6.281  -2.797  -6.194  -7.713  -7.423   2.068   3.386  -6.857   4.389  -3.860  -7.371  -0.151   2.357  -7.147  -5.694   1.891 
  3 A   0.437  -3.405   2.021  -4.286  -3.405  -0.741  -5.100  -3.627  -0.487  -0.996   0.449  -1.691   2.929   4.040  -3.839   0.558  -2.083   2.040   2.710  -1.691 
  4 A   1.543  -0.220   0.842   0.943  -1.496  -2.699   0.060   0.366   0.306  -3.254  -1.890  -1.088  -0.393   1.223   1.203   0.916  -0.912   2.456   0.851  -1.794 
  5 A  -2.060   1.445  -2.025  -3.457  -1.851  -0.802  -2.887  -1.500   0.380   0.876   0.602  -1.525  -0.847   1.463  -1.504   0.402   0.486   2.563   2.563   1.010 
  6 A  -0.953   0.975  -0.187  -1.930  -2.777  -0.330  -2.450  -2.266   0.924  -0.083   0.382  -1.218   0.124   1.583   0.432   1.305   1.503  -0.401   0.622   0.085 
  7 A   1.502  -4.276  -2.091  -5.895  -1.634  -2.403  -3.905  -5.533   0.714  -0.821  -0.941  -5.050   2.461   4.445  -2.445  -0.028   0.753   3.256   3.024  -0.285 
  8 A  -0.168  -0.404   0.231  -4.246  -3.123  -0.701  -0.680  -0.694   0.345  -5.336   1.227  -2.307  -1.659   3.003   0.477   0.224  -0.399   0.323   4.033  -2.860 
  9 A  -6.539   7.852  -5.572  -6.216  -8.494  -4.117  -5.146  -7.405  -5.522  -8.198  -7.373   2.028  -6.549  -8.072  -6.360  -5.811  -6.217  -7.533  -6.929  -7.621 
