#HLA-A2464

Last position-specific scoring matrix computed       
            A       R       N       D       C       Q       E       G       H       I       L       K       M       F       P       S       T       W       Y       V 
  1 A  -2.708   0.310  -2.259   2.504  -1.536  -2.731  -1.016  -2.210  -1.992  -0.061  -1.053   0.283  -1.793  -0.283   3.873  -0.258  -1.388   0.590   3.330  -1.390 
  2 A  -4.685   0.389  -0.830  -2.905  -1.098  -4.086  -5.738  -2.271  -2.598  -6.688  -5.966   3.310  -3.243   2.763  -4.727  -4.578  -5.358   2.434   7.245  -5.357 
  3 A  -1.016  -1.329  -0.567  -0.180  -1.688   1.096   1.391  -0.350  -1.513   0.864  -0.849   0.622   0.086   1.220   1.611  -0.638  -0.163   0.005  -0.691  -0.557 
  4 A  -0.685  -0.352   1.389   1.262  -3.495   0.248   1.632  -0.165  -0.070  -1.578  -2.332  -0.385  -2.697   0.508   2.143   0.842  -0.909   1.866  -1.032  -0.494 
  5 A  -0.588  -0.769   0.441   0.979  -1.868   0.607   0.419   0.181  -0.642   0.017  -1.217   0.216  -1.103  -1.213  -1.237   0.676   0.959   1.536   0.427   0.368 
  6 A  -0.714  -1.752  -1.428   1.160  -1.701  -0.071   0.605  -1.233   0.304  -0.986  -0.037   0.938  -1.226   2.586   1.281  -0.110  -1.465  -0.620   1.513  -1.318 
  7 A  -1.110  -0.679  -0.003  -0.293  -4.368  -0.049   0.926  -1.707   2.114  -2.038  -1.485   1.381  -1.968   2.464   0.649  -0.833  -2.346   4.498   2.589  -1.555 
  8 A  -1.212  -0.582  -0.201   1.664  -2.563   0.418  -0.055  -1.058  -0.174  -0.939   0.003   0.368  -1.720   1.481  -1.817   1.022   0.952   0.580   1.292  -1.259 
  9 A  -6.671  -6.377  -3.690   1.580  -7.564  -0.697   3.329  -3.970  -5.576   1.165   0.531  -5.732  -3.181   5.430  -0.746  -5.454  -4.774   3.306  -4.251  -4.288 
