#HLA-A2451

Last position-specific scoring matrix computed       
            A       R       N       D       C       Q       E       G       H       I       L       K       M       F       P       S       T       W       Y       V 
  1 A  -2.277   2.334  -1.978  -6.431   0.087  -2.131  -5.354  -2.818  -0.245   0.676  -0.107   2.724   0.554   0.008  -5.371   0.833  -0.430   1.080   3.761  -1.192 
  2 A  -6.310  -7.079  -7.372  -8.241  -7.954  -3.235  -7.161  -8.226  -3.946  -6.269  -5.753  -6.652  -3.450   3.584  -8.015  -6.145  -6.433   3.929   8.823  -6.111 
  3 A  -1.347  -4.123  -1.619  -1.901  -2.794   2.551  -2.839  -0.375  -0.528   1.768   0.687  -2.460   1.487   2.501  -1.191  -0.246  -2.102   2.210   2.081  -0.432 
  4 A   0.134  -0.452   1.524   0.750  -4.304  -0.042   0.433  -0.597   0.876  -2.534  -3.152   0.425  -1.681   1.093   2.776   1.298  -0.973   2.448  -0.129  -2.176 
  5 A  -0.271  -0.144   0.341  -2.556  -0.966  -1.697  -1.199  -1.178  -1.705   1.376  -0.495  -2.606   0.035  -0.344  -3.299   0.859   1.732   2.281   1.520   1.570 
  6 A   0.389  -2.734  -0.416  -1.619  -1.661  -0.560  -2.875  -2.694   0.707   0.013   0.431  -2.575  -1.321   3.222   2.407   0.101  -0.068   1.072   2.244  -1.239 
  7 A  -0.694  -4.091   0.349  -1.043  -3.156   0.961   0.032  -4.536   3.273  -2.233  -0.625  -4.174  -0.672   2.959  -0.806   0.479  -2.555   4.904   3.422  -0.340 
  8 A  -1.634  -0.515   0.527  -2.457  -2.535   1.721  -0.175  -2.749   0.489  -1.424   0.628  -0.451  -2.987   1.858  -2.075   1.827   2.421  -0.156   1.597  -2.539 
  9 A  -6.909  -7.904  -8.214  -7.748  -6.948  -7.926  -8.143  -8.498  -7.194   3.878   2.319  -7.945  -2.209   6.058  -8.430  -7.532  -6.546   3.323  -3.496  -2.888 
