#HLA-A0202

Last position-specific scoring matrix computed       
            A       R       N       D       C       Q       E       G       H       I       L       K       M       F       P       S       T       W       Y       V 
  1 A  -1.531  -3.574  -3.300  -7.728  -6.165  -5.140  -7.148  -2.446  -4.064  -1.625  -0.848  -2.745   1.699   5.806  -7.837   0.023  -2.408   2.734   5.097  -1.911 
  2 A  -6.186  -7.159  -8.163  -8.529  -6.430  -2.172  -7.647  -8.540  -7.566  -0.493   5.556  -7.250   5.125  -4.878  -7.956  -6.778  -4.184  -6.898  -6.194  -2.471 
  3 A   3.386  -5.422   0.347  -1.269  -4.440  -1.009  -5.147  -3.178  -1.520   0.476  -2.134  -4.158   3.251   1.611  -0.658   2.191  -0.844  -0.911   0.675  -1.233 
  4 A   0.618  -3.416  -0.360   3.838  -2.370  -1.359   3.154  -0.329  -0.373  -6.886  -5.212  -1.649  -2.884  -2.364   2.219   1.480  -0.968   0.523  -0.408  -3.468 
  5 A   0.258  -2.706  -1.582  -0.809  -1.639  -2.133  -0.678  -0.274   0.850   0.950   0.447  -1.304   0.137   0.786  -2.255   0.149   0.276   1.053   2.310   0.841 
  6 A  -0.122  -5.658  -0.807  -3.053  -1.997  -1.083  -2.739  -2.848  -1.116   1.952   2.230  -5.913   0.041   1.594  -0.633  -0.379   0.803   0.044   1.041   0.806 
  7 A   2.047  -4.528   0.698   0.278  -2.516   0.576  -0.233  -3.882   1.348  -1.525  -2.583  -4.908  -0.475   2.359   0.922   0.727   0.992   2.204   2.190  -1.364 
  8 A   0.188  -1.370   0.034  -4.529  -3.848   0.588   0.760   0.207   0.431  -4.260  -0.174  -1.369  -1.583   2.104   2.470   0.474  -1.382   0.465   3.641  -2.758 
  9 A  -0.773  -7.551  -8.142  -8.404  -6.144  -7.243  -7.700  -7.641  -8.103   2.046   3.456  -7.418  -1.856  -4.795  -7.707  -6.853  -5.069  -7.326  -6.359   4.935 
