#HLA-A1106

Last position-specific scoring matrix computed       
            A       R       N       D       C       Q       E       G       H       I       L       K       M       F       P       S       T       W       Y       V 
  1 A   1.096   0.584  -3.182  -4.331  -3.659  -2.104  -5.758  -1.095   1.193  -0.226  -1.877   1.959   2.757  -2.917  -4.394   3.636   1.870  -5.466  -2.030  -1.417 
  2 A   0.115  -6.510  -5.832  -5.124  -6.156  -2.989  -4.681  -6.628  -6.948   0.596  -2.324  -5.191   2.053  -6.591  -6.534   3.607   5.315  -7.500  -6.692   1.979 
  3 A   1.153  -6.414   0.930  -3.484  -3.356  -2.587  -4.523  -3.661  -1.176   0.717   1.056  -4.417   3.248   4.190  -6.068   0.118  -3.502   0.130   2.680  -1.700 
  4 A   1.649  -0.428   1.584   0.617  -2.052  -1.897  -1.315  -0.211  -1.019  -1.675  -1.817  -0.622  -0.999   0.721  -0.930   1.748   0.599   1.547   1.064  -1.174 
  5 A  -1.041  -0.954  -0.066  -1.257  -2.529   0.112  -1.527  -0.769   0.386  -0.793  -0.235  -2.197  -0.204   1.629   0.122   1.854   0.703   3.596   1.739   0.055 
  6 A  -0.294  -0.892   0.233  -2.695  -3.730  -0.445  -2.292  -2.692  -0.425  -0.369   1.129  -1.636   1.033   2.642  -0.154   0.974   1.091   1.053   0.782  -0.175 
  7 A  -0.511  -5.308  -0.943  -3.646  -2.493  -3.384  -2.398  -3.714   0.988   0.330   1.285  -5.928   2.724   3.872  -0.904   0.616   0.563   1.087   1.758  -0.602 
  8 A   0.103  -0.689   0.121  -4.222  -5.366  -0.884  -0.043  -0.740  -0.703  -3.407   1.107  -1.070  -1.337   2.920   1.602  -0.504  -0.763  -0.291   3.909  -3.572 
  9 A  -5.976  -1.032  -4.794  -4.538  -8.242  -3.954  -4.269  -6.786  -5.671  -7.715  -7.494   7.620  -6.534  -7.579  -4.526  -5.413  -5.935  -7.326   0.642  -7.434 
