#HLA-A2305

Last position-specific scoring matrix computed       
            A       R       N       D       C       Q       E       G       H       I       L       K       M       F       P       S       T       W       Y       V 
  1 A  -2.894   2.090  -1.394  -6.514  -0.127  -2.513  -4.925  -3.251   1.112   0.536   0.110   1.834   0.869   1.191  -5.033   0.361  -0.563   1.240   4.320  -1.294 
  2 A  -6.314  -7.088  -7.370  -8.228  -7.944  -3.475  -6.662  -8.226  -3.288  -6.241  -5.542  -6.261  -4.175   3.921  -8.022  -6.147  -6.436   3.478   8.760  -6.099 
  3 A  -2.115  -3.406  -1.751  -3.049  -2.536   2.296  -3.287  -1.181   0.109   2.096   0.950  -1.682   1.316   2.558  -0.911  -1.644  -2.027   2.732   2.550  -0.332 
  4 A   0.227   0.022   1.585   0.396  -3.156  -0.612   0.582  -1.024   0.726  -1.617  -2.839   0.500  -1.497   0.698   2.750   1.153  -1.262   2.533   0.178  -2.007 
  5 A  -0.680   0.112   0.976  -1.641  -1.131  -1.806  -0.609  -1.399  -0.781   1.538  -0.760  -1.922  -0.178   0.052  -3.758   0.857   1.326   1.992   1.477   1.160 
  6 A  -0.443  -2.755  -0.858  -2.101  -1.859  -0.856  -2.678  -2.739   0.927   0.600   0.973  -2.611  -1.123   3.567   1.745  -0.590  -0.516   1.474   2.400  -0.954 
  7 A  -0.215  -3.227   0.767  -0.847  -2.107   0.315  -0.587  -3.639   3.078  -2.242  -0.896  -3.379  -0.560   2.695  -0.893   0.335  -2.214   4.592   3.759  -0.340 
  8 A  -1.036  -0.585   0.329  -2.354  -2.062   1.236  -0.086  -2.315   0.220  -1.029   0.418  -0.615  -2.488   1.883  -1.344   1.961   2.156   0.045   1.308  -2.073 
  9 A  -7.020  -7.892  -8.182  -7.752  -7.091  -7.974  -7.432  -8.432  -7.035   3.018   2.177  -7.997  -3.301   6.515  -8.541  -7.542  -6.684   4.563  -3.200  -3.886 
