#HLA-A3215

Last position-specific scoring matrix computed       
            A       R       N       D       C       Q       E       G       H       I       L       K       M       F       P       S       T       W       Y       V 
  1 A  -5.088  -0.452  -1.238  -2.976  -0.482  -3.905   0.082  -5.271   1.714  -1.302  -2.309  -1.030   5.436   4.091  -7.490   0.186  -0.900   2.254   3.709  -4.074 
  2 A   0.110  -6.717  -6.125  -6.848  -6.146  -6.214  -6.522  -6.908  -7.187   1.242  -0.008  -6.343   0.909  -3.854  -6.678   1.766   5.721  -7.377  -5.328   1.969 
  3 A   0.199  -5.784  -0.419  -5.358  -6.047  -3.269  -6.145  -5.476  -3.091   0.810  -1.548  -7.009   2.670   5.177  -6.232  -0.423  -3.277   3.288   4.798  -1.231 
  4 A   0.718  -2.923   1.418   0.855  -4.296  -2.527   1.052   1.269   0.489  -4.190  -2.429  -2.086  -2.279   2.005   1.941   1.036  -0.795   3.284   1.308  -4.233 
  5 A  -2.462  -0.749  -0.874  -3.658  -1.847  -0.869  -2.618  -0.232  -0.131   2.550  -0.289  -2.721  -0.961   2.901  -1.651  -1.149  -1.019   3.713   0.558   1.471 
  6 A   0.522  -0.649   0.422  -0.596  -3.661  -1.699  -3.504  -2.212  -1.549   0.068   0.240  -4.898  -0.514   0.856  -0.200   1.931   3.155  -0.428  -0.500  -0.027 
  7 A   0.913  -4.472  -0.631  -3.612  -2.258  -3.330  -2.060  -2.432   1.700  -0.804  -0.235  -6.558   0.944   2.644  -2.433   1.051  -1.604   3.048   4.096   1.178 
  8 A   1.271  -2.664  -2.957  -5.959  -5.770  -1.070  -0.313   0.306  -3.090  -2.279  -0.016  -2.352  -2.573   0.226   3.006   2.975   2.601  -3.563  -2.179  -1.459 
  9 A  -6.551  -7.778  -7.973  -8.430  -7.132  -7.640  -7.938  -8.460  -5.990   4.064  -0.338  -7.753  -0.480   5.855  -8.283  -7.366  -6.568  -1.430   4.957  -3.595 
