#HLA-A1103

Last position-specific scoring matrix computed       
            A       R       N       D       C       Q       E       G       H       I       L       K       M       F       P       S       T       W       Y       V 
  1 A   1.468   1.113  -4.982  -3.258  -3.324  -2.552  -5.045  -0.698   0.773  -0.586  -2.916   2.646   2.341  -3.872  -2.945   3.661   0.870  -7.430  -3.249  -1.133 
  2 A  -0.788  -6.693  -6.120  -4.704  -6.190  -4.041  -2.654  -6.942  -7.135   1.795  -1.062  -5.619   1.370  -6.375  -6.727   2.806   4.937  -7.488  -6.647   2.777 
  3 A   0.754  -5.604   0.802  -3.664  -5.244  -2.250  -4.310  -4.256  -1.434   0.730   0.611  -3.281   2.831   4.480  -5.164  -0.397  -4.103   0.177   3.941  -2.347 
  4 A   1.306   0.110   2.205   0.397  -2.291  -1.851  -0.700  -0.244  -1.287  -2.489  -2.821   0.023  -0.758   0.877  -1.216   2.026   0.976   0.214   1.168  -2.261 
  5 A  -1.580   0.736  -0.050  -1.466  -4.734   0.770  -1.185  -1.563   0.652  -1.492  -0.611  -0.501   0.082   1.497   0.254   1.948   0.664   3.018   2.063  -0.695 
  6 A  -0.527   0.224  -0.804  -2.137  -3.754   0.188  -1.783  -1.908  -0.909  -0.121   0.807  -0.434   0.491   2.341  -0.694   0.821   1.496   0.597   1.269  -0.881 
  7 A  -0.558  -3.483  -0.764  -3.133  -2.228  -2.699  -2.467  -2.061   0.516   0.585   1.907  -5.180   2.877   2.097  -0.381   1.724   0.664  -0.166   0.004  -0.586 
  8 A  -0.019  -0.209   0.894  -2.729  -4.261  -0.950   0.075  -1.332   0.063  -3.023   0.495  -0.375  -1.076   2.306   2.168   0.322  -0.440  -3.899   3.382  -2.973 
  9 A  -5.939  -2.746  -4.471  -3.697  -8.248  -3.895  -3.060  -6.733  -5.794  -7.769  -7.564   7.738  -6.565  -8.201  -3.917  -5.362  -5.902  -7.726  -3.374  -7.477 
