#HLA-A3309

Last position-specific scoring matrix computed       
            A       R       N       D       C       Q       E       G       H       I       L       K       M       F       P       S       T       W       Y       V 
  1 A  -0.437   4.254  -3.433  -6.672  -2.566  -2.113  -5.637  -1.822   1.845   0.305  -2.322   3.111   3.431  -4.267  -6.224   0.732  -0.412  -4.367  -2.965  -1.230 
  2 A   0.776  -6.677  -6.506  -7.110  -6.339   0.655  -6.458  -6.309  -6.811   0.334   0.877  -6.377   3.557   0.849  -6.976   1.809   3.613  -0.187  -0.882   1.810 
  3 A  -0.976   0.663   0.656  -6.039  -2.091   0.118  -4.960  -3.829   1.282  -0.239   0.830   1.086   2.384   3.453  -4.398  -0.644  -2.224   2.222   2.151  -2.016 
  4 A   0.718   0.530   1.045   0.836  -1.014  -1.881  -0.325  -0.737   0.475  -2.266  -1.468  -0.609  -1.006   0.797   1.691   1.122  -0.589   2.855   0.329  -1.055 
  5 A  -1.350   2.534  -1.896  -3.954  -2.304  -0.320  -2.957  -2.479   1.209   0.410   0.372  -0.200  -0.379   1.580  -2.131  -0.369   0.217   2.876   2.185   0.403 
  6 A  -1.681   2.500  -0.369  -2.559  -3.122  -0.830  -2.322  -2.801   2.283  -0.839   0.233   0.037  -0.186   2.001  -0.969   0.640   0.445   0.755   1.376  -0.191 
  7 A   1.538  -3.180  -0.572  -4.428  -0.848  -1.650  -4.669  -4.335   1.421  -0.930  -2.463  -4.154   1.064   4.284  -3.365  -0.303   0.020   3.634   4.122  -0.685 
  8 A  -0.519  -0.829   0.428  -4.688  -1.692  -0.896  -0.402  -1.416   0.903  -3.508   1.093  -2.224  -1.662   3.044   1.227  -0.125  -0.639   0.139   4.150  -3.036 
  9 A  -6.601   8.099  -5.589  -6.736  -8.518  -4.138  -5.225  -7.476  -5.495  -8.240  -7.355  -0.470  -6.547  -8.045  -7.141  -5.856  -6.249  -7.507  -6.926  -7.633 
