#HLA-A2913

Last position-specific scoring matrix computed       
            A       R       N       D       C       Q       E       G       H       I       L       K       M       F       P       S       T       W       Y       V 
  1 A  -2.162   3.036  -3.032  -6.944  -1.030  -4.515  -5.610  -2.642   1.861   0.020  -1.589   3.036   4.104   1.206  -7.137  -0.464  -1.086   0.445   2.626  -2.056 
  2 A   1.349  -6.647  -6.513  -7.134  -6.501   0.353  -6.445  -6.238  -6.259  -1.183   0.095  -6.373   4.697   2.578  -7.025   1.919   3.018   0.287   2.607  -0.550 
  3 A  -0.477  -5.084  -0.766  -5.372  -2.295  -1.336  -5.414  -4.525  -1.412   0.625   1.091  -6.484   2.647   4.448  -7.741  -0.646  -4.395   3.344   4.709  -2.423 
  4 A   0.943  -1.776   1.926  -0.524  -3.103  -1.034  -0.173   0.184   0.038  -4.134  -2.306  -1.277  -1.188   0.622   2.147   2.459   0.221   2.856   0.841  -2.900 
  5 A  -1.563  -0.711   0.228  -1.870  -2.796   0.664  -2.008   0.215   0.282   1.563   0.371  -2.059  -0.149   2.198  -4.101  -0.280  -1.008   2.796   1.173   0.605 
  6 A   0.338  -0.522   0.213  -1.413  -2.482  -1.835  -4.227  -2.908   0.001  -0.225  -0.116  -3.052  -0.302   2.021   0.920   2.136   2.469   0.411   0.814  -0.985 
  7 A  -0.463  -6.082  -3.127  -5.725  -2.518  -2.808  -3.816  -3.791   1.404  -1.317   2.368  -5.766   0.557   3.526  -1.120  -1.051  -2.265   3.515   4.261  -0.160 
  8 A   0.065  -1.442  -1.256  -4.116  -1.832   0.270  -0.106  -1.308  -1.519  -2.010   0.955  -0.975  -2.485   1.632   2.047   2.503   1.628  -1.915   0.188  -2.224 
  9 A  -7.066  -7.307  -7.510  -8.329  -7.848  -7.028  -7.419  -8.297  -4.250  -3.439  -4.947  -7.384  -4.490   5.529  -8.153  -7.108  -6.969  -1.912   8.308  -6.170 
