#HLA-A6602

Last position-specific scoring matrix computed       
            A       R       N       D       C       Q       E       G       H       I       L       K       M       F       P       S       T       W       Y       V 
  1 A  -4.394  -5.488  -1.485   1.373  -7.818  -2.474   5.959  -7.095   2.183  -5.953  -5.723  -5.198   3.465   1.024  -6.100   0.470  -0.065  -2.321   0.792  -6.769 
  2 A  -0.053  -6.803  -6.210  -6.930  -6.066  -6.307  -6.175  -7.047  -7.429   0.785  -3.840  -6.419  -3.790  -6.527  -6.678  -1.068   6.157  -7.527  -6.681   3.870 
  3 A   2.675  -2.827  -2.138  -7.422  -4.945  -6.602  -6.900  -5.998  -1.101   3.454  -3.511  -3.539   1.247   2.528  -5.012  -0.204  -1.320  -4.908   2.297   1.871 
  4 A   1.235   0.678   0.478   1.873  -3.851   0.065   1.567   0.670  -0.489  -5.628  -4.107   0.181  -0.672   0.403  -0.183   1.122   0.334  -0.215  -0.262  -2.953 
  5 A  -0.688  -1.421   0.972  -2.129  -3.391  -1.354  -3.424  -0.153   1.669   1.062  -0.460  -2.154  -0.899   1.826   1.141   0.677   0.145   1.780   0.300   0.876 
  6 A  -0.372  -1.079  -1.455  -4.237  -3.300  -2.375  -5.264  -2.164  -1.421   2.106   1.626  -3.762   2.993   1.618  -2.595   0.334   1.584   0.042   0.427   0.080 
  7 A   2.583  -2.694  -0.805  -2.480  -3.656  -2.088  -2.332   1.714   1.986  -1.698  -1.588  -5.116   0.575   0.335  -0.327   3.128   0.458  -3.500  -0.706  -2.751 
  8 A   0.791  -1.338  -0.281  -4.867  -6.054  -1.827   0.224   0.549  -0.640  -3.424   0.967  -2.403  -2.526   2.110   3.435   0.034  -1.228  -0.375   2.170  -1.864 
  9 A  -2.792   1.149  -6.202  -6.841  -7.329  -5.460  -6.175  -7.668  -2.625  -1.958  -0.635   3.450   5.683   0.531  -7.309  -6.299  -5.824  -5.152   5.976  -1.643 
