#HLA-A2605

Last position-specific scoring matrix computed       
            A       R       N       D       C       Q       E       G       H       I       L       K       M       F       P       S       T       W       Y       V 
  1 A  -5.231  -5.956  -0.376   3.334  -6.703  -1.775   5.743  -7.079  -0.286  -5.841  -5.122  -5.287   1.112   1.652  -6.790  -0.497  -1.321  -0.162   2.120  -7.023 
  2 A   0.037  -6.949  -6.483  -7.141  -6.075  -5.853  -6.767  -7.195  -7.541   1.813  -2.060  -6.578  -3.662  -5.882  -6.837  -0.903   5.458  -7.515  -6.622   4.151 
  3 A   2.396  -1.225  -1.482  -7.233  -2.657  -4.486  -4.499  -4.848  -0.969   3.507  -3.089  -1.850   0.678   0.698  -2.725  -0.643  -0.076  -4.121   1.710   2.026 
  4 A   0.648  -0.164   0.716   2.212  -2.604   0.282   2.203   1.229  -0.157  -4.287  -4.068   0.523  -3.078  -0.075  -0.183   0.965  -0.473  -0.704  -0.858  -2.985 
  5 A  -0.332  -0.070   0.315  -0.319  -3.107   0.187  -1.759   0.487   1.566   0.614  -0.652  -0.989  -1.535   1.789   0.056   0.077  -0.061   1.174   0.498  -0.286 
  6 A  -1.066  -2.533  -1.093  -2.314  -2.998  -1.912  -3.105  -1.162  -2.145   2.138   1.650  -4.311   2.847   1.145  -2.432  -0.123   1.928  -0.633   0.855   0.009 
  7 A   2.386  -1.819   0.482  -1.763  -4.103  -0.960  -0.633   1.897   1.062  -1.543  -0.265  -3.008  -0.712  -0.850  -0.831   2.149  -0.617  -0.964  -0.845  -1.910 
  8 A   1.089  -0.160  -0.698  -3.364  -5.254  -0.933   0.766   1.377  -0.789  -3.047   0.022  -0.776  -2.157  -0.203   2.751   1.408  -0.189  -1.599  -0.644  -0.850 
  9 A  -6.824  -7.052  -7.427  -8.238  -7.554  -6.580  -7.240  -8.244  -2.936  -3.895  -3.061  -7.086   5.186   3.657  -7.959  -6.932  -6.701  -3.666   8.226  -4.759 
