#HLA-A3313

Last position-specific scoring matrix computed       
            A       R       N       D       C       Q       E       G       H       I       L       K       M       F       P       S       T       W       Y       V 
  1 A  -5.604  -4.986   0.215   3.437  -4.983  -3.591   3.638  -7.224   1.199  -3.244  -3.028  -5.301   3.417   2.927  -7.162  -1.401  -0.843   1.603   3.586  -4.299 
  2 A   0.832  -6.886  -6.439  -7.113  -5.452  -5.821  -6.709  -6.315  -6.994   0.409  -0.916  -6.554   0.755   1.916  -6.230   0.368   5.101  -4.152  -0.368   2.659 
  3 A   1.167  -2.777  -0.796  -3.180  -1.119  -2.065  -2.836  -3.662  -1.666   2.347  -1.403  -2.966   1.812   3.258  -5.069   0.446  -0.989   1.717   3.122   0.013 
  4 A   0.213   0.016   0.734   0.892  -2.586  -0.998   0.872   1.337  -0.275  -3.746  -2.962   0.388  -2.073   0.778   1.069   1.464  -0.360   2.535   0.242  -2.425 
  5 A  -1.100  -0.131   0.382  -2.358  -2.083   0.732  -1.808  -0.994   1.681   1.391  -0.162  -1.338  -1.158   2.419  -1.400  -0.860  -1.236   3.657   1.397   0.170 
  6 A  -1.135   0.336   0.720  -1.673  -3.082  -0.897  -2.185  -1.850   0.552   0.370   0.340  -2.491   1.750   2.795  -1.493  -0.012   1.768   0.068   1.577  -1.160 
  7 A   2.106  -2.507   0.111  -3.422  -3.380  -2.177  -2.444  -0.408   0.958  -1.262   0.353  -4.253   0.014   2.382  -1.380  -0.191  -1.997   3.113   3.891  -1.210 
  8 A   0.978  -1.827  -1.217  -3.775  -6.860  -1.077   0.852  -0.763  -1.709  -1.861   1.636  -2.016  -1.300   1.672   2.357   1.196   0.196  -4.185   0.188  -1.105 
  9 A  -6.947  -2.341  -7.291  -8.217  -7.952  -6.546  -7.122  -8.280  -3.430  -5.691  -5.585  -6.914  -1.958   2.832  -7.907  -6.941  -6.897  -3.180   9.101  -6.365 
