#HLA-A2407

Last position-specific scoring matrix computed       
            A       R       N       D       C       Q       E       G       H       I       L       K       M       F       P       S       T       W       Y       V 
  1 A  -1.722   3.253  -2.990  -3.880   0.280  -2.918  -4.665  -2.443  -0.262   0.649  -0.763   3.247  -0.322  -1.567  -1.689   0.746  -0.662  -0.627   2.719  -1.439 
  2 A  -5.988  -5.609  -4.980  -8.121  -7.985  -5.390  -7.049  -7.617  -3.874  -6.383  -5.893  -2.516  -5.938   2.604  -5.787  -6.080  -6.398   3.930   8.934  -6.170 
  3 A  -1.194  -3.521  -1.252  -3.432  -2.068   2.556  -2.074  -0.628  -0.083   1.429   0.893  -1.362   1.242   2.409  -1.512  -0.702  -1.640   2.394   2.195  -0.567 
  4 A   0.530   0.211   1.163  -0.060  -3.138   0.172   0.302  -0.972   0.794  -1.666  -2.569   0.467  -2.027   0.773   2.802   1.157  -0.584   2.074  -0.791  -1.611 
  5 A   0.427  -0.518   0.636  -1.814  -1.445  -1.547  -0.606  -0.810  -1.704   0.975  -0.805  -1.928   0.018  -0.435  -2.885   1.056   1.393   1.984   0.828   1.518 
  6 A  -0.056  -2.361  -0.613  -1.154  -1.858  -1.032  -2.402  -1.915   0.547   0.230   0.664  -1.448  -1.642   2.920   2.130   0.258  -0.558   0.923   2.198  -0.937 
  7 A  -0.612  -3.860   0.449  -0.267  -3.150   1.017  -0.054  -4.072   3.040  -1.217  -0.096  -2.231  -0.418   2.489  -0.986  -0.273  -2.559   4.093   3.360  -0.320 
  8 A  -1.707  -0.698   0.378  -1.138  -1.863   1.334   0.282  -3.618   0.223  -1.170   0.945  -0.169  -2.026   1.590  -1.815   1.554   1.985  -0.384   1.544  -1.930 
  9 A  -6.800  -7.779  -8.081  -5.058  -6.882  -6.711  -2.397  -7.884  -7.282   4.338   2.561  -7.700  -2.181   5.224  -6.536  -7.433  -6.431   3.435  -4.221  -2.776 
