#HLA-A6804

Last position-specific scoring matrix computed       
            A       R       N       D       C       Q       E       G       H       I       L       K       M       F       P       S       T       W       Y       V 
  1 A  -6.136  -5.753   1.139   1.112  -2.893  -2.796   4.140  -6.093   3.146  -2.403  -2.742  -5.405   4.674   1.552  -7.003  -0.309   1.304  -0.378   1.418  -3.633 
  2 A   1.725  -6.767  -6.223  -6.877  -6.084  -5.189  -6.496  -6.386  -7.214   1.668  -1.745  -6.346  -0.036  -4.364  -6.650   2.011   5.108  -7.480  -6.611   2.712 
  3 A   2.212  -4.613   1.073  -5.576  -2.711  -1.489  -3.625  -4.538  -1.185   1.165  -2.166  -2.479   2.327   3.558  -3.748   1.233   0.300  -2.193   1.816  -0.206 
  4 A   0.291  -0.058   0.593   1.726  -3.471  -2.168   0.339  -0.351  -0.385  -2.767  -1.755  -0.779  -1.479   1.717   1.202   1.484   0.284   2.707   1.033  -2.874 
  5 A  -0.654  -0.864  -1.445  -2.893  -2.241  -0.230  -2.681  -2.091  -0.574   2.336   0.244  -2.903  -0.687   1.729   0.108   0.039   0.236   1.181   0.989   1.636 
  6 A  -0.107   1.580   0.216  -0.836  -4.174   0.824  -1.407  -2.948   0.295  -0.292   0.140  -1.379   0.115   1.240  -1.146   0.771   1.644  -0.185   0.268  -0.023 
  7 A   2.505  -3.809  -0.662  -2.456  -0.957  -2.664  -2.010  -0.075   0.859  -1.043  -2.492  -4.844   0.759   2.599  -2.695   1.132   0.855   1.068   2.336   0.204 
  8 A   0.928  -1.311   0.224  -4.407  -2.533   0.187   0.480  -1.175  -1.145  -3.548   1.609  -1.618  -1.003   2.658   0.367  -0.757  -0.337  -0.331   2.880  -2.221 
  9 A  -6.589   8.052  -5.585  -6.721  -8.514  -4.133  -5.209  -7.462  -5.500  -8.231  -7.358   0.240  -6.547  -8.051  -7.122  -5.847  -6.242  -7.511  -6.926  -7.630 
