#HLA-A1125

Last position-specific scoring matrix computed       
            A       R       N       D       C       Q       E       G       H       I       L       K       M       F       P       S       T       W       Y       V 
  1 A   1.246   1.553  -5.056  -6.492  -3.027  -2.367  -5.680  -0.581   1.320   0.136  -2.874   3.035   2.474  -3.463  -5.098   3.164   0.549  -5.521  -3.470  -0.919 
  2 A  -0.411  -6.692  -6.153  -6.815  -6.178  -2.012  -5.359  -6.537  -7.112   2.124  -0.902  -6.301   2.125  -6.325  -6.740   3.085   4.698  -7.465  -6.623   2.436 
  3 A  -0.075  -5.671  -0.055  -6.950  -6.066  -3.239  -6.544  -5.286  -1.223  -0.080   0.909  -3.207   2.523   4.955  -6.884  -1.244  -4.917   0.759   5.079  -2.803 
  4 A   1.327   0.342   2.015   0.353  -2.069  -1.336  -0.580  -0.246  -1.140  -2.398  -2.440   0.275  -1.166   0.751  -1.320   1.959   0.719   0.016   1.002  -2.113 
  5 A  -1.457   0.494  -0.003  -2.303  -3.790   0.527  -1.922  -1.688   0.485  -1.226  -0.325  -0.566   0.367   1.565   0.253   2.199   0.252   2.872   2.025  -0.239 
  6 A  -0.220  -0.175  -0.536  -3.392  -2.769  -0.353  -2.392  -2.276  -0.913   0.113   0.740  -0.715   0.956   2.578  -0.224   0.783   1.252   0.603   1.474  -0.559 
  7 A  -0.249  -3.177  -0.629  -4.833  -2.233  -1.904  -3.685  -2.132   0.521   0.635   1.628  -5.181   2.646   2.469   0.801   1.601   0.332  -0.380   0.525  -0.636 
  8 A  -0.018  -0.541   0.676  -4.140  -3.830  -1.167  -0.025  -0.726   0.240  -3.016   0.603   0.073  -1.071   2.492   2.168   0.161  -0.332  -2.193   3.046  -3.165 
  9 A  -5.945  -2.742  -5.436  -5.616  -8.241  -3.909  -4.435  -6.754  -5.094  -7.730  -7.520   7.752  -6.535  -7.874  -5.229  -5.384  -5.914  -7.512  -0.715  -7.448 
