#HLA-A0248

Last position-specific scoring matrix computed       
            A       R       N       D       C       Q       E       G       H       I       L       K       M       F       P       S       T       W       Y       V 
  1 A  -1.014  -1.680  -2.334  -7.406  -4.229  -3.880  -6.320  -2.099  -2.328  -1.823  -0.342  -0.469   2.504   4.656  -7.535   0.703  -1.254   2.371   4.785  -1.007 
  2 A  -6.128  -7.069  -7.978  -8.361  -6.446  -0.059  -7.426  -8.449  -7.504  -0.181   5.412  -7.116   4.467  -3.952  -7.876  -5.874  -1.766  -5.273  -6.184  -1.260 
  3 A   2.090  -6.912  -1.177  -0.022  -4.542  -1.406  -5.691  -2.835  -3.698   0.643   0.894  -6.590   3.767   2.803  -0.539   0.570  -1.963   3.161   1.082  -2.101 
  4 A   0.029  -2.608   0.378   4.240  -2.168  -1.238   3.384  -0.180  -0.855  -6.018  -5.801  -2.974  -3.874  -2.034   2.485   0.802  -1.963   0.682  -0.806  -4.626 
  5 A   0.578  -2.717  -1.285  -0.132  -1.659  -1.707  -0.788   0.660   0.561   0.219  -0.400  -2.074  -0.543   0.542  -2.567  -0.011   0.176   3.485   3.249   0.110 
  6 A  -0.084  -5.994  -0.643  -1.823  -1.434  -1.184  -2.959  -2.233  -0.241   1.724   2.124  -5.282  -0.633   1.769  -0.311  -0.085   0.983  -1.185   0.930   0.280 
  7 A   0.787  -5.242  -1.088  -1.396  -2.549  -0.483  -1.841  -5.817   1.526  -0.652  -1.612  -4.969   0.774   4.041   1.555  -0.967  -0.352   4.334   3.232  -0.830 
  8 A  -0.251  -1.634   0.199  -4.769  -4.270   0.056   0.566   0.934  -0.473  -4.608  -0.145  -1.835  -0.585   2.396   2.610   0.587  -0.172  -0.116   3.231  -3.458 
  9 A  -1.609  -7.632  -8.125  -8.381  -6.088  -7.285  -7.698  -8.254  -8.234   2.411   2.075  -7.452  -3.114  -4.924  -7.695  -6.839  -4.954  -7.437  -6.386   5.720 
