#HLA-A0108

Last position-specific scoring matrix computed       
            A       R       N       D       C       Q       E       G       H       I       L       K       M       F       P       S       T       W       Y       V 
  1 A  -0.116  -2.176  -1.366  -6.210   0.413  -2.711  -2.734  -1.431  -0.804  -0.070   1.814  -2.406   2.611   2.117  -3.352  -0.081   1.115   0.774   2.146   0.207 
  2 A   0.054  -6.363  -5.113  -6.253  -6.153  -4.876  -5.991  -5.046  -6.754  -0.982  -0.809  -5.918  -1.521  -6.275  -6.328   4.852   5.552  -7.535  -6.764  -0.621 
  3 A   0.964  -6.379   0.103   6.057  -4.895  -1.911   1.984  -2.256  -5.312  -3.971  -5.474  -5.666  -2.933  -4.353  -4.706   1.788  -0.951  -4.593  -2.996  -5.116 
  4 A   0.785  -0.510   0.534  -0.320  -2.065   0.790   0.653  -0.390   0.019  -1.011  -0.672   0.271  -0.703  -0.634   0.016   1.517   0.472   1.011  -0.530  -0.914 
  5 A  -1.011  -1.885   0.609   0.492  -2.076   0.648   0.740   0.100  -0.650   0.475   0.366  -0.987   0.011   0.280  -1.473   0.247   0.408   1.880   0.315  -0.390 
  6 A   0.311  -1.775   1.547  -0.851  -2.769   0.709  -0.608  -0.473  -0.643  -1.196   0.248  -1.494   0.182  -0.354   0.506   1.674   2.042  -0.683  -0.091  -1.507 
  7 A  -0.419  -2.233  -0.521  -0.318  -2.797   0.743   0.570  -0.014   0.456  -1.328   2.160  -3.485  -0.033   1.596  -1.071   0.141  -0.745   1.436   0.426  -1.585 
  8 A  -0.673  -0.176  -0.838  -1.583  -3.389  -0.172   0.710  -3.346  -4.471  -0.513   2.316  -1.186   0.536   1.573   0.049  -0.267   0.036   0.583   0.678  -0.428 
  9 A  -6.219  -6.951  -6.634  -8.193  -7.916  -6.461  -7.069  -8.274  -1.870  -4.595  -5.464  -6.133  -0.363  -0.145  -7.820  -6.891  -6.842  -3.101   9.348  -4.546 
