#HLA-A6829

Last position-specific scoring matrix computed       
            A       R       N       D       C       Q       E       G       H       I       L       K       M       F       P       S       T       W       Y       V 
  1 A  -4.371  -5.206   0.176  -1.367  -2.309  -3.145   3.029  -5.348   3.235  -0.796  -1.513  -5.315   5.215   1.340  -6.364   0.799   2.122  -0.609   1.564  -2.824 
  2 A   1.926  -6.757  -5.731  -6.834  -6.084  -6.237  -6.463  -6.018  -7.164   0.942  -2.415  -6.331  -2.184  -1.400  -6.619   2.164   5.150  -7.387  -5.770   2.870 
  3 A   1.924  -4.223   0.202  -6.113  -2.460  -2.224  -4.687  -4.989  -2.070   1.228  -1.900  -2.421   2.628   4.433  -4.057   1.037  -0.469  -2.147   1.495  -0.089 
  4 A   0.451   0.359   0.767   0.908  -3.810  -2.183  -0.598  -0.345  -0.747  -3.266  -1.387  -1.137  -0.063   1.690   0.971   2.157   0.550   2.708   0.978  -3.247 
  5 A  -1.117  -0.379  -1.093  -3.797  -2.026  -0.309  -2.807  -2.487   0.170   2.552  -0.126  -3.271  -0.819   2.174  -0.468   0.436   0.145   1.048   1.004   1.500 
  6 A  -0.486   2.215   0.563  -1.639  -4.694  -0.064  -1.912  -2.949   1.145  -0.998  -0.288  -1.033   0.374   1.760  -1.150   0.931   1.558   0.580   0.566  -0.188 
  7 A   2.172  -2.381  -1.030  -1.859  -1.113  -2.649  -2.506  -0.645   1.794  -0.885  -2.353  -5.048   1.496   2.624  -2.699   1.353   0.818  -1.125   2.576   0.109 
  8 A   0.317  -0.883   0.699  -4.214  -3.112  -0.106   0.141  -2.057  -0.717  -3.812   1.782  -1.547  -0.994   2.937   0.999  -1.078  -0.826  -1.390   3.419  -2.986 
  9 A  -6.527   7.804  -5.571  -6.647  -8.490  -4.111  -5.132  -7.393  -5.523  -8.188  -7.373   2.349  -6.546  -8.057  -7.030  -5.803  -6.212  -7.524  -6.161  -7.616 
