#HLA-A0291

Last position-specific scoring matrix computed       
            A       R       N       D       C       Q       E       G       H       I       L       K       M       F       P       S       T       W       Y       V 
  1 A   0.090  -0.399  -3.557  -7.373  -6.142  -3.322  -6.617  -2.467  -3.678  -2.820  -2.210   0.529   2.040   5.124  -7.472   0.678  -1.847   2.465   4.778  -2.248 
  2 A  -3.394  -6.175  -6.951  -7.334  -6.657   5.134  -5.252  -6.905  -6.677   0.584   3.679  -6.002   4.389  -4.985  -7.408  -3.677  -0.062  -5.381  -6.298   0.871 
  3 A   0.919  -7.139  -2.980  -1.900  -5.072  -2.820  -6.053  -4.648  -3.151   2.026   1.895  -6.893   4.018   2.754   0.283  -1.020  -2.307   2.643   0.798  -0.300 
  4 A  -0.004  -4.365   0.837   4.213  -1.072  -1.326   3.839  -0.067  -1.125  -7.136  -6.758  -2.846  -4.783  -2.669   2.023   0.772  -2.608   0.834  -1.271  -4.185 
  5 A   0.901  -2.704  -0.296   0.080  -1.861  -1.439  -0.771   1.643   1.279  -0.432  -1.217  -2.233  -1.418   0.856  -2.548   0.179   0.223   2.205   2.890  -0.551 
  6 A  -0.858  -6.143  -1.916  -3.741  -2.706  -2.828  -3.500  -2.797  -0.997   2.582   2.770  -5.183  -0.438   2.443  -2.636  -0.225  -0.220  -0.151   0.591   0.366 
  7 A   1.020  -5.501  -0.345  -0.864  -2.300   0.224  -0.782  -4.843   1.275  -0.210  -2.748  -5.651  -0.231   3.343   2.739  -1.050   0.515   3.776   2.401  -0.659 
  8 A   1.047  -2.124  -0.133  -4.108  -3.817  -0.975   0.326   0.919  -0.045  -5.131  -1.157  -2.691  -1.815   2.142   3.334   0.808  -0.062  -0.344   3.328  -3.854 
  9 A  -0.706  -7.580  -8.096  -8.356  -6.090  -7.234  -7.653  -8.147  -8.167   2.064   2.487  -7.405  -1.927  -5.223  -7.659  -6.762  -4.712  -7.413  -6.393   5.529 
