#HLA-A3022

Last position-specific scoring matrix computed       
            A       R       N       D       C       Q       E       G       H       I       L       K       M       F       P       S       T       W       Y       V 
  1 A   0.093   2.419  -5.086  -6.985  -2.797  -3.455  -6.025  -2.050   1.077   0.293   0.049   2.691   2.924   0.554  -7.043   0.709  -1.128  -0.376   2.048  -0.883 
  2 A  -0.006  -6.685  -6.409  -7.058  -6.226  -1.736  -6.543  -7.029  -7.033   0.090   1.632  -6.386   4.551  -2.709  -6.903   2.493   4.023  -7.201  -4.757   1.747 
  3 A   2.030  -0.943   1.007  -3.345  -2.500  -1.813  -2.601  -2.052  -0.245   0.836  -1.089  -0.773   2.039   2.011  -5.811   1.445  -2.698   0.796   3.598  -3.035 
  4 A   1.109  -1.064   1.668   0.606  -4.245  -0.424  -0.230   0.223   1.224  -3.277  -3.991   1.032  -1.210  -0.214   1.125   2.311  -0.273   1.286   0.372  -2.924 
  5 A  -1.060  -1.220   0.833  -0.409  -0.730   1.022  -0.744   1.083   2.188  -0.423   0.542  -1.599  -1.524   0.948  -2.911   0.509  -0.218   2.092   0.864  -1.466 
  6 A  -0.427  -1.564   0.513  -0.970  -4.138  -0.268  -2.800  -1.318   0.093   0.037   0.424  -2.936   1.629   1.447   1.060   1.634   2.379   1.547  -0.460  -2.217 
  7 A   0.610  -3.192  -1.549  -4.025  -2.783  -1.067  -3.385   0.152   1.837  -2.874   2.664  -5.825  -0.008   2.581   1.131  -0.647  -2.588   2.399   2.486  -3.308 
  8 A  -0.031  -0.128  -2.109  -3.840  -4.173  -0.880   0.098  -0.043  -0.656  -2.402   1.955  -1.460  -1.964   2.706  -0.150   1.729  -0.787  -1.482   1.061  -2.132 
  9 A  -6.910  -6.961  -7.264  -8.230  -8.017  -6.462  -7.070  -8.310  -3.492  -6.439  -6.215  -6.966  -5.997  -1.411  -7.819  -6.911  -6.900  -2.963   9.560  -6.452 
