#HLA-A0236

Last position-specific scoring matrix computed       
            A       R       N       D       C       Q       E       G       H       I       L       K       M       F       P       S       T       W       Y       V 
  1 A  -0.390  -2.290  -2.017  -7.564  -6.106  -4.589  -6.455  -2.342  -3.712  -2.093  -0.299  -0.758   2.465   5.112  -7.666  -0.684  -2.500   2.637   4.898  -1.004 
  2 A  -5.898  -7.113  -8.104  -8.476  -6.437  -1.244  -7.563  -8.503  -7.529  -0.773   5.540  -7.194   5.074  -4.899  -7.931  -6.318  -3.613  -6.903  -6.198  -2.408 
  3 A   2.225  -6.795  -0.670   1.344  -5.062  -0.939  -5.472  -2.532  -3.728   1.078   0.907  -5.727   3.871   1.230  -2.900   1.192  -1.923   2.370  -0.285  -1.507 
  4 A   0.951  -2.987  -0.124   3.748  -1.046  -0.828   3.275  -0.450  -1.144  -5.865  -4.497  -2.536  -3.145  -1.703   1.706   1.237  -0.837   1.393  -1.006  -4.066 
  5 A   0.922  -2.608  -1.980  -0.081  -1.138  -2.135  -0.391   0.800   0.015   0.293  -0.223  -2.554  -0.308   0.746  -2.559  -0.005   0.358   2.560   2.830   0.119 
  6 A   0.053  -6.464  -1.199  -2.029  -1.995  -1.427  -3.562  -2.018  -0.987   1.757   2.507  -5.324  -0.487   1.458  -0.096  -0.139   0.651  -0.906   0.417   0.501 
  7 A   0.715  -5.179  -0.994  -1.082  -2.296   0.353  -0.983  -5.801   1.277  -0.383  -0.428  -4.660   0.629   3.403   1.893  -0.834   0.116   3.611   2.700  -1.051 
  8 A   0.193  -2.202   0.087  -4.305  -3.830  -0.014   0.825   0.431  -0.593  -4.394   0.014  -1.679  -0.831   2.175   2.665   0.622  -0.557   0.622   3.255  -2.832 
  9 A  -0.177  -7.571  -8.038  -8.302  -6.045  -7.199  -7.585  -7.512  -8.186   1.590   1.791  -7.367  -2.636  -5.691  -7.595  -6.638  -4.419  -7.472  -6.424   5.862 
