#HLA-A2620

Last position-specific scoring matrix computed       
            A       R       N       D       C       Q       E       G       H       I       L       K       M       F       P       S       T       W       Y       V 
  1 A  -5.275  -6.015  -0.666   3.128  -6.708  -2.572   5.740  -7.163  -1.021  -6.052  -4.767  -5.352   1.312   2.297  -6.207  -1.147  -1.664   0.067   2.620  -6.964 
  2 A  -0.498  -7.069  -6.222  -7.358  -6.108  -5.972  -6.957  -7.424  -7.642   2.299   0.069  -6.739  -1.452  -5.681  -7.013  -1.896   4.903  -7.463  -6.563   4.159 
  3 A   2.722  -2.090  -1.467  -6.179  -3.226  -3.844  -3.869  -4.600  -1.251   3.346  -3.441  -2.384   1.171   0.127  -2.706   0.175   0.082  -5.139   1.831   1.846 
  4 A   0.806  -0.322   0.758   2.102  -3.178   0.480   2.473   1.431  -0.262  -4.831  -3.784   0.452  -2.809  -0.632  -0.406   0.707  -0.655   0.178  -0.978  -2.994 
  5 A  -0.572  -0.018   0.212  -0.430  -3.109   0.256  -1.848   0.514   1.891   0.762  -0.491  -0.869  -1.209   1.548  -0.531  -0.101   0.035   1.554   0.691  -0.280 
  6 A  -0.966  -3.880  -1.361  -2.550  -2.443  -1.790  -3.737  -1.164  -2.873   2.198   1.772  -5.549   3.325   1.033  -2.949  -0.080   2.003  -0.174   0.336   0.156 
  7 A   2.603  -2.012   0.284  -2.456  -4.088  -0.962  -0.580   2.180   1.059  -1.676  -0.160  -3.136  -1.119  -1.335  -1.317   2.153  -0.616  -1.269  -1.196  -2.046 
  8 A   1.376  -0.013  -1.345  -3.243  -5.241  -1.263   0.539   1.421  -1.206  -2.842   0.051  -0.781  -2.600   0.242   2.535   1.433  -0.466  -1.250  -0.012  -1.034 
  9 A  -6.782  -7.045  -7.451  -8.233  -7.481  -6.557  -6.722  -8.246  -3.962  -3.321  -2.486  -7.071   5.512   3.427  -7.945  -6.922  -6.649  -3.752   8.112  -3.675 
