#HLA-A2630

Last position-specific scoring matrix computed       
            A       R       N       D       C       Q       E       G       H       I       L       K       M       F       P       S       T       W       Y       V 
  1 A  -4.322  -5.892  -0.802   2.799  -6.701  -2.310   6.067  -7.106  -0.510  -6.463  -5.424  -5.201   1.661   1.390  -6.122  -0.652  -1.479  -0.391   1.877  -7.010 
  2 A   0.111  -6.878  -6.349  -7.037  -6.062  -5.290  -6.674  -7.110  -7.490   1.382  -4.168  -6.495  -3.744  -6.458  -6.753  -1.046   5.800  -7.537  -6.659   4.147 
  3 A   2.289  -1.655  -2.653  -7.433  -3.959  -5.905  -6.420  -5.808  -0.252   3.880  -2.928  -2.978   1.257   0.916  -2.743  -0.778  -0.632  -5.097   1.716   2.159 
  4 A   0.881  -0.274   0.488   2.469  -2.123   0.419   2.592   0.884  -0.857  -4.427  -4.262   0.099  -1.388  -0.492  -0.648   0.742  -0.305  -0.975  -0.471  -2.697 
  5 A   0.131   0.163   0.689  -1.563  -3.414  -0.182  -2.050   0.338   1.889   0.497  -0.816  -1.996  -1.220   1.603   0.706   0.366   0.232   1.302   0.141   0.003 
  6 A  -1.390  -3.235  -2.359  -3.725  -2.441  -2.974  -4.173  -1.980  -1.977   2.487   2.173  -5.337   3.544   1.439  -3.380  -0.247   1.373  -0.163   0.492   0.148 
  7 A   2.927  -2.321   0.530  -1.764  -3.318  -1.174  -1.135   1.655   1.443  -1.378  -0.758  -3.135  -0.990  -1.174  -0.328   2.096  -0.111  -1.983  -1.190  -2.405 
  8 A   1.392  -1.102  -0.947  -4.148  -5.246  -1.549  -0.229   1.728  -0.795  -3.152   0.130  -1.756  -1.950   1.186   3.114   0.939  -0.423  -0.198   0.315  -1.456 
  9 A  -2.656  -6.505  -7.539  -8.197  -6.998  -6.491  -7.258  -8.106  -2.585  -1.031   0.559  -6.550   6.584   2.135  -7.826  -6.780  -5.924  -4.566   6.806  -0.534 
