#HLA-A3104

Last position-specific scoring matrix computed       
            A       R       N       D       C       Q       E       G       H       I       L       K       M       F       P       S       T       W       Y       V 
  1 A  -0.130   4.138  -3.797  -6.585  -2.573  -3.372  -5.517  -1.432   0.863  -0.219  -2.499   3.949   2.863  -6.429  -6.137   0.808  -0.407  -4.409  -3.796  -1.481 
  2 A   0.726  -6.529  -4.537  -6.956  -6.428   2.028  -6.230  -5.949  -6.559   0.423   0.150  -6.216   3.012   0.850  -6.940   2.181   3.426   1.308   0.476   1.468 
  3 A  -1.392  -1.306   0.898  -5.768  -1.162   0.218  -5.718  -3.859   0.028  -0.447   1.287   0.148   2.217   4.107  -5.163  -0.666  -2.693   2.666   2.318  -1.270 
  4 A   0.824   0.767   1.125   0.654  -1.014  -2.020  -0.541  -0.387   0.216  -2.640  -1.701  -0.447  -1.311   0.995   1.654   1.214  -0.143   2.274   0.598  -1.666 
  5 A  -1.084   1.812  -2.152  -4.626  -2.280  -0.699  -3.288  -2.749   0.548   0.622   0.369  -0.918   0.053   1.944  -1.740  -0.369   0.796   2.726   2.334   1.008 
  6 A  -0.986   2.119   0.035  -3.521  -2.819  -0.853  -2.353  -2.892   2.050  -0.689  -0.003  -0.655   0.114   2.639  -0.228   0.567   0.038   0.604   1.535  -0.149 
  7 A   0.965  -3.681  -0.871  -4.244  -0.713  -1.535  -4.479  -3.802   1.035  -0.619  -1.395  -4.582   1.397   4.251  -2.978  -0.372  -0.348   3.458   4.288  -0.504 
  8 A  -0.403  -0.457   0.793  -4.455  -1.511  -0.521  -0.988  -1.918   0.907  -4.077   1.122  -2.030  -2.476   2.867   1.713  -0.358  -0.578  -0.277   4.240  -3.363 
  9 A  -6.559   7.937  -5.578  -6.684  -8.502  -4.122  -5.171  -7.428  -5.512  -8.212  -7.366   1.445  -6.547  -8.063  -7.077  -5.825  -6.227  -7.523  -6.927  -7.624 
