#HLA-A0120

Last position-specific scoring matrix computed       
            A       R       N       D       C       Q       E       G       H       I       L       K       M       F       P       S       T       W       Y       V 
  1 A  -1.317  -3.667  -0.784  -2.743  -0.339  -3.559  -0.181  -3.258  -0.153  -1.079   0.970  -4.995   2.386   3.860  -4.427   0.156   0.382   2.341   3.849  -1.557 
  2 A  -0.169  -6.246  -5.244  -6.079  -6.128  -5.672  -5.849  -5.894  -6.680  -4.445  -3.752  -5.784  -3.817  -6.526  -5.651   4.904   6.283  -5.617  -6.821  -1.082 
  3 A   1.482  -4.752  -0.190   5.264  -5.377  -2.108   1.485  -2.605  -4.347  -1.009  -2.773  -4.718  -0.803  -2.893  -3.847   2.028  -0.805  -3.673  -1.993  -2.960 
  4 A   0.455  -0.885   0.726   0.632  -2.303   0.243   0.804  -0.117   0.474  -1.197  -0.818   0.306  -0.719  -0.441   0.015   1.593   0.385   1.010  -0.528  -1.504 
  5 A  -0.739  -1.291   1.262   0.415  -1.327   0.207   0.590   0.578  -0.406   0.426  -0.326  -0.865  -0.009   0.896  -2.242  -0.176   0.361   1.774   0.253  -0.650 
  6 A  -0.129  -0.746   0.862  -2.189  -4.139   0.049  -1.532  -0.141   0.001  -0.817   1.306  -1.999   1.154   0.523  -0.140   1.058   1.780  -0.664   0.018  -1.188 
  7 A  -0.194  -2.727  -0.398  -0.617  -3.780   0.296  -0.613   0.567   0.101  -1.175   1.866  -4.026  -0.720   2.200  -0.982   0.179  -0.688   2.873   1.325  -1.778 
  8 A  -0.503  -0.691  -1.075  -2.440  -3.759  -0.102   0.742  -2.151  -3.045  -0.575   2.110  -1.132  -0.682   2.317   0.646  -0.037  -0.219   0.586   0.298  -0.563 
  9 A  -6.869  -7.037  -7.335  -8.237  -7.825  -6.560  -7.155  -8.308  -2.601  -1.910  -4.717  -7.041   0.258   1.311  -7.869  -6.944  -6.811  -2.658   9.136  -3.720 
