#HLA-A0117

Last position-specific scoring matrix computed       
            A       R       N       D       C       Q       E       G       H       I       L       K       M       F       P       S       T       W       Y       V 
  1 A   0.437  -2.500  -1.748  -6.189   0.419  -2.351  -2.493  -1.364  -0.815   0.289   1.704  -2.117   2.488   1.745  -3.799   0.100   1.054  -0.367   1.731   0.574 
  2 A   0.317  -6.358  -5.435  -6.223  -6.142  -5.289  -5.963  -4.297  -6.738  -1.149  -1.463  -5.899  -2.536  -6.335  -6.303   5.010   5.429  -7.562  -6.783  -0.162 
  3 A   1.421  -6.391  -0.208   5.701  -3.877  -1.930   1.748  -2.026  -4.772  -3.763  -4.287  -5.703  -1.973  -3.839  -5.487   2.183  -0.556  -4.545  -2.027  -4.479 
  4 A   1.057  -0.450   0.291  -0.320  -2.527   0.679   0.728  -0.597   0.113  -1.068  -0.840   0.350  -0.707  -0.572  -0.050   1.571   0.555   1.531  -0.934  -0.962 
  5 A  -0.686  -1.891   0.049   0.002  -2.287   0.868   0.510   0.029  -0.784   0.490   0.441  -1.116   0.116   0.233  -1.055   0.363   0.453   1.660   0.315   0.120 
  6 A   0.461  -1.877   1.042  -0.618  -3.051   0.527  -0.792  -0.158  -0.907  -1.299   0.319  -1.503  -0.007  -0.411   0.561   1.523   2.159  -0.679   0.218  -1.229 
  7 A  -0.668  -2.482  -0.754  -0.801  -3.070  -0.201   0.138  -0.132  -0.219  -0.905   2.606  -3.544   0.454   1.786  -0.711   0.209  -0.943   1.310   0.066  -1.544 
  8 A  -0.947   0.173  -0.757  -1.193  -3.409   0.265   0.680  -3.236  -3.651  -0.618   2.173  -0.866   0.609   1.693   0.114  -0.417  -0.329   1.310   0.489  -0.605 
  9 A  -6.542  -6.919  -7.227  -8.189  -7.977  -6.424  -7.038  -8.278  -1.479  -6.059  -5.922  -5.775  -1.139  -1.124  -7.806  -6.886  -6.872  -3.037   9.454  -6.108 
