#HLA-A3310

Last position-specific scoring matrix computed       
            A       R       N       D       C       Q       E       G       H       I       L       K       M       F       P       S       T       W       Y       V 
  1 A  -4.596  -2.376   1.636   2.180  -2.338  -2.388   2.050  -5.732   3.735  -0.787  -1.910  -3.803   4.793  -0.031  -6.346   0.378   1.435  -1.543   0.550  -2.473 
  2 A   1.496  -6.973  -5.779  -7.334  -6.321  -3.414  -6.814  -6.352  -6.870   0.575   0.210  -6.680   2.404   2.755  -7.079   0.644   3.464  -3.324   0.386   2.478 
  3 A  -0.364   0.654   0.419  -5.687  -1.666  -0.186  -4.515  -4.245  -0.084   0.688   0.392   0.770   2.673   3.495  -4.381  -0.227  -1.079   1.584   1.164  -1.243 
  4 A   0.494   0.847   0.223  -0.245  -2.555  -1.734  -0.233  -1.728   0.720  -1.724  -1.148   0.058   0.247   1.412   0.967   1.173   0.003   3.283   1.098  -1.338 
  5 A  -1.754   3.295  -2.531  -5.174  -2.535  -0.410  -4.734  -3.388   0.992   1.739  -0.597  -0.796  -0.368   1.368  -0.895  -0.705  -1.073   1.998   1.157   1.683 
  6 A  -1.978   3.380   0.036  -3.081  -4.285  -0.824  -2.331  -4.429   1.581  -0.702   0.507  -0.113  -1.169   2.766  -1.176  -0.565   0.257   0.435   1.292  -0.842 
  7 A   1.406  -3.037  -0.556  -3.790   0.305  -2.714  -3.353  -2.409   1.645  -0.982  -1.573  -5.206   0.993   3.434  -2.942   0.539   0.221   3.792   3.805  -0.437 
  8 A   0.539  -1.227   0.843  -4.356  -1.159  -0.415   0.108  -2.329  -0.047  -3.529   0.791  -1.389  -1.198   2.631   1.936   0.208   0.312  -2.182   3.104  -2.577 
  9 A  -6.617   8.157  -5.593  -6.755  -8.524  -4.144  -5.246  -7.494  -5.488  -8.251  -7.351  -1.708  -6.547  -8.039  -7.165  -5.867  -6.257  -7.501  -6.926  -7.637 
