#HLA-A6826

Last position-specific scoring matrix computed       
            A       R       N       D       C       Q       E       G       H       I       L       K       M       F       P       S       T       W       Y       V 
  1 A  -3.635  -5.227   0.175  -2.090  -2.285  -2.785   2.306  -5.298   2.783  -1.429  -1.715  -5.646   5.552   1.511  -6.342   1.703   2.398  -1.469   1.786  -3.002 
  2 A   1.320  -6.624  -5.921  -6.642  -6.070  -5.538  -6.311  -6.586  -7.107   0.612  -3.467  -6.187  -2.227  -6.175  -6.496   2.835   5.671  -7.547  -6.717   2.614 
  3 A   1.998  -5.538   0.606  -3.410  -3.305  -1.162  -3.812  -5.591  -2.512   1.075  -1.213  -4.302   3.034   4.079  -5.889   1.764  -0.754   0.275   0.596  -0.509 
  4 A   1.279   0.084   0.387   0.361  -4.191  -3.132  -1.408  -0.546  -0.759  -2.893  -1.400  -0.683  -0.366   2.576  -0.276   2.317   0.070   2.713   0.583  -2.472 
  5 A  -1.210  -0.433  -0.566  -4.151  -1.448  -0.473  -2.456  -3.031  -0.951   2.233  -0.243  -3.400  -0.237   1.875  -0.094   0.726   0.460   2.194   0.997   1.708 
  6 A  -0.208   2.219   1.150  -3.114  -3.412  -0.372  -1.572  -2.733   0.125  -1.539  -0.169  -0.621  -0.796   1.634  -0.356   1.378   1.783  -0.402   0.616  -0.808 
  7 A   1.101  -4.479  -1.329  -2.195  -1.294  -2.718  -2.572  -1.227   1.463  -0.574  -0.458  -6.173   2.144   3.653  -2.944   0.807  -0.219   2.043   3.267  -0.797 
  8 A  -0.071  -1.322   0.871  -4.409  -3.806   0.110   0.312  -1.921  -1.128  -4.079   2.006  -2.509  -1.602   2.732   1.441  -1.014  -0.184  -1.399   3.390  -2.981 
  9 A  -6.325   6.738  -5.522  -6.407  -8.410  -4.037  -4.884  -7.169  -5.601  -8.041  -7.424   5.298  -6.544  -8.067  -6.734  -5.658  -6.110  -7.561  -4.259  -7.565 
