#HLA-A0102

Last position-specific scoring matrix computed       
            A       R       N       D       C       Q       E       G       H       I       L       K       M       F       P       S       T       W       Y       V 
  1 A  -0.114  -2.399  -1.447  -4.881   0.412  -2.706  -2.179  -1.671  -0.007   0.370   1.512  -3.200   2.442   2.244  -3.139   0.259   1.150   0.268   2.224   0.079 
  2 A   0.211  -6.247  -4.356  -6.051  -6.134  -5.661  -5.820  -4.915  -6.625  -3.586  -3.578  -5.774  -3.473  -6.518  -6.184   5.300   5.769  -4.468  -6.813  -0.900 
  3 A   1.253  -4.227   0.210   5.102  -4.295  -1.060   2.201  -1.972  -3.518  -2.705  -3.273  -4.852  -1.404  -2.626  -4.394   2.239  -0.615  -3.015  -1.547  -3.960 
  4 A   0.705  -0.329   0.487  -0.659  -1.859   0.795   0.579  -0.736   0.557  -0.861  -0.667   0.677  -0.345  -0.497  -0.417   1.517   0.634   0.550  -0.339  -1.205 
  5 A  -1.014  -0.989   0.743   0.197  -2.306   0.712   0.669  -0.004  -0.293   0.339   0.450  -0.685  -0.091   0.182  -1.361   0.208   0.406   1.662   0.651  -0.818 
  6 A  -0.027  -0.606   1.438  -1.214  -3.072   0.465  -0.929  -0.616   0.018  -1.173   0.552  -1.498   0.702   0.734  -0.066   1.155   1.646   0.213   0.393  -1.387 
  7 A  -0.544  -2.143  -0.329  -0.173  -3.426   0.496  -0.175   0.353   0.008  -1.176   1.958  -3.372  -0.718   2.120  -0.383   0.008  -1.162   1.793   1.317  -1.845 
  8 A  -1.044  -0.450  -0.768  -2.028  -3.764  -0.255   0.778  -3.473  -3.035  -0.266   2.201  -1.005   0.092   2.197   0.361  -0.470   0.079   0.589   0.635  -0.550 
  9 A  -6.912  -6.967  -7.265  -8.226  -8.003  -6.473  -7.077  -8.304  -2.927  -6.407  -6.166  -6.975  -3.502  -0.457  -7.829  -6.913  -6.897  -2.992   9.502  -6.435 
