#HLA-A9201

Last position-specific scoring matrix computed       
            A       R       N       D       C       Q       E       G       H       I       L       K       M       F       P       S       T       W       Y       V 
  1 A   0.158  -1.585  -3.043  -7.397  -7.131  -4.177  -6.726  -1.866  -4.107  -2.500  -1.602   0.086   1.947   5.179  -7.495   0.711  -1.577   2.375   4.607  -1.627 
  2 A  -5.358  -7.063  -7.959  -8.338  -6.430  -0.131  -7.409  -8.417  -7.488   0.288   5.224  -7.093   4.964  -5.003  -7.854  -6.194  -1.849  -6.953  -6.224  -0.635 
  3 A   1.526  -7.003  -1.370   0.061  -5.075  -2.247  -6.585  -3.915  -3.742   1.756   1.223  -6.703   4.007   2.458  -1.184   0.289  -2.163   2.203   1.068  -0.789 
  4 A   0.032  -3.279   0.563   4.000  -1.561  -0.548   3.293   0.038  -0.854  -6.609  -5.583  -2.751  -3.501  -1.913   2.216   0.868  -1.431   1.264  -0.595  -4.002 
  5 A   0.637  -2.599  -1.194  -0.390  -1.854  -2.135  -0.793   1.272   0.935  -0.112  -0.377  -2.257  -0.108   0.869  -2.255   0.035  -0.016   3.229   2.806  -0.070 
  6 A  -0.513  -6.560  -1.807  -3.735  -2.210  -1.978  -3.485  -2.886  -1.137   2.379   2.846  -6.054   0.765   1.932  -1.643  -0.726   0.265  -0.379   0.762   0.143 
  7 A   0.694  -5.210  -0.292  -1.371  -1.659  -0.224  -1.494  -5.078   0.860  -0.019  -0.935  -5.150   1.068   3.312   2.031  -0.546   0.679   3.427   2.220  -0.462 
  8 A   0.690  -1.918   0.297  -4.767  -4.243  -0.331   0.565   0.497  -0.988  -5.002  -0.098  -2.475  -1.425   2.170   3.065   0.665  -0.271   0.617   3.122  -3.450 
  9 A  -0.701  -7.579  -8.098  -8.359  -6.077  -7.230  -7.643  -8.142  -8.183   1.789   2.398  -7.405  -2.134  -5.598  -7.654  -6.755  -5.245  -7.429  -6.404   5.660 
