#HLA-A2907

Last position-specific scoring matrix computed       
            A       R       N       D       C       Q       E       G       H       I       L       K       M       F       P       S       T       W       Y       V 
  1 A  -1.885  -1.784  -3.042  -5.275  -2.261  -4.457  -3.579  -2.974   0.222   1.033   1.127  -1.714   3.345   2.720  -6.057   0.458   0.351   0.671   4.054  -0.187 
  2 A   0.549  -6.996  -5.101  -7.456  -5.013  -3.437  -6.921  -5.887  -6.505  -0.746   0.890  -6.794   3.724   4.108  -7.304   0.647   2.847  -0.300   2.084   0.743 
  3 A   1.348  -5.566   0.102  -2.091   0.500  -1.169  -3.502  -1.891  -1.857   1.385   0.301  -3.647   2.160   2.708  -4.358   0.902  -1.861   1.814   2.641  -0.851 
  4 A   1.020  -0.416   0.854  -0.432  -2.800  -0.929  -0.897   0.312   0.124  -2.883  -2.465  -0.401  -1.842   0.704   1.736   2.621   0.356   2.179   0.590  -2.441 
  5 A  -1.035  -1.590   1.126  -0.670  -1.668  -0.916  -1.267   0.475   0.924   1.061   0.942  -2.454  -0.488   1.816  -5.074  -0.175  -1.226   2.716   1.216  -0.244 
  6 A  -0.924  -0.967   0.140  -2.135  -3.400  -0.714  -2.394  -1.642   0.294  -0.378   0.260  -2.522   1.743   3.144   0.424   1.041   1.745   1.066   1.447  -1.885 
  7 A  -0.033  -4.565  -2.523  -3.152  -3.096  -2.630  -4.840  -2.356   1.223  -1.197   2.143  -5.762   0.925   3.986  -0.931  -2.804  -3.333   3.269   4.355  -1.655 
  8 A  -0.130  -1.401  -1.086  -3.544  -1.850   0.172   0.134  -1.668  -1.860  -1.862   2.413  -1.423  -0.432   2.965  -0.161   0.086  -0.880  -1.449   1.796  -2.004 
  9 A  -6.916  -6.971  -7.271  -8.233  -8.013  -6.478  -7.080  -8.309  -3.513  -6.425  -6.194  -6.978  -5.986  -0.578  -7.829  -6.916  -6.903  -2.975   9.529  -6.447 
