#HLA-A0312

Last position-specific scoring matrix computed       
            A       R       N       D       C       Q       E       G       H       I       L       K       M       F       P       S       T       W       Y       V 
  1 A   0.506   2.378  -5.093  -6.554  -3.064  -2.875  -5.657  -1.025   1.562   0.376  -1.780   3.422   2.351  -3.271  -5.577   2.682  -0.152  -5.507  -3.452  -0.966 
  2 A  -0.463  -6.610  -5.753  -6.842  -6.231   0.091  -5.611  -5.949  -7.016   1.827   0.171  -6.246   3.053  -5.803  -6.793   3.003   4.327  -7.408  -6.577   2.023 
  3 A  -0.931  -3.347   0.062  -7.515  -6.177  -3.004  -6.496  -5.323  -0.773  -0.785   0.298  -1.853   2.164   5.282  -6.927  -1.850  -5.269   0.455   5.383  -2.976 
  4 A   1.190   0.512   1.867   0.172  -2.074  -1.115  -0.701  -0.496  -0.858  -2.068  -2.142   0.464  -1.012   0.883  -0.927   1.652   0.674   0.219   1.375  -2.174 
  5 A  -1.634   0.774   0.470  -2.187  -3.432   0.279  -2.100  -2.023   1.156  -1.236  -0.419  -0.307   0.090   1.468   0.062   2.220   0.161   2.384   2.140  -0.320 
  6 A  -0.445   0.172  -0.267  -3.364  -2.780  -0.344  -2.075  -1.769  -0.300  -0.012   0.256  -0.704   0.481   2.662  -0.150   1.009   1.222   0.601   1.379  -0.496 
  7 A  -0.249  -2.500  -0.841  -5.087  -2.242  -1.373  -3.655  -2.611   0.768   0.562   1.285  -3.899   2.718   2.496   0.751   1.817  -0.039   0.432   1.283  -0.827 
  8 A  -0.423  -0.661   0.585  -3.958  -3.836  -0.763  -0.120  -1.229   0.420  -2.439   0.482   0.070  -1.365   2.843   1.900   0.429  -0.443  -2.167   3.215  -2.862 
  9 A  -5.946  -2.618  -5.435  -5.616  -8.242  -3.908  -4.434  -6.755  -5.093  -7.731  -7.519   7.752  -6.534  -7.873  -5.675  -5.384  -5.914  -7.511  -0.715  -7.448 
