#HLA-A0250

Last position-specific scoring matrix computed       
            A       R       N       D       C       Q       E       G       H       I       L       K       M       F       P       S       T       W       Y       V 
  1 A  -1.481  -3.080  -3.131  -7.715  -7.244  -5.585  -7.110  -3.095  -3.725  -1.751  -0.910  -1.418   1.755   6.008  -7.842  -0.203  -2.905   2.215   4.756  -1.847 
  2 A  -6.142  -7.124  -8.078  -8.452  -6.427  -1.358  -7.559  -8.492  -7.536  -0.168   5.399  -7.190   5.155  -4.929  -7.915  -6.288  -2.987  -6.919  -6.205  -1.354 
  3 A   3.393  -5.868  -0.218  -0.876  -4.441  -2.016  -5.536  -2.712  -2.301   0.611  -1.566  -5.343   3.670   1.828  -0.057   1.623  -1.289   0.034   0.682  -1.214 
  4 A   0.783  -3.429  -0.293   3.848  -1.537  -1.041   2.840   0.049  -0.375  -6.542  -5.538  -1.980  -2.393  -2.361   1.780   1.825  -0.960   0.688  -0.408  -4.092 
  5 A   0.408  -3.112  -1.298  -0.736  -1.840  -2.449  -0.092   0.326   0.995   1.039   0.162  -1.443  -0.174   1.059  -2.406  -0.063  -0.059   1.191   2.240   0.481 
  6 A  -0.196  -5.678  -0.891  -2.931  -1.992  -1.428  -2.753  -2.858  -1.439   1.979   2.659  -5.945  -0.243   1.225  -0.809  -0.540   0.649   0.035   0.550   0.762 
  7 A   2.093  -4.330   0.356   0.038  -2.512   0.248  -0.515  -4.199   0.876  -1.314  -2.084  -4.135  -0.130   2.811   0.714   0.278   0.732   2.210   2.414  -1.035 
  8 A   0.287  -1.639   0.031  -4.769  -4.267  -0.324   0.891   0.694  -0.579  -4.606  -0.044  -2.090  -1.421   2.025   2.637   0.722  -1.460   0.633   3.705  -3.038 
  9 A  -0.592  -7.549  -8.120  -8.383  -6.121  -7.230  -7.670  -7.608  -8.118   1.790   3.214  -7.405  -2.076  -4.836  -7.681  -6.801  -5.035  -7.353  -6.368   5.176 
