#HLA-A2415

Last position-specific scoring matrix computed       
            A       R       N       D       C       Q       E       G       H       I       L       K       M       F       P       S       T       W       Y       V 
  1 A  -2.438   2.143  -1.990  -6.485  -0.123  -2.863  -5.153  -2.829   0.253   0.740  -0.021   2.223   0.559   0.485  -5.402   0.796  -0.163   0.951   4.148  -1.131 
  2 A  -6.623  -7.088  -7.368  -8.253  -7.959  -4.651  -7.184  -8.242  -3.893  -6.281  -5.774  -6.660  -4.197   3.395  -8.000  -5.802  -6.432   3.545   8.918  -6.113 
  3 A  -1.395  -3.886  -1.068  -1.793  -2.289   2.842  -2.684  -0.411  -0.413   1.623   0.469  -2.058   1.361   2.278  -0.895  -0.235  -1.626   2.008   1.658  -0.142 
  4 A  -0.029  -0.123   1.686   0.482  -3.157   0.106   0.392  -0.640   0.800  -2.045  -2.792   0.467  -1.674   0.643   2.724   1.461  -0.832   2.355  -0.692  -2.237 
  5 A  -0.425  -0.298   0.891  -2.108  -1.447  -2.432  -0.989  -1.122  -1.368   1.397  -0.528  -2.026   0.128  -0.416  -3.515   0.893   1.623   1.988   1.221   1.568 
  6 A   0.267  -2.483  -0.227  -1.616  -2.065  -0.555  -2.630  -2.438   0.633   0.015   0.622  -2.269  -1.315   3.078   2.225   0.056  -0.277   0.930   2.451  -1.292 
  7 A  -0.443  -3.874   0.814  -0.708  -2.588   1.216   0.087  -4.344   3.009  -2.418  -0.869  -3.800  -1.232   2.753  -1.081   0.414  -2.008   4.827   3.441  -0.385 
  8 A  -1.517  -0.512   0.384  -2.232  -2.292   1.643   0.285  -3.142   0.403  -1.253   0.457  -0.348  -2.999   1.676  -1.806   1.688   2.605   0.045   1.404  -2.375 
  9 A  -6.969  -7.925  -8.196  -7.748  -7.022  -7.985  -8.149  -8.471  -7.108   3.665   2.014  -7.988  -2.978   6.380  -8.485  -7.538  -6.611   3.575  -3.319  -3.597 
