#HLA-A3016

Last position-specific scoring matrix computed       
            A       R       N       D       C       Q       E       G       H       I       L       K       M       F       P       S       T       W       Y       V 
  1 A  -1.179   5.620  -5.597  -6.436  -5.654  -3.782  -5.114  -4.454   1.539  -3.610  -3.762   4.760   1.332  -6.879  -6.699   0.059  -2.878  -7.507  -5.882  -4.821 
  2 A   2.226  -6.650  -4.412  -6.766  -6.125  -1.859  -6.312  -3.848  -5.307  -0.039  -2.692  -6.226   0.565  -2.202  -6.612   2.735   4.458  -5.475  -2.214   2.870 
  3 A  -4.444   6.502  -3.709  -6.571  -8.197  -4.313  -5.152  -7.256   0.839  -5.956  -3.056   4.396  -1.188  -0.390  -6.922  -4.958  -6.177  -7.137  -1.691  -6.795 
  4 A   2.101   1.422   0.512  -1.543  -2.042   0.024  -1.539  -3.277   0.475  -1.731  -0.885   0.686  -0.450  -0.351   0.673   0.047   0.628  -1.234   0.883   0.049 
  5 A   0.541   2.333  -0.099  -4.380  -2.789  -1.020  -4.304  -0.839   2.576  -1.266  -1.226   0.005  -1.407   0.402   0.203   1.662   1.233   0.014   0.335  -0.212 
  6 A  -0.688   1.978   0.986  -4.177  -2.538  -1.048  -2.792  -1.624   1.274  -0.083   0.004  -0.389  -0.913   1.454  -0.367   1.567   0.154   1.310   1.042  -0.528 
  7 A   0.966  -1.045   0.060  -5.038  -2.028  -1.358  -4.566  -3.049   0.449   0.001   0.980  -2.238   1.024   2.060   2.321   0.787   0.498   0.586   0.996  -0.818 
  8 A   0.745  -0.900  -0.211  -3.661  -4.163  -1.446  -0.983  -2.017  -0.073  -0.697   0.280  -2.307  -2.047   2.837   1.646   1.807  -0.836  -0.586   2.441  -0.735 
  9 A   2.369  -4.117  -5.430  -6.714  -6.888  -4.614  -5.459  -4.698  -4.529  -0.307   0.279   5.676   0.305  -5.077  -6.578  -3.460  -4.563  -7.454  -2.830   1.038 
