#HLA-A0123

Last position-specific scoring matrix computed       
            A       R       N       D       C       Q       E       G       H       I       L       K       M       F       P       S       T       W       Y       V 
  1 A  -0.260  -2.732  -0.703  -5.075   0.219  -2.493  -1.241  -1.602  -0.197  -0.178   1.444  -2.489   2.681   2.296  -4.069   0.417   1.084   0.454   2.505  -0.371 
  2 A   0.159  -6.458  -5.668  -6.434  -6.157  -3.942  -6.135  -5.617  -6.881  -0.208   0.041  -6.037  -1.012  -6.126  -5.870   4.207   5.533  -7.496  -6.719   0.184 
  3 A   1.175  -6.407  -0.193   5.991  -5.509  -2.069   1.883  -2.336  -5.327  -3.295  -4.556  -5.699  -2.907  -3.473  -5.503   1.809  -1.238  -4.566  -2.375  -4.865 
  4 A   1.055  -0.695   0.486  -0.326  -2.283   0.554   0.376  -0.469   0.634  -1.117  -0.700   0.185  -0.347  -0.073  -0.663   1.467   0.710   1.414  -0.510  -1.155 
  5 A  -1.058  -1.993   0.953   0.684  -1.863   0.642   0.312   0.203  -0.780   0.512   0.437  -1.455   0.467   0.278  -1.474   0.364   0.280   1.294   0.089  -0.271 
  6 A   0.434  -2.084   1.154  -1.209  -2.754   0.332  -0.997   0.023  -1.201  -1.015   0.461  -1.903   0.619  -0.229   0.447   1.624   2.251  -0.683  -0.348  -1.430 
  7 A  -0.466  -2.607  -0.753  -0.508  -2.521   0.092  -0.190  -0.245   0.363  -0.812   2.488  -4.037  -0.212   1.963  -1.182  -0.003  -1.234   1.679   0.764  -1.378 
  8 A  -0.549  -0.453  -0.762  -1.336  -3.399  -0.589   1.020  -2.920  -4.466  -0.758   2.196  -1.324   0.443   2.009   0.700  -0.362  -0.168   0.039   0.558  -0.734 
  9 A  -5.442  -6.949  -7.257  -8.202  -7.912  -6.445  -7.059  -8.266  -2.249  -4.604  -5.864  -6.507  -0.724  -1.486  -7.798  -6.873  -6.831  -3.072   9.415  -4.092 
