#HLA-A9212

Last position-specific scoring matrix computed       
            A       R       N       D       C       Q       E       G       H       I       L       K       M       F       P       S       T       W       Y       V 
  1 A  -2.666  -1.254  -5.218  -7.700  -2.596  -4.943  -6.891  -4.105  -4.090  -0.801  -1.056   1.149   1.860   5.795  -7.768  -1.403  -2.789   0.925   4.809  -2.405 
  2 A  -3.708  -7.193  -7.890  -8.314  -6.379  -5.157  -7.603  -7.248  -7.594   0.623   5.201  -7.210   4.566  -4.455  -7.786  -2.927  -0.240  -5.294  -6.232  -0.988 
  3 A   1.510  -6.418  -1.746  -1.053  -5.134  -0.330  -5.738  -1.454  -3.368   1.151   0.427  -6.180   3.571   2.760   1.271   0.181  -1.364   2.722   1.287  -1.408 
  4 A   1.302  -2.747   0.518   2.314  -2.842  -0.268   1.919   0.181  -0.176  -3.401  -3.466  -2.196  -2.541  -0.065   2.595   1.577  -0.962   1.861  -1.063  -2.668 
  5 A  -0.058  -3.027   0.293  -0.077  -0.692  -2.857  -0.867   0.361  -0.803   0.829  -0.473  -3.896   0.558   0.362  -4.332   0.679  -0.090   2.863   1.385   1.893 
  6 A   0.151  -4.996  -0.945  -1.258  -1.993  -0.584  -2.693  -3.588  -1.130   1.657   2.672  -5.524  -0.256   0.825   0.237  -0.179   0.731  -3.439  -0.218   0.443 
  7 A   0.209  -5.942  -1.006  -0.764  -2.568  -0.752  -0.464  -5.612   1.468  -2.030  -1.055  -5.838  -0.202   4.432   0.737  -1.240  -0.654   4.795   3.086  -0.431 
  8 A  -0.720  -1.066  -0.177  -4.494  -6.077   0.143   0.797  -0.033   0.575  -2.463   0.244  -1.504  -1.718   2.089   0.765   1.527   1.496   0.922   2.531  -2.773 
  9 A  -6.058  -7.927  -8.365  -8.490  -6.371  -7.636  -8.163  -8.738  -8.160   5.946   2.643  -7.675  -3.204  -2.325  -7.976  -7.443  -5.931  -3.551  -6.222   1.740 
