#HLA-A2420

Last position-specific scoring matrix computed       
            A       R       N       D       C       Q       E       G       H       I       L       K       M       F       P       S       T       W       Y       V 
  1 A  -2.070   2.408  -1.575  -6.479   0.088  -2.863  -5.449  -2.732  -0.034   0.821  -0.075   2.103   0.301   0.523  -3.773   0.762  -0.672   0.797   4.032  -1.183 
  2 A  -6.619  -7.044  -6.709  -8.236  -7.963  -5.474  -7.168  -8.248  -3.856  -6.284  -5.785  -5.031  -4.656   3.296  -7.972  -6.524  -6.431   2.730   8.978  -6.111 
  3 A  -1.511  -3.345  -1.513  -2.608  -1.487   2.978  -2.243  -0.374   0.009   1.761   0.488  -1.348   1.035   2.096  -0.239  -0.698  -1.812   2.006   1.564  -0.364 
  4 A   0.200  -0.076   1.587   0.309  -3.857   0.100   0.131  -0.598   0.873  -1.553  -2.576   0.426  -1.661   0.819   2.589   1.352  -1.039   2.358  -0.396  -2.144 
  5 A  -0.275  -0.135   0.893  -1.645  -1.283  -2.255  -0.730  -1.173  -1.361   1.346  -0.413  -1.766   0.126  -0.294  -3.750   0.828   1.419   1.550   1.272   1.338 
  6 A  -0.100  -2.273  -0.770  -1.714  -1.665  -0.843  -2.323  -2.142   0.379   0.236   0.888  -2.380  -0.864   3.366   1.961  -0.318  -0.076   0.783   2.319  -1.553 
  7 A  -0.287  -3.514   0.770  -0.777  -2.848   1.166  -0.354  -4.187   2.901  -1.795  -0.661  -2.966  -0.801   2.558  -1.079   0.451  -2.205   4.589   3.461  -0.334 
  8 A  -1.342  -0.699   0.068  -2.237  -2.284   1.470   0.405  -3.038  -0.070  -0.869   0.527  -0.402  -2.719   1.643  -1.450   1.918   2.401  -0.169   1.091  -1.925 
  9 A  -6.992  -7.883  -8.155  -7.086  -7.067  -7.922  -5.646  -8.439  -7.047   3.242   2.107  -7.958  -2.733   6.469  -8.499  -7.519  -6.650   4.012  -3.253  -3.704 
