#HLA-A0121

Last position-specific scoring matrix computed       
            A       R       N       D       C       Q       E       G       H       I       L       K       M       F       P       S       T       W       Y       V 
  1 A   0.164  -1.115  -1.528  -6.125   0.321  -2.318  -2.579  -1.088  -0.549   0.298   1.414  -1.375   2.522   1.559  -4.659   0.568   0.987  -0.603   2.057   0.171 
  2 A   0.200  -6.431  -5.607  -6.382  -6.147  -4.935  -6.095  -5.571  -6.844  -0.737  -0.232  -6.004  -0.633  -6.170  -6.402   4.432   5.528  -7.505  -6.730   0.172 
  3 A   1.333  -6.398  -0.153   5.701  -3.888  -1.413   1.747  -1.894  -4.758  -3.152  -3.954  -5.716  -2.168  -3.254  -6.006   2.011  -1.157  -3.035  -1.438  -4.634 
  4 A   1.008  -0.956   0.439  -0.072  -2.286   0.428   0.165  -0.426   0.297  -1.019  -0.871   0.339  -0.353  -0.131   0.081   1.619   0.472   1.872  -0.512  -1.263 
  5 A  -0.692  -2.108   0.039  -0.058  -1.659   0.747   0.123  -0.046  -1.057   0.621   0.600  -1.620   0.309   0.667  -1.481   0.156   0.321   1.989   0.785   0.194 
  6 A   0.214  -1.986   0.608  -1.017  -2.754   0.263  -0.938  -0.446  -1.519  -0.693   0.860  -1.522   0.935  -0.149   0.202   1.409   2.110  -0.200   0.299  -1.244 
  7 A  -0.313  -2.741  -1.328  -0.752  -3.388  -0.290  -0.052  -0.408   0.360  -0.994   2.619  -4.435   0.459   2.049  -1.744  -0.186  -0.951   2.003   0.830  -1.259 
  8 A  -0.722  -0.393  -1.160  -1.503  -4.182  -0.173   0.886  -2.835  -4.024  -1.102   2.416  -1.191   0.695   1.820   0.240  -0.574  -0.225   1.185   0.985  -0.823 
  9 A  -6.230  -6.938  -7.240  -8.200  -7.967  -6.435  -7.050  -8.280  -1.827  -5.764  -5.916  -6.504  -1.138  -1.285  -7.807  -6.887  -6.868  -3.032   9.463  -5.825 
