#HLA-A2313

Last position-specific scoring matrix computed       
            A       R       N       D       C       Q       E       G       H       I       L       K       M       F       P       S       T       W       Y       V 
  1 A  -2.134   3.137  -2.316  -6.394   0.184  -3.160  -5.269  -2.816   0.144   0.811  -0.394   3.142   0.200  -0.789  -5.809   0.341  -0.489   0.061   3.048  -0.904 
  2 A  -5.291  -7.077  -7.362  -8.225  -7.930  -3.722  -7.161  -8.179  -3.627  -6.276  -5.580  -6.249  -3.143   3.531  -8.009  -5.472  -5.302   4.533   8.744  -6.111 
  3 A  -2.417  -4.424  -2.351  -3.701  -2.061   1.899  -3.209  -1.086  -0.416   1.850   1.522  -2.972   1.070   2.966  -2.180  -1.443  -2.136   2.892   2.780  -0.070 
  4 A   0.385  -0.125   1.200  -0.104  -3.478   0.033   0.582  -1.125   0.561  -1.957  -2.646   0.538  -1.665   0.730   3.207   1.297  -0.901   2.612  -0.897  -2.009 
  5 A  -0.021  -0.467   0.847  -2.771  -1.280  -1.560  -0.739  -0.593  -1.362   1.230  -0.693  -2.399   0.026  -0.116  -3.516   0.762   1.327   2.090   1.377   1.543 
  6 A   0.138  -2.608  -0.288  -1.378  -2.533  -0.937  -2.635  -2.612   1.137   0.090   0.705  -2.375  -1.818   3.170   2.129   0.135  -0.562   1.699   2.246  -1.135 
  7 A  -0.790  -4.118   0.582  -0.493  -2.850   0.679  -0.267  -4.088   3.004  -1.092  -0.139  -3.860  -0.301   2.900  -0.995  -0.331  -2.816   4.505   3.293  -0.095 
  8 A  -1.458  -0.828   0.749  -2.239  -2.064   1.423  -0.034  -3.141   0.224  -0.867   0.712  -0.407  -3.266   1.458  -1.454   1.893   2.156   0.043   1.495  -1.927 
  9 A  -6.924  -7.887  -8.219  -7.747  -6.972  -7.897  -7.436  -8.481  -7.201   3.838   2.361  -7.931  -2.440   5.914  -8.451  -7.541  -6.562   4.597  -3.790  -3.202 
