#HLA-A2456

Last position-specific scoring matrix computed       
            A       R       N       D       C       Q       E       G       H       I       L       K       M       F       P       S       T       W       Y       V 
  1 A  -1.663   2.931  -3.182  -6.401  -0.238  -2.406  -5.907  -2.450   0.051   0.664  -0.342   3.067   0.008  -0.507  -5.794   0.966  -0.662   0.439   3.212  -1.257 
  2 A  -6.283  -7.031  -7.325  -8.225  -7.968  -3.691  -7.118  -8.246  -3.787  -6.321  -5.834  -6.599  -4.673   2.708  -7.938  -6.116  -6.418   2.574   9.088  -6.120 
  3 A  -1.346  -0.849  -0.752  -3.909  -2.549   3.087  -3.024  -0.666   0.315   1.437   0.157  -0.538   0.812   2.079  -1.996  -0.476  -1.901   0.928   2.633  -0.385 
  4 A  -0.251   0.281   2.153   0.243  -3.904   0.754   0.640  -0.729   1.356  -2.768  -4.427   1.106  -2.083   0.641   2.645   0.886  -0.777   1.872   0.099  -2.685 
  5 A  -0.079   0.904   0.869  -2.179  -2.255  -1.641  -1.374  -0.450  -0.901   0.298  -1.054  -1.415   0.094  -1.234  -3.714   1.611   1.868   1.988   1.510   0.916 
  6 A   0.014  -2.260  -0.761  -2.076  -1.478  -0.645  -2.882  -2.206   0.631   0.164   0.667  -2.175  -0.745   2.804   2.065   0.301   0.175   1.073   2.579  -1.075 
  7 A  -0.259  -3.613   1.301  -1.515  -2.834   1.983  -0.325  -2.825   3.601  -2.355  -0.529  -3.272  -0.332   1.479  -0.963   1.641  -1.857   3.716   2.517  -0.546 
  8 A  -1.742  -0.436   0.587  -2.308  -2.546   1.734   0.423  -3.573   1.414  -1.851  -0.137   0.115  -3.057   1.610  -1.674   2.278   2.182  -0.627   1.548  -2.199 
  9 A  -6.937  -7.923  -8.209  -7.745  -6.980  -7.955  -8.151  -8.491  -7.161   3.950   2.093  -7.963  -2.691   6.157  -8.452  -7.539  -6.568   3.571  -3.186  -3.629 
