#HLA-A3213

Last position-specific scoring matrix computed       
            A       R       N       D       C       Q       E       G       H       I       L       K       M       F       P       S       T       W       Y       V 
  1 A  -3.391   4.986  -4.452  -6.086  -3.614  -3.848  -5.171  -3.776  -1.768  -1.409  -3.477   5.322   1.747  -1.991  -6.130  -1.305  -3.852  -2.923  -1.094  -3.667 
  2 A  -1.423  -6.771  -6.099  -7.248  -6.279  -2.048  -6.748  -7.339  -7.178   1.085   2.826  -6.144   4.353  -3.796  -7.054   1.292   4.305  -7.177  -5.750   0.518 
  3 A  -0.192  -4.262   1.453  -4.190  -7.057  -1.077  -5.263  -2.551  -3.697   0.221   0.239  -5.907   2.967   3.816  -6.763   0.186  -3.893   3.272   4.727  -1.592 
  4 A   1.161  -2.507   1.862   0.554  -3.452  -2.698   0.324  -0.416   0.650  -2.687  -1.672  -0.862  -2.232   1.657   1.978   1.616  -0.900   2.861   1.038  -3.375 
  5 A  -1.932  -0.544  -1.011  -3.468  -2.771  -0.150  -2.571  -0.817  -0.013   1.304   0.460  -2.367   0.071   2.674  -2.301  -0.197  -0.166   2.876   1.294   1.629 
  6 A   0.341  -0.972  -0.508  -1.759  -3.004  -0.281  -4.050  -2.012  -0.687   0.348   0.915  -3.934  -0.733   1.022   0.919   1.917   2.448  -0.197  -0.393  -0.346 
  7 A  -0.362  -5.300  -1.492  -6.362  -2.032  -2.244  -2.886  -6.020   1.274  -1.053   2.025  -4.642   0.712   3.080  -3.633   0.049  -1.638   2.979   3.821   1.291 
  8 A   0.052  -0.481  -0.457  -3.327  -3.733   0.353   0.145  -0.343  -3.280  -3.210  -0.386  -1.684  -3.445   1.175   2.086   2.957   2.638  -1.239  -0.238  -3.071 
  9 A  -6.920  -7.732  -7.944  -7.652  -7.176  -7.582  -7.249  -8.457  -5.852   3.838   0.120  -7.720  -1.444   5.719  -8.279  -7.365  -6.603   0.471   5.329  -4.350 
