#B3555

Last position-specific scoring matrix computed       
            A       R       N       D       C       Q       E       G       H       I       L       K       M       F       P       S       T       W       Y       V 
  1 A  -5.803  -5.619   0.521  -4.859  -2.879  -3.445  -2.792  -6.863  -1.164  -0.748   1.565  -6.488   4.952   4.039  -7.409  -1.769  -0.146   3.889   4.173  -2.803 
  2 A  -2.900  -6.774  -6.656  -6.366  -7.262  -6.181  -5.910  -6.763  -6.777  -7.522  -7.630  -5.738  -7.283  -8.456   9.011  -5.465  -5.731  -9.348  -7.364  -7.168 
  3 A   1.620  -4.221   0.571  -0.128  -3.252  -0.391  -0.471  -3.150  -0.575   0.963  -0.568  -5.529   1.361   1.247  -3.081   0.006   0.222   2.691   1.549   1.216 
  4 A   0.855  -1.706  -0.649  -0.570  -1.844   0.929   0.944  -0.507  -0.985  -1.663  -0.390  -1.775   0.539   0.217   1.656   0.716   0.395   2.725   0.784  -0.431 
  5 A   1.350  -2.527   0.235  -0.546  -0.525  -0.530  -0.153  -0.865   0.539   0.034  -0.090  -2.658   0.511   0.450  -1.000   0.560   0.564   1.610  -0.155   0.783 
  6 A   1.065  -0.837  -0.508   0.497  -1.610   0.691  -0.804   0.625  -0.377  -1.030  -1.149  -1.884  -0.441   0.513   0.069   0.745   1.341   2.271  -0.370  -0.309 
  7 A   1.037  -2.924  -0.493  -0.539  -1.245  -1.344  -0.266  -2.405   1.979  -0.121   0.501  -3.813   0.634   1.700   0.382  -0.113   0.879   0.952   1.298  -0.089 
  8 A   3.086  -4.602  -2.825  -4.644  -1.372  -1.094  -0.336  -2.529  -3.057   0.161  -0.054  -4.006  -0.229  -2.122   3.294   0.482   1.433  -3.188  -3.229   0.972 
  9 A  -2.433  -6.904  -7.581  -8.007  -6.240  -6.592  -7.271  -7.829  -6.469   0.263   3.677  -6.953   5.873   4.034  -7.613  -6.638  -4.801  -2.683   0.934  -0.789 
