#HLA-B3526

Last position-specific scoring matrix computed       
            A       R       N       D       C       Q       E       G       H       I       L       K       M       F       P       S       T       W       Y       V 
  1 A  -4.375  -4.931   0.147  -2.512  -4.319  -2.661   0.059  -7.154   1.882  -1.462  -1.113  -6.223   5.268   4.042  -7.749  -2.460  -1.006   5.425   4.419  -4.216 
  2 A   3.722  -1.587  -6.198  -5.346  -6.721   4.475  -1.825  -4.653  -0.405  -5.550  -3.694  -0.983   4.512  -6.638   4.089   0.092  -2.770  -7.676  -6.652  -5.092 
  3 A   1.429  -4.678   1.222  -2.710  -2.740  -1.753  -2.915  -5.666   0.030   0.332  -0.517  -6.480   2.998   3.288  -7.254   1.183  -0.772   2.406   2.693  -0.049 
  4 A   1.387  -1.968  -0.385   1.349  -0.124  -0.350   2.114   1.058  -1.028  -4.141  -1.997  -1.329  -0.199  -2.036   1.983   0.729  -0.913   2.847   0.123  -2.395 
  5 A   0.380  -3.597  -0.126   0.127  -0.582  -0.900  -0.173   1.084   1.195   0.070  -0.047  -3.123  -0.544   1.616  -1.161   0.165  -0.112   1.784   0.984  -0.401 
  6 A   1.256  -1.829   0.144   0.236  -2.477  -2.090  -2.301   0.524   0.530  -1.270  -2.103  -2.910  -1.608   0.565   0.276   2.237   2.635   0.710  -1.389  -0.274 
  7 A   0.937  -4.877  -0.044  -1.600  -1.123  -1.022  -1.267  -3.756   1.938  -0.013   1.616  -4.063  -0.237   1.851   0.484   0.539   0.142  -0.879   1.696  -0.426 
  8 A   3.837  -3.976  -4.932  -5.478  -4.910  -3.217  -0.227  -4.197  -4.726  -0.451  -1.359  -3.599  -2.823  -2.996   4.398   0.731   1.056  -7.783  -5.445   1.144 
  9 A  -7.008  -7.354  -7.655  -8.364  -7.537  -7.107  -7.546  -8.266  -4.929  -5.185  -0.860  -7.466   3.870   6.066  -8.254  -7.142  -6.845   0.263   6.988  -5.824 
