#HLA-B0729

Last position-specific scoring matrix computed       
            A       R       N       D       C       Q       E       G       H       I       L       K       M       F       P       S       T       W       Y       V 
  1 A   0.628   3.883  -1.753  -6.417  -2.070  -2.618  -4.604  -2.181   0.486  -0.673   0.175   0.089   2.809   0.358  -6.394   1.098  -1.052   0.905   1.842  -2.052 
  2 A   0.928  -7.145  -6.527  -7.001  -7.054  -5.425  -6.479  -5.054  -7.251  -2.481  -1.552  -5.948  -1.535  -7.646   7.977  -3.610  -3.656  -4.823  -6.456   0.553 
  3 A  -0.931   6.805  -1.189  -6.622  -5.671  -0.986  -4.206  -3.930  -0.227  -2.897  -2.993   0.577  -0.284  -2.359  -6.357  -1.825  -2.217  -3.550  -2.049  -2.972 
  4 A   0.946   1.498  -0.899  -1.155  -1.013   2.044  -1.051  -1.922   1.802  -2.510  -0.706   1.083   1.038  -1.048   0.723   0.502   0.002   1.659   0.834  -2.018 
  5 A   0.223   3.528  -0.090  -3.134  -4.278  -0.233  -2.903  -0.851   3.164  -1.090  -1.403   1.287   0.743  -1.910   0.666   0.301  -0.852  -2.398  -0.422  -0.897 
  6 A  -0.521   4.139  -1.503  -3.651  -3.843  -0.426  -2.397   0.878   0.632  -1.304  -0.427  -0.433  -2.134   0.236  -1.051   0.256   0.760   1.289  -1.258  -1.237 
  7 A   0.379   2.046   0.274  -3.450  -1.453  -1.043  -2.666   0.016   0.536  -1.092   0.982  -1.899   0.472  -2.561  -1.341   2.113   1.242  -1.599  -1.081  -0.439 
  8 A   3.832  -2.323  -3.988  -3.714  -3.586  -0.844   0.740  -3.586  -3.099  -1.886  -2.839  -3.345  -2.414  -2.587   3.743   2.289  -0.573  -2.046  -3.289   0.634 
  9 A  -0.763  -7.268  -7.116  -8.252  -4.992  -5.193  -6.500  -5.506  -6.224  -0.180   4.163  -7.260   5.083   3.389  -5.756  -4.059  -3.121  -3.991  -3.662  -0.190 
