#HLA-B4105

Last position-specific scoring matrix computed       
            A       R       N       D       C       Q       E       G       H       I       L       K       M       F       P       S       T       W       Y       V 
  1 A   1.017   2.593  -0.021  -6.766  -0.001  -1.157  -3.691   0.148   0.030  -1.688  -0.013  -1.166   2.688   1.497  -7.119   1.193  -1.126   2.383   1.549  -3.192 
  2 A  -6.013  -5.298  -5.471  -3.687  -8.680  -3.320   8.062  -7.328  -5.190  -8.410  -8.023  -4.407  -7.077  -8.170  -6.360  -5.260  -6.109  -7.650  -7.061  -7.611 
  3 A   0.299  -3.100   0.163  -3.125  -6.890   0.024  -2.311  -5.805  -0.372   0.809   0.540  -2.672   4.143   2.240  -7.308   1.196  -1.352   3.373   3.348  -2.049 
  4 A   1.565  -1.503   0.332   0.270   0.004   0.797   2.133  -1.644   0.023  -1.954   0.554  -1.610   0.090  -1.131  -2.193   0.825   0.158  -0.439  -0.097  -1.351 
  5 A  -0.587  -1.545  -2.704  -3.183  -2.517  -3.142  -1.906   0.909   0.524   1.227   1.197  -2.416   0.071   3.399  -2.456  -0.648  -0.462   0.779   1.456  -0.651 
  6 A   1.377   0.626  -0.454  -2.824  -0.321  -0.118  -3.240  -0.799   0.990  -0.986   0.308  -2.577  -1.327   3.113  -4.017   1.309   0.101   1.318  -0.463  -0.774 
  7 A  -0.292  -2.683   0.241  -1.480  -1.140  -0.029   0.110  -1.908   1.200  -0.417   0.702  -2.415   0.129   1.044   1.006   0.073   0.574   0.744   1.541   0.788 
  8 A   2.066  -3.885  -1.201  -3.736  -4.081   0.126   0.421  -1.764  -0.688  -0.313  -0.636  -2.568  -0.443  -0.088   3.622   1.520   0.603  -2.436  -2.000   0.143 
  9 A  -0.269  -7.781  -8.139  -8.290  -6.218  -7.386  -7.838  -8.193  -8.098   5.420   1.081  -7.456  -0.029  -4.569  -7.705  -6.875  -4.806  -7.398  -6.397   3.649 
