#HLA-B4450

Last position-specific scoring matrix computed       
            A       R       N       D       C       Q       E       G       H       I       L       K       M       F       P       S       T       W       Y       V 
  1 A   0.702   1.921  -1.446  -5.200  -3.070  -0.127  -2.524  -0.136  -2.455   0.057  -0.194   1.458   2.089  -0.306  -6.964   1.525  -0.135   1.783   1.517  -1.469 
  2 A  -6.017  -5.297  -5.460  -2.949  -8.677  -2.357   8.033  -7.321  -5.192  -8.407  -8.022  -4.410  -7.072  -8.174  -6.363  -5.261  -6.108  -7.653  -7.062  -7.612 
  3 A   0.143  -5.237   0.090  -4.630  -4.581   0.271  -3.520  -4.577  -1.040   1.809   0.838  -6.162   3.344   2.286  -7.411   1.097  -1.594   3.938   2.712  -0.276 
  4 A   2.259  -3.248   0.192   0.406  -0.832   1.163   1.910  -1.663  -0.766  -1.294  -0.811  -1.386  -0.245  -1.720  -0.817   1.984   0.042  -0.232  -1.457  -1.302 
  5 A   0.746  -2.993  -2.614   0.069  -1.284  -0.193   0.446  -0.042  -1.550   0.458   0.870  -3.670   0.655   1.289  -1.365   0.203   0.493  -0.406   0.535   0.366 
  6 A   2.666  -3.275  -2.217  -2.143  -1.582  -0.541  -3.102   0.242  -2.368   0.521   0.373  -2.975  -1.329  -0.059   0.393   1.602   1.368  -0.009  -1.691  -0.379 
  7 A  -0.723  -3.066  -1.910  -0.913  -3.099   0.634   1.187  -3.584   0.199  -0.733   1.400  -1.558   0.331   2.442   1.523  -0.966  -0.177   1.323   1.427  -0.231 
  8 A  -0.418   0.464  -0.693  -3.070  -3.083   1.769   0.890  -0.457  -0.412  -1.929   1.058  -0.977  -0.907  -1.569   1.418   1.238   1.445  -0.007  -0.545  -1.042 
  9 A  -6.602  -7.710  -8.160  -8.539  -7.174  -7.531  -7.919  -8.313  -6.766   3.950   0.822  -7.730   2.154   3.975  -8.531  -7.490  -6.597   8.361   1.892  -4.059 
