#HLA-B4444

Last position-specific scoring matrix computed       
            A       R       N       D       C       Q       E       G       H       I       L       K       M       F       P       S       T       W       Y       V 
  1 A   1.530   0.988  -0.518  -6.721  -2.032  -0.483  -2.943   0.383  -2.713  -0.401   0.082   0.215   3.158   0.400  -6.995   1.477  -0.461   1.893   1.381  -2.383 
  2 A  -5.756  -4.988  -5.457  -2.841  -8.660  -0.664   7.978  -7.309  -5.190  -8.386  -7.996  -4.211  -6.087  -8.172  -6.368  -5.260  -6.102  -7.650  -7.052  -7.599 
  3 A   0.863  -4.939   0.679  -6.576  -5.076  -0.948  -5.214  -6.707  -2.737   1.931   0.382  -4.967   4.543   1.388  -7.333   1.416  -1.738   3.985   2.368  -0.040 
  4 A   2.126  -3.151   0.017   0.740  -0.973   0.231   1.457  -2.321   0.111  -1.423   0.472  -1.963  -0.319  -0.611  -1.657   1.793  -0.169  -1.251  -0.091  -1.387 
  5 A   0.483  -0.532  -4.601  -0.962  -2.044  -0.049  -1.053  -0.795   0.194   0.025   1.080  -2.426   1.102   2.232  -1.855  -0.559   0.171   0.610   2.109   0.042 
  6 A   2.183  -2.354  -1.377  -3.543  -1.577   0.546  -5.861  -0.684  -2.364   0.418   0.971  -3.490  -1.976   0.552  -1.672   1.864   2.324  -0.211  -2.115  -0.249 
  7 A   0.240  -3.246  -3.002  -3.418  -1.460   1.101  -0.190  -4.591   0.097  -0.889   1.967  -2.655   0.690   2.428   0.903  -0.359   0.562   0.766   1.706  -0.430 
  8 A   0.658   0.582  -1.074  -2.813  -6.000   1.686   0.489  -0.201  -1.186  -3.248   0.477  -1.361  -0.445  -0.841   2.535   1.758   0.470   0.546  -0.355  -1.504 
  9 A  -4.335  -7.500  -7.874  -8.398  -7.195  -7.222  -7.688  -7.696  -5.758   2.823   0.169  -7.507   3.412   4.540  -8.242  -7.201  -5.746   5.970   5.479  -2.813 
