#B3936

Last position-specific scoring matrix computed       
            A       R       N       D       C       Q       E       G       H       I       L       K       M       F       P       S       T       W       Y       V 
  1 A  -5.856  -5.939   0.374  -5.630  -7.106  -2.764   0.251  -6.592   2.124  -4.846  -2.443  -6.307   4.444   5.246  -7.410   0.392  -1.554   5.158   4.129  -5.352 
  2 A  -2.567   2.681  -4.380  -5.559  -7.378   5.235  -1.433  -5.619   6.329  -2.842  -0.166   0.641   2.313  -4.138  -3.113  -4.272  -5.091  -6.777  -3.936  -2.517 
  3 A   2.385  -1.141   0.017  -3.008  -4.784  -0.821  -1.964  -4.685   2.282   0.412  -2.325  -2.706   3.681   2.170  -4.395   0.051  -0.768   0.550   3.072  -0.912 
  4 A   1.620   0.768  -0.541  -0.554  -0.548   0.558   1.495  -0.638   0.533  -3.227  -1.894   0.472   1.272  -1.181   0.758   0.676   0.272  -0.456   1.289  -3.045 
  5 A  -0.175   0.770   0.258  -2.253  -4.171  -2.350  -1.955   1.377   3.515  -0.207  -0.635  -0.441   0.239   0.778  -0.680   0.421   0.374  -3.804   0.540  -0.823 
  6 A  -0.146   1.554  -0.291  -3.478  -1.664  -1.052  -2.481   0.375   0.230  -1.508  -0.610  -2.397  -0.813   2.238  -0.916   1.359   2.322   1.820  -1.146  -0.360 
  7 A   1.170  -1.432   0.854  -2.193  -1.056  -0.374  -2.601  -0.736   2.101  -1.484  -0.492  -2.361   1.468   0.345  -1.973   2.264   0.648  -2.734   0.841   0.624 
  8 A   4.372  -4.793  -5.181  -5.782  -5.143  -3.835  -1.079  -3.679  -4.318  -1.148  -2.847  -4.280  -3.175  -3.825   4.739   2.036  -0.047  -5.394  -4.656  -0.135 
  9 A  -3.203  -7.037  -7.978  -8.283  -6.005  -6.839  -7.525  -8.185  -7.490   1.047   5.456  -7.106   2.543  -3.844  -7.602  -6.973  -5.808  -6.642  -5.866   0.825 
