#HLA-B4034

Last position-specific scoring matrix computed       
            A       R       N       D       C       Q       E       G       H       I       L       K       M       F       P       S       T       W       Y       V 
  1 A   1.314   4.934  -3.409  -2.547  -2.343  -3.236  -5.322   0.680  -2.659  -1.928  -2.843   2.394  -0.634  -1.741  -4.846   0.574  -2.272   1.152  -0.116  -3.180 
  2 A  -6.023  -5.319  -4.511  -2.262  -8.657  -3.135   7.990  -6.896  -5.195  -8.354  -7.281  -4.242  -7.059  -8.078  -6.374  -5.011  -6.106  -7.613  -4.692  -7.156 
  3 A   0.636  -3.597  -1.360  -1.996  -3.373   1.426  -1.127  -3.827  -0.084   1.063   1.315  -4.423   3.494   2.016  -2.144  -0.640  -2.201   3.099   2.409  -1.240 
  4 A   1.231  -0.791   0.709   0.126  -1.158   0.995   1.157   0.627   0.118  -0.834  -0.877  -1.772  -0.045  -0.193   0.875   0.579  -0.843   0.377  -0.172  -1.793 
  5 A   1.122  -3.157  -1.987  -0.675  -3.689  -2.648  -0.245   0.908   0.171   0.726   0.866  -3.555  -0.266   1.034  -1.830   0.692   0.328  -3.417   0.659   0.487 
  6 A   0.847   0.121   0.317  -0.710  -1.309  -0.095  -1.142   0.117   1.507  -1.125   0.258  -1.900  -1.700   1.955  -0.441   0.833  -0.152   0.401  -0.261  -0.804 
  7 A  -0.216  -1.863  -1.145  -1.282  -2.497  -0.280  -0.289  -2.064  -0.431   0.215   0.909  -3.826  -0.255   1.271   1.233   0.149   0.879   1.313   1.541   1.079 
  8 A   2.736  -2.764  -1.073  -1.185  -3.000   0.223   1.091  -1.653  -1.542  -1.060  -1.728  -2.505  -2.637  -2.440   3.125   2.033   0.772  -1.313  -3.035  -0.193 
  9 A  -5.976  -5.555  -6.744  -4.880  -6.477  -6.403  -4.473  -8.621  -7.712   0.549   5.706  -7.426   1.361  -0.293  -8.025  -7.440  -6.300  -6.828  -5.934  -1.514 
