#HLA-B3541

Last position-specific scoring matrix computed       
            A       R       N       D       C       Q       E       G       H       I       L       K       M       F       P       S       T       W       Y       V 
  1 A  -4.294  -4.714   0.535  -3.457  -2.295  -3.093  -0.297  -5.852  -1.125   0.461   0.768  -6.255   5.165   3.614  -7.637  -2.537   0.457   2.158   3.949  -2.167 
  2 A   2.532  -7.049  -6.947  -6.790  -7.090  -6.440  -6.259  -5.997  -7.096  -6.902  -7.190  -6.110  -2.978  -7.514   8.304  -2.913  -3.315  -9.104  -7.515  -4.047 
  3 A   1.639  -4.378   1.339  -1.736  -2.221  -0.279  -0.792  -3.450  -1.511   0.961  -0.059  -5.046   1.859   0.897  -3.509   0.700   0.165   1.560   1.582   1.075 
  4 A   1.278  -2.170  -0.822   0.661  -1.866   0.488   1.456   0.357   0.294  -2.414  -1.423  -1.278   0.136  -0.501   1.695   0.616  -0.147   2.695  -0.162  -0.677 
  5 A   1.190  -4.143  -0.576  -0.215   0.312  -0.899  -0.431   0.558   0.603  -0.413   0.206  -2.540   0.103   0.971  -0.361   0.564   0.456   1.540  -0.885   0.176 
  6 A   1.071  -1.097  -0.727   0.526  -2.030  -0.328  -1.255   0.956   0.447  -1.322  -1.490  -3.538  -1.777  -0.324   0.394   1.730   2.405   0.185  -1.175  -0.095 
  7 A   0.546  -2.604   0.435  -1.407  -0.564  -1.448   0.095  -2.040   0.985   0.805   1.158  -4.370   0.329   1.114   0.486   0.036   0.769   0.219   0.480  -0.376 
  8 A   3.709  -3.738  -2.113  -3.743  -2.401  -1.653   0.724  -2.594  -3.772  -1.150  -1.292  -3.557  -1.748  -2.057   3.126   1.054   1.123  -2.473  -3.034   0.711 
  9 A  -6.010  -7.323  -7.611  -8.313  -7.482  -7.047  -7.513  -8.212  -2.801  -4.735  -1.833  -7.428   4.827   6.165  -8.234  -7.076  -5.912  -0.626   6.661  -5.765 
