#HLA-B4061

Last position-specific scoring matrix computed       
            A       R       N       D       C       Q       E       G       H       I       L       K       M       F       P       S       T       W       Y       V 
  1 A   1.315   3.768  -2.425  -6.814  -2.307  -1.835  -4.814   1.018  -1.638  -0.995  -1.113   0.825   0.425  -0.145  -7.015   0.834  -1.133   3.219   1.659  -2.516 
  2 A  -6.013  -5.298  -5.471  -3.687  -8.680  -3.320   8.062  -7.328  -5.190  -8.410  -8.023  -4.407  -7.077  -8.170  -6.360  -5.260  -6.109  -7.650  -7.061  -7.611 
  3 A   1.261  -3.727  -0.754  -0.864  -2.483   1.852  -0.585  -4.657  -0.916   1.049   0.743  -4.520   3.040   1.164  -1.160   0.319  -0.305   2.193   0.983  -0.814 
  4 A   1.607  -1.300   0.172  -0.019  -0.997   0.884   1.390   1.052  -0.191  -1.465  -1.085  -2.845   0.417   0.237   0.614   0.121  -0.595  -0.002  -0.525  -0.830 
  5 A   1.799  -2.897  -1.678  -1.144  -2.998  -2.677  -1.356   1.498   0.896   1.002   0.589  -4.056  -0.496   0.428  -2.094   0.332  -0.590  -5.291  -0.238   0.970 
  6 A   1.138   0.123   0.736  -1.801  -1.853  -0.330  -1.017   0.621   1.200  -0.739   0.087  -1.582  -1.538   1.869  -0.439   0.804  -0.422   0.572  -0.182  -1.401 
  7 A   0.341  -2.499  -1.536  -3.134  -1.828   0.286  -1.356  -1.725   0.083   0.081   1.148  -3.871   0.336   1.697   2.098  -0.562  -0.011   1.561   1.360   0.936 
  8 A   3.498  -3.524  -2.294  -2.547  -2.956  -0.301   1.178  -1.750  -2.806  -1.063  -2.581  -4.134  -1.622  -2.455   3.196   2.231   0.705  -3.010  -3.553  -0.292 
  9 A  -6.577  -7.383  -8.426  -8.750  -6.422  -7.266  -7.972  -8.711  -7.834  -0.258   5.973  -7.533   1.384  -2.158  -8.062  -7.544  -6.316  -6.880  -6.091  -1.873 
