#HLA-B2707

Last position-specific scoring matrix computed       
            A       R       N       D       C       Q       E       G       H       I       L       K       M       F       P       S       T       W       Y       V 
  1 A   0.384   5.428  -1.580  -6.694  -3.945  -2.594  -4.817  -0.907   1.496  -5.211  -2.972   1.382   1.397  -0.653  -7.038   0.126  -3.361   3.017   2.375  -6.397 
  2 A  -6.581   7.996  -5.570  -6.217  -8.503   1.708  -4.370  -7.459  -5.438  -8.224  -7.340  -2.992  -5.679  -8.059  -7.141  -5.828  -6.229  -7.494  -6.893  -7.609 
  3 A  -1.196  -0.258  -2.010  -5.656  -5.299   0.205  -4.950  -5.802   0.466   0.910   1.846  -2.018   2.492   2.876  -5.227  -1.177  -2.154   5.843   2.616  -1.715 
  4 A   1.759   0.913  -0.498  -1.630  -1.134   0.539  -0.399   0.478   0.100  -0.778   0.345  -0.996   0.534  -2.564  -0.200   0.318   0.103   1.011  -0.190  -1.118 
  5 A  -0.227   1.625  -2.021  -4.369  -3.066  -0.884  -2.876  -0.367   1.382   0.872   0.747  -0.635   0.742   1.306  -2.753  -0.900   0.219   0.591   1.406   0.683 
  6 A   1.221   1.731  -1.230  -4.782  -2.256  -0.987  -2.622  -0.914  -0.018   0.435   1.441  -1.421  -1.776   1.176  -0.221   0.358   0.045   2.086  -0.861  -1.049 
  7 A   0.515  -0.647  -0.915  -2.843  -1.462  -0.359  -1.268  -1.984   0.373  -0.495   1.256  -2.516   0.582   1.173   1.187  -0.346   0.315   1.793   2.017   0.259 
  8 A   2.167  -0.748  -0.650  -3.617  -2.997   0.122  -1.937  -1.008  -2.115  -1.775   0.722  -2.056  -0.790  -1.797   3.275   1.862   0.799  -2.962  -1.609  -0.650 
  9 A  -1.944  -7.509  -8.301  -8.552  -6.337  -7.291  -7.899  -8.449  -7.925   3.186   4.998  -7.481   0.712  -4.228  -7.897  -6.329  -6.074  -7.092  -6.270   1.094 
