#HLA-B4408

Last position-specific scoring matrix computed       
            A       R       N       D       C       Q       E       G       H       I       L       K       M       F       P       S       T       W       Y       V 
  1 A   0.362  -0.550  -0.328  -6.178  -1.454   0.335  -0.602  -1.006  -2.966  -0.446   0.685  -1.108   3.538   1.017  -7.062   1.836   0.511   1.793   1.674  -1.788 
  2 A  -4.719  -5.280  -5.446  -1.992  -8.612   0.391   7.892  -7.276  -5.200  -8.334  -7.946  -4.417  -4.305  -8.158  -6.375  -4.998  -6.089  -7.651  -7.045  -7.564 
  3 A   0.839  -3.833   0.397  -5.790  -4.047  -1.509  -4.957  -5.811  -1.532   2.372   0.387  -3.959   4.174   1.205  -6.576   1.249  -2.019   3.228   1.988   0.483 
  4 A   2.074  -3.984   0.186   1.311  -1.458   0.026   1.679  -2.940  -0.083  -1.086   0.384  -1.642  -0.213  -0.681  -2.182   1.673  -0.331  -0.687  -0.176  -1.385 
  5 A   0.246  -0.039  -2.924  -1.221  -2.055  -0.268  -0.553  -0.698   0.707  -0.516   0.651  -2.398   0.728   2.446  -1.725  -0.250   0.520   0.611   2.075  -0.014 
  6 A   1.876  -3.805  -1.794  -3.749  -1.237  -0.074  -4.352  -0.655  -3.454   0.531   1.407  -4.422  -1.100   1.581  -2.529   1.782   1.995   0.210  -1.745  -0.199 
  7 A   0.303  -3.254  -2.411  -2.610  -0.980   1.099  -0.734  -3.812   0.538  -0.953   1.859  -3.130   0.837   2.473   0.421   0.013   0.523   1.574   1.529  -0.685 
  8 A   0.315   0.498  -0.472  -2.021  -6.034   1.431   0.754   0.224  -1.171  -3.070   0.311  -1.578  -2.347  -0.425   2.081   1.987   0.553   0.199   0.430  -1.823 
  9 A  -5.245  -7.450  -7.791  -8.374  -7.320  -7.148  -7.626  -8.265  -5.404   2.381  -1.491  -7.469   3.825   4.872  -8.239  -7.182  -6.636   5.416   6.214  -3.534 
