#HLA-B0748

Last position-specific scoring matrix computed       
            A       R       N       D       C       Q       E       G       H       I       L       K       M       F       P       S       T       W       Y       V 
  1 A  -1.223   1.902  -1.758  -7.406  -3.777  -5.576  -6.273  -4.188   0.652   0.792   1.069  -2.608   3.877   2.671  -7.528  -0.079  -1.172   3.185   3.663  -1.847 
  2 A  -5.227  -7.188  -7.067  -6.770  -7.714  -6.598  -6.321  -7.221  -7.190  -7.942  -8.057  -6.148  -7.714  -8.887   9.095  -5.914  -6.152  -9.799  -7.784  -7.180 
  3 A   2.275   1.651   0.301  -2.020  -4.573  -0.316  -1.851  -3.079   0.392  -0.419  -0.963  -4.261   1.888   0.203  -3.258   0.510   0.745   1.996   1.713   0.153 
  4 A   1.052   0.090  -1.739  -1.568  -2.272   0.403  -1.271  -0.246   0.988  -1.591   0.112  -0.673   1.188  -1.047   2.329   0.773   0.330   2.075  -0.424  -0.465 
  5 A   0.522   0.757  -0.265  -2.138  -0.987  -0.500  -2.252  -0.869   1.673   0.621   0.129  -0.580   0.638   0.085   0.544  -0.100  -0.423   0.018   0.783   0.554 
  6 A   0.935   3.146  -0.733  -2.079  -4.706  -0.191  -2.476   0.976   0.933  -2.136  -1.076  -0.420  -1.440  -0.039  -0.753   1.109   1.530   0.193  -1.155  -2.168 
  7 A   1.511   0.057   0.403  -2.543  -2.011  -3.201  -2.083  -0.609   1.379  -0.894   0.867  -3.583   0.124   0.185  -0.434   1.428   0.711  -0.933   0.320   0.340 
  8 A   4.058  -3.576  -3.416  -5.667  -3.931  -1.531   0.169  -3.119  -3.789  -1.788  -2.204  -5.307  -1.437  -3.529   3.834   1.874   0.858  -4.516  -4.555   0.621 
  9 A  -1.704  -7.387  -8.158  -8.502  -5.609  -7.158  -7.777  -8.293  -7.511   0.620   4.732  -7.429   4.072   2.582  -7.952  -7.106  -5.146  -6.536  -4.886   0.716 
