#HLA-B1586

Last position-specific scoring matrix computed       
            A       R       N       D       C       Q       E       G       H       I       L       K       M       F       P       S       T       W       Y       V 
  1 A  -0.247   0.857  -2.304  -6.281  -2.539  -0.531  -5.708  -2.305  -0.726  -1.513   0.227  -1.270   4.184   2.643  -7.439   0.576  -1.640   5.120   3.553  -1.765 
  2 A  -2.188  -4.630  -5.495  -5.380  -7.810   8.208   3.017  -6.943  -5.121  -6.648  -3.486  -4.068   3.520  -7.713  -6.659  -2.642  -4.159  -7.382  -6.499  -6.704 
  3 A  -1.128  -5.013  -1.237  -3.263  -3.729  -0.686  -3.764  -6.756  -0.905   1.206   1.449  -4.641   4.382   3.293  -3.914  -0.926  -2.684   3.440   3.080  -0.023 
  4 A   1.466  -3.145  -0.001   2.274  -0.878  -0.587   2.710   0.665   0.396  -3.030  -2.113  -1.927  -1.060  -1.744   1.586   0.451  -1.052   0.536  -0.122  -2.725 
  5 A   1.028  -3.029  -0.811  -1.218  -0.559  -3.549  -2.127   0.962  -0.110  -0.271   0.720  -3.742   0.027   1.722  -1.479   1.075   0.282   0.752   1.590  -0.044 
  6 A   0.621  -2.758   0.093  -0.919  -1.128  -1.367  -1.911   0.528   0.078   0.224  -0.411  -5.643  -0.304   2.936  -1.263   1.743   0.378   2.093  -1.766  -0.158 
  7 A  -0.673  -3.781  -0.610  -2.047  -2.056   0.724  -0.855  -4.760   2.041   1.190  -0.042  -5.339   0.406   2.606   1.272  -0.208   1.212   1.691   1.890  -0.083 
  8 A   2.803  -4.607  -2.476  -5.702  -5.042  -1.826  -0.710  -1.925  -2.842  -1.569  -0.751  -4.657  -3.822  -1.742   4.992   2.135   1.090  -5.621  -1.365  -0.579 
  9 A  -2.258  -7.454  -8.168  -8.517  -6.541  -7.259  -7.830  -8.331  -7.417   1.066   4.435  -7.508   3.892   3.713  -8.038  -7.184  -6.253  -2.693  -4.189   0.489 
