#HLA-B4808

Last position-specific scoring matrix computed       
            A       R       N       D       C       Q       E       G       H       I       L       K       M       F       P       S       T       W       Y       V 
  1 A   1.521   4.624  -5.616  -6.801  -5.349  -2.852  -5.755  -0.701  -1.303  -1.980  -1.592   2.206   2.428  -1.220  -6.903   1.201  -3.763   2.365   0.439  -2.464 
  2 A  -0.706  -5.055  -6.091  -5.645  -7.171   7.273  -2.898  -5.816  -5.718  -1.648   0.604  -0.255   5.401  -6.655  -3.705  -4.424  -4.876  -7.250  -6.392  -1.462 
  3 A  -0.994   5.577  -1.531  -6.435  -7.603  -0.532  -5.776  -6.515   1.186  -1.780  -1.736   0.402   2.716   1.592  -7.256  -1.575  -3.575   2.015   2.398  -4.073 
  4 A   1.530  -0.549   1.147   1.294  -0.350   0.701   1.000  -1.424   1.355  -4.023  -2.949   0.368   0.376  -1.816   1.389   1.430  -0.127  -3.513   1.087  -3.299 
  5 A   1.654   0.601   0.435  -2.391  -4.634  -2.927  -3.630   1.227   2.805  -2.242  -0.715  -1.638  -0.593   0.098   0.504   1.598   0.744  -0.201   0.179  -1.336 
  6 A   0.100   1.789  -0.213  -2.631  -2.048  -0.575  -3.182   1.606   1.380  -0.647  -0.723  -2.277  -1.566   0.187  -2.075   1.690   1.784  -0.004  -1.804  -0.310 
  7 A  -0.280  -0.313   0.862  -3.636  -2.013   0.601  -1.974  -0.951   1.259  -1.158  -0.115  -3.430  -0.119  -2.798   1.171   3.673   2.341  -4.425  -3.750  -1.291 
  8 A   3.205  -2.951  -2.712  -5.042  -4.994  -2.083  -1.275  -4.153  -0.705  -2.068  -2.746  -3.672  -2.946  -3.565   4.982   2.888   0.638  -5.753  -3.865   0.175 
  9 A  -4.520  -7.436  -8.198  -8.550  -6.549  -7.213  -7.871  -8.479  -7.425   1.741   4.543  -7.501   4.657   3.294  -8.079  -7.304  -6.270  -6.369  -3.970  -0.628 
