#HLA-B5901

Last position-specific scoring matrix computed       
            A       R       N       D       C       Q       E       G       H       I       L       K       M       F       P       S       T       W       Y       V 
  1 A  -4.811  -4.834  -1.543  -6.562  -0.568  -4.671  -2.856  -7.960  -0.437   1.106   2.479  -4.768   4.169   4.226  -7.842  -2.533  -0.661   1.249   2.496  -0.918 
  2 A  -0.511  -7.115  -6.957  -6.286  -7.491  -5.891  -6.270  -6.616  -7.133  -6.875  -7.908  -6.115  -6.438  -8.715   8.832  -2.476  -4.290  -9.540  -7.696  -7.367 
  3 A   0.329  -5.444   0.329  -0.855  -4.165  -0.041   0.316  -3.787  -1.142   0.293   0.506  -5.083   2.548   1.882  -4.351   0.104   0.135   3.305   3.315  -0.350 
  4 A   0.845  -1.485  -1.470   0.217  -1.291  -1.295   0.723  -1.890  -0.684   0.562   1.200  -1.935   0.731   0.281   0.915   0.652  -0.417   1.156  -0.803  -0.595 
  5 A  -0.788  -0.316  -2.059  -1.892  -2.748  -0.818  -0.470  -1.686  -0.967   2.047   0.624  -2.648   1.775   1.302  -1.506  -0.055  -0.787   2.543  -0.449   1.553 
  6 A   1.644  -0.828  -0.727  -0.677  -1.622  -0.615  -2.686  -1.535  -1.085  -0.492   0.483  -1.772  -0.894   1.541   0.768   0.940   1.231   1.026  -0.469  -0.116 
  7 A  -0.505  -3.630   0.327  -0.394  -0.326  -1.865  -0.403  -3.692   1.260   0.163   0.977  -3.749   0.668   2.102  -0.236  -0.319  -0.549   1.056   1.830   1.283 
  8 A   1.121  -1.828  -0.899  -3.644  -2.226   0.115  -0.082  -1.685  -2.346   1.244   0.838  -2.018   1.163  -0.274   1.495   0.601   1.478  -1.261  -1.550  -0.165 
  9 A  -4.749  -8.023  -8.321  -8.421  -6.402  -7.686  -8.176  -8.677  -8.108   6.382   0.727  -7.688  -1.069  -0.377  -7.972  -7.388  -5.901  -0.966  -6.017   1.573 
