#HLA-B2701

Last position-specific scoring matrix computed       
            A       R       N       D       C       Q       E       G       H       I       L       K       M       F       P       S       T       W       Y       V 
  1 A  -1.202   5.901  -3.781  -6.704  -3.603  -2.506  -5.528  -0.782   0.757  -3.016  -3.382   2.558   0.115  -0.856  -7.019  -0.335  -3.377   1.988   1.112  -4.977 
  2 A  -6.519   7.700  -5.559  -6.199  -8.521   1.554   1.626  -7.444  -4.831  -8.248  -7.407  -2.849  -6.539  -8.073  -7.053  -5.766  -6.216  -7.508  -6.901  -7.613 
  3 A  -2.697  -3.096  -2.080  -7.229  -4.251  -1.858  -6.218  -7.396  -0.062   0.952   1.432  -3.096   2.576   4.377  -8.018  -3.581  -5.017   5.960   4.099  -1.050 
  4 A   1.468   0.989   0.414  -1.978  -1.139  -0.553  -0.744   0.227  -0.775  -1.308   0.293  -0.066   0.180  -2.178   0.386   0.716   0.011   1.414   0.420  -0.941 
  5 A  -0.527   0.509  -0.278  -2.253  -4.623   0.377  -1.560  -0.321  -0.548   0.857   1.287  -1.757   0.973   1.007  -2.748   0.139  -0.259  -0.643   0.730   0.769 
  6 A   1.766   0.053  -1.248  -3.441  -2.015  -0.633  -3.292  -1.326   0.072   0.489   1.173  -2.218  -1.430   1.358   0.248  -0.140   0.094   2.784  -0.446   0.154 
  7 A   0.190  -1.762  -1.599  -1.790  -0.979  -0.539  -1.491  -2.440   0.375  -0.867   1.429  -2.763  -0.473   1.680   0.539   0.776   0.652   2.109   2.289   0.060 
  8 A   0.787  -1.221  -0.251  -3.771  -3.375   0.327  -0.887   0.317  -0.922  -2.078   0.967  -1.234  -1.693  -0.219   2.616   1.240   1.164   0.005   0.503  -1.242 
  9 A  -4.635  -5.605  -8.090  -8.504  -6.901  -7.393  -7.827  -8.372  -5.963   1.854   3.652  -3.981   1.708   4.854  -8.260  -7.360  -6.516   4.677   1.316  -2.104 
