#HLA-B1316

Last position-specific scoring matrix computed       
            A       R       N       D       C       Q       E       G       H       I       L       K       M       F       P       S       T       W       Y       V 
  1 A   1.083   2.942  -4.320  -7.107   0.209  -2.022  -6.202  -0.825  -1.064   0.329   0.456   1.354   3.358   0.296  -7.118  -0.020  -1.609   1.887   0.327  -1.536 
  2 A  -2.673  -2.797  -4.934   2.361  -8.009   5.688   5.311  -6.924  -5.386  -6.266  -5.839   0.320   2.726  -7.835  -4.363  -0.961  -4.414  -7.634  -6.878  -7.035 
  3 A  -2.785  -3.970  -3.771  -8.026  -7.219  -4.050  -6.765  -7.441  -2.252   0.152  -0.303  -6.656   4.581   4.950  -8.009  -2.571  -4.523   4.045   5.785  -2.290 
  4 A   1.448  -1.051   0.763   0.894  -0.454  -0.192   1.545  -2.028  -0.512  -1.370  -0.378  -1.390  -0.713  -0.772   0.883   1.525   0.596  -0.446  -0.021  -2.583 
  5 A   0.067  -0.796  -2.660  -3.455  -0.837  -2.035  -2.938   0.736   0.266   0.077   0.618  -2.676   1.088   2.771  -0.542   0.636   0.399   1.903   0.906  -0.290 
  6 A   1.448  -1.541  -2.388  -2.880  -1.102  -1.390  -4.004   0.004  -0.586   1.296   0.517  -4.439  -2.174   2.079  -2.106   1.250   0.961   2.188  -0.524   0.361 
  7 A  -1.581  -3.894   0.191  -2.210  -0.980   0.501  -0.777  -3.922   1.319  -0.157   1.171  -2.528  -0.044   1.187   1.322   1.405   1.099   0.735   0.556   0.721 
  8 A   0.345  -2.938   0.198  -4.820  -4.129  -0.035  -1.381  -1.308  -0.110  -0.611   0.307  -2.488  -0.923   0.590   3.676   1.936   1.109  -1.252  -0.153  -0.364 
  9 A  -4.377  -8.028  -8.309  -8.397  -6.345  -7.657  -8.158  -8.670  -8.200   6.475   0.239  -7.659  -0.931  -2.918  -7.918  -7.338  -5.481  -5.501  -6.305   2.139 
