#HLA-B9523

Last position-specific scoring matrix computed       
            A       R       N       D       C       Q       E       G       H       I       L       K       M       F       P       S       T       W       Y       V 
  1 A   0.119   1.615  -3.847  -7.085  -5.287  -0.490  -5.519  -0.520   0.398  -0.099  -0.314   0.981   3.323   2.109  -7.224   0.630  -1.454   3.101   2.641  -1.241 
  2 A  -0.872  -4.528  -5.588  -5.451  -7.617   8.102   0.300  -6.508  -5.232  -6.728  -4.417   0.651   4.871  -7.506  -6.684  -2.999  -5.756  -7.337  -6.453  -6.489 
  3 A   0.128  -1.874   0.727  -5.147  -3.747  -0.230  -4.657  -5.621   0.652   0.688   0.110  -3.926   3.209   3.371  -6.683   0.030  -1.802   2.975   3.391   0.129 
  4 A   1.821  -2.599   0.820   1.526  -0.717  -1.694   1.440   0.016  -0.285  -3.433  -2.146  -0.771  -0.195  -2.537   2.088   1.586  -0.022  -0.234   0.029  -2.212 
  5 A   0.334  -3.265   0.158  -0.535  -1.646  -2.619  -0.606   0.753   0.705  -0.644   0.472  -2.873  -0.415   1.118  -1.704   1.419   0.661   1.184   1.761  -0.286 
  6 A   0.643  -1.758   0.529  -0.690  -2.252  -0.991  -1.225   1.401  -0.014   0.052  -1.290  -4.274  -2.350   1.063  -0.427   2.119   1.515   0.375  -2.270  -0.005 
  7 A   0.009  -2.104   0.360  -2.381  -1.643   0.517  -0.062  -2.841   1.391  -0.095   0.546  -3.165  -1.026   1.181   0.606   1.553   1.507   0.225   1.034  -0.380 
  8 A   2.751  -3.100  -2.221  -5.064  -5.667  -1.079   0.029  -3.700  -2.850  -1.081  -0.882  -3.868  -2.566  -2.053   4.151   2.028   1.321  -4.472  -2.815   1.056 
  9 A  -7.111  -7.701  -7.973  -8.494  -7.303  -7.749  -7.944  -8.289  -6.352  -2.864   1.125  -7.910   3.706   7.351  -8.582  -7.370  -6.859   1.474   1.719  -5.053 
