#HLA-B9516

Last position-specific scoring matrix computed       
            A       R       N       D       C       Q       E       G       H       I       L       K       M       F       P       S       T       W       Y       V 
  1 A  -0.146   2.491  -5.118  -6.516  -6.023  -0.133  -6.050  -1.464  -0.520  -0.635   0.559   1.660   3.449   1.598  -4.023   1.368  -2.374   2.292   1.104  -1.524 
  2 A  -0.882  -5.409  -6.535  -5.361  -6.774   5.945  -5.348  -7.354  -5.433  -1.504   2.147  -5.251   6.736  -5.946  -7.191  -0.848  -3.260  -7.070  -5.661  -1.274 
  3 A   1.068   1.597   1.069  -5.063  -4.636  -1.818  -5.627  -5.084   0.570   2.156  -2.019  -0.532   2.891   2.363  -5.456  -0.461  -3.984  -6.173   2.909   0.283 
  4 A   1.873  -2.553   1.058   0.958  -1.855   0.555   0.098  -0.658  -1.144  -3.779  -2.126   0.183  -0.761  -0.839   1.550   1.611   0.478  -0.428   1.496  -1.986 
  5 A   0.632  -2.654   1.071  -0.220  -4.138  -2.735  -2.501   1.372   1.518  -3.135  -0.982  -2.672  -1.004   0.156  -0.828   3.350   1.529  -1.920   1.164  -2.485 
  6 A  -0.057  -3.134   0.220  -2.511  -2.017  -1.119  -2.088   1.191   0.082  -0.063  -0.179  -5.546  -0.786   1.371  -0.946   2.431   2.021   0.013  -0.674   0.048 
  7 A   0.655  -3.864  -0.913  -3.574  -0.803   0.393  -0.639  -1.235   0.906  -1.051   1.473  -3.582  -0.486  -0.965  -0.660   3.115   1.833  -4.339  -2.511  -0.333 
  8 A   2.847  -2.808  -2.410  -4.716  -4.483  -2.538   0.304  -1.769   0.977  -2.612  -1.779  -4.180  -2.900  -1.205   3.722   2.962   0.428  -4.437  -2.369   0.418 
  9 A  -7.147  -7.041  -6.495  -7.023  -7.442  -6.784  -7.207  -8.230  -5.986  -4.578  -1.317  -7.849   4.053   7.591  -7.482  -7.281  -6.907  -4.494   3.363  -5.705 
