#HLA-B0711

Last position-specific scoring matrix computed       
            A       R       N       D       C       Q       E       G       H       I       L       K       M       F       P       S       T       W       Y       V 
  1 A   0.144   4.160  -2.777  -7.077  -4.202  -3.734  -4.918  -3.947  -1.468   0.835   0.388   0.006   2.705   0.025  -7.187   0.733  -1.518   1.684   2.268  -1.255 
  2 A  -1.407  -7.185  -7.082  -6.871  -7.372  -6.604  -6.398  -6.765  -7.249  -4.045  -6.746  -6.228  -4.343  -8.332   8.639  -4.536  -3.211  -9.349  -7.576  -0.138 
  3 A   1.296   4.718   0.153  -5.218  -6.096  -0.017  -2.730  -4.301   0.048  -0.983  -1.465  -2.383   1.051   0.648  -5.362  -0.676  -0.604   1.310   1.186  -0.093 
  4 A   1.073  -0.442   0.131  -0.678  -3.792   1.962  -0.566  -1.127   2.004  -1.864  -1.569   0.155   1.100  -0.617   1.162   1.100  -0.085   1.769   0.525  -0.797 
  5 A   1.165   0.983  -0.638  -3.185  -2.507  -0.316  -2.662   0.014   1.834  -0.448  -0.213  -0.506   1.057  -0.229   1.245   0.463   0.920   0.003  -0.320  -0.607 
  6 A   0.438   2.791  -1.122  -2.634  -3.783  -0.294  -3.924   2.024   0.700  -2.044  -0.900  -0.823  -2.177  -0.521  -1.033   1.388   1.615   0.864  -1.421  -1.409 
  7 A   0.465   0.963  -0.504  -3.200  -2.730  -1.196  -3.099   0.343   0.520  -0.036   1.524  -2.988  -0.259  -1.935  -0.136   1.889   1.206  -2.915  -1.192  -0.248 
  8 A   3.436  -2.027  -2.603  -3.768  -3.985  -1.293  -0.411  -3.172  -2.135  -2.137  -1.564  -3.677  -1.269  -2.681   3.902   2.015   0.585  -2.477  -2.081   0.798 
  9 A  -4.460  -6.701  -7.743  -8.316  -7.048  -5.205  -7.545  -7.652  -2.198  -2.558   2.072  -5.424   5.782   5.688  -8.157  -7.063  -5.729  -2.725   4.191  -3.090 
