#HLA-B0831

Last position-specific scoring matrix computed       
            A       R       N       D       C       Q       E       G       H       I       L       K       M       F       P       S       T       W       Y       V 
  1 A  -2.996  -1.328   1.481  -3.330  -2.811  -2.573  -0.514  -5.605   1.820  -2.804   0.580  -5.538   5.365   2.747  -7.380   1.413  -0.995   1.940   3.431  -3.664 
  2 A   1.247  -2.438  -3.023  -7.042  -5.022  -1.434  -6.948  -3.619  -3.929   0.935   3.477  -3.682   3.378   0.992   2.219  -2.637  -3.355  -0.673  -4.096  -0.714 
  3 A  -3.236   5.538  -2.605  -6.135  -6.554  -2.393  -3.574  -5.362  -0.590  -2.123  -0.624   4.548   1.170  -1.867  -6.244  -2.826  -3.901  -1.603  -2.192  -4.657 
  4 A   0.480   2.139  -0.358  -2.586  -2.103   1.419   0.392  -2.946   1.025  -1.340   0.011   2.190   1.670  -0.800  -0.848  -1.489  -0.326   0.022   1.219  -2.414 
  5 A  -3.751   6.493  -3.166  -5.822  -8.074  -2.220  -4.786  -5.412   2.945  -2.940  -3.176   2.859  -1.841  -1.370  -4.939  -3.970  -3.606  -3.459   0.582  -4.073 
  6 A  -1.959   3.253   0.499  -4.441  -2.844  -0.554  -1.862  -2.458   1.276   0.101  -0.140  -0.717  -2.477   2.862  -1.612   0.057   0.264   1.052   0.476  -0.614 
  7 A   1.440   0.273   0.802  -5.850  -0.432  -0.327  -2.699  -2.637   1.000  -1.557   1.484  -0.688   1.163  -0.605  -1.464   0.769   0.336   0.737   1.329  -0.301 
  8 A   2.911  -2.653  -1.504  -2.225  -1.984  -1.626  -0.034  -4.001  -3.060  -2.191  -3.107  -2.512  -2.452  -0.983   4.007   3.236   1.044  -3.633  -2.064  -0.868 
  9 A   0.146  -7.386  -8.124  -8.419  -6.350  -7.141  -7.704  -8.079  -7.655   1.652   4.835  -7.353   2.518   0.643  -7.788  -5.743  -4.800  -6.834  -5.286   0.845 
