#HLA-B4601

Last position-specific scoring matrix computed       
            A       R       N       D       C       Q       E       G       H       I       L       K       M       F       P       S       T       W       Y       V 
  1 A  -3.525  -2.352  -7.215  -3.852  -5.304  -6.034  -6.624  -6.936  -2.123  -0.352   0.874  -4.720   4.743   4.868  -6.297   0.005  -3.991   1.193   5.037  -1.855 
  2 A   3.133  -6.400  -5.668  -3.901  -6.047  -5.290  -4.546  -5.801  -6.767  -2.889  -3.862  -5.911   1.713  -6.952  -6.257   3.656   5.431  -7.547  -6.794  -0.156 
  3 A   2.542   0.459   1.447  -4.029  -6.649  -3.699  -4.511  -6.004   0.216   2.071  -4.378  -3.290   2.137   1.476  -2.870   1.380  -0.324  -4.997   2.384   0.057 
  4 A   1.329  -1.670   0.335   0.166  -3.406   0.484   0.298  -1.272  -2.042  -2.685  -3.305  -0.306   0.027   0.422   2.881   1.768   0.125   2.170  -0.422  -0.205 
  5 A   0.179  -2.273   1.274  -2.780  -3.677  -2.855  -2.422  -1.815   0.268   1.011   0.338  -4.390  -0.056   1.144   0.961   1.470   1.302  -1.918   0.333   1.161 
  6 A  -1.346  -1.061  -1.082  -1.747  -5.120  -3.046  -2.999   0.883  -1.106   0.375  -0.190  -4.744   0.107   0.638   1.199   2.071   2.894  -0.950  -0.814   0.584 
  7 A   1.250  -2.690   1.225  -1.973  -2.712  -1.314  -2.249  -0.549   1.440  -1.404   1.560  -5.182  -0.495  -0.454  -1.445   2.598   1.251  -4.276  -0.614  -0.803 
  8 A   1.460  -3.610  -2.660  -4.230  -5.735  -1.571   0.051  -4.444   0.072  -0.859  -0.051  -4.156  -2.960  -0.263   3.314   1.474   0.442  -1.948   0.825   2.462 
  9 A  -6.933  -7.387  -6.419  -5.683  -7.283  -7.127  -5.131  -8.230  -5.672  -2.898   0.246  -7.489   5.509   6.439  -7.289  -7.128  -6.703  -2.529   5.003  -5.237 
