#HLA-B1824

Last position-specific scoring matrix computed       
            A       R       N       D       C       Q       E       G       H       I       L       K       M       F       P       S       T       W       Y       V 
  1 A  -4.377  -4.564   1.511   2.379  -2.867  -2.198   1.557  -5.126  -0.027  -1.405  -0.019  -5.828   3.554   2.296  -7.273   0.101   0.259   3.104   3.241  -3.003 
  2 A  -6.013  -5.298  -5.472  -3.690  -8.678  -3.100   8.056  -7.327  -5.191  -8.409  -8.022  -4.407  -7.075  -8.171  -5.806  -5.261  -6.109  -7.651  -7.061  -7.611 
  3 A   0.008  -2.385  -0.020  -3.014  -2.739  -0.145  -1.778  -4.988  -0.665   1.918   1.373  -3.176   2.407   1.785  -3.363  -0.013  -1.280   1.691   2.030   0.574 
  4 A   0.671  -2.717  -0.073   1.531  -0.738   0.388   2.555   0.449   0.642  -2.564  -1.332  -1.257  -0.753  -0.718   0.777   0.752  -0.982   1.868  -0.261  -1.499 
  5 A   1.060  -1.209  -0.398  -0.086  -2.255  -2.661  -1.415   0.102   0.362   1.239   0.553  -3.128   0.039   1.501  -1.484  -0.288  -0.265  -0.898   1.296   0.026 
  6 A   0.575   0.299  -0.242   0.116  -2.792  -0.600  -2.032  -0.457   1.264  -0.002   0.230  -1.523  -1.676   2.281  -1.366   0.690   0.092   0.415   0.705  -0.818 
  7 A   0.213  -2.345  -0.213  -1.754  -1.304   0.679  -0.658  -3.298   1.688   0.792   0.113  -3.357  -0.278   1.766   0.956   0.025   0.318   0.259   2.597  -0.030 
  8 A   2.862  -3.350  -0.313  -3.080  -4.517  -0.237   0.307  -1.141  -2.312  -1.369  -1.090  -2.244  -2.160  -2.159   3.587   1.275   1.117  -5.554  -1.003  -0.009 
  9 A  -5.047  -7.447  -7.827  -8.394  -7.174  -6.488  -7.094  -8.265  -4.200  -2.363   1.914  -7.571   4.323   6.250  -8.277  -6.698  -5.478  -1.744   4.686  -3.256 
