#HLA-B9506

Last position-specific scoring matrix computed       
            A       R       N       D       C       Q       E       G       H       I       L       K       M       F       P       S       T       W       Y       V 
  1 A   0.458   2.206  -5.967  -7.111  -5.994  -0.740  -6.150  -1.241  -0.765   0.204   0.095   1.770   3.508   1.700  -7.154   0.416  -1.611   2.009   1.822  -1.014 
  2 A   2.296  -5.163  -6.008  -6.352  -6.899   6.937  -3.351  -5.252  -5.747  -3.633  -0.884  -0.835   5.424  -6.862  -6.719  -0.456  -3.856  -7.299  -6.459  -2.507 
  3 A   0.341   1.473   0.599  -7.099  -5.283  -1.986  -5.410  -6.172   1.107   0.915  -0.831  -1.769   2.819   3.234  -6.643  -0.537  -3.057   0.509   4.022  -0.087 
  4 A   1.913  -2.115   0.779   1.289  -0.993   0.111   0.820  -0.789  -0.175  -4.564  -2.034  -0.105   0.016  -2.681   2.024   1.898   0.179  -2.001  -0.134  -1.737 
  5 A   0.798  -1.744  -0.094  -1.162  -2.500  -2.593  -2.046   1.222   2.039  -1.910   0.089  -3.183  -1.097   0.416   0.386   2.338   1.237   0.567   0.722  -1.600 
  6 A   0.762  -1.862  -0.218  -1.386  -2.467  -1.705  -2.166   1.752  -0.694   0.028  -0.980  -4.943  -1.735   0.526  -0.584   2.420   2.048  -0.694  -2.143   0.172 
  7 A  -0.317  -2.909   0.217  -3.735  -0.817   0.694  -0.820  -1.860   0.685  -0.533   1.779  -3.156  -0.596  -0.812   1.114   2.764   1.773  -4.345  -2.511  -1.381 
  8 A   2.823  -2.692  -2.573  -4.767  -4.451  -2.745  -0.205  -3.786  -0.353  -1.976  -2.051  -3.687  -2.881  -2.718   4.293   2.801   0.863  -4.518  -4.484   1.291 
  9 A  -7.146  -7.616  -7.799  -8.417  -7.519  -7.578  -7.795  -8.244  -5.604  -5.308  -2.205  -7.797   3.741   7.373  -8.516  -7.264  -6.935  -1.243   5.008  -5.814 
