#HLA-B4073

Last position-specific scoring matrix computed       
            A       R       N       D       C       Q       E       G       H       I       L       K       M       F       P       S       T       W       Y       V 
  1 A   1.680   4.393  -2.669  -6.750  -2.087  -1.914  -5.848   0.537  -2.203  -1.301  -1.679   1.542  -0.368  -0.616  -6.916   1.031  -2.053   2.184   1.105  -2.995 
  2 A  -6.013  -5.298  -5.471  -3.687  -8.680  -3.320   8.062  -7.328  -5.190  -8.410  -8.023  -4.407  -7.077  -8.170  -6.360  -5.260  -6.109  -7.650  -7.061  -7.611 
  3 A   0.976  -4.926  -1.984  -3.492  -2.232   1.035  -1.859  -5.623  -0.314   1.674   1.066  -6.089   3.856   2.015  -3.359  -0.279  -1.066   2.954   2.042  -0.380 
  4 A   1.546  -1.138   0.378   0.383  -0.583   1.193   1.249   0.598  -0.651  -1.113  -0.508  -1.947   0.252  -0.087   0.328   0.035  -0.593   0.186  -1.423  -1.054 
  5 A   1.434  -4.957  -0.449  -0.667  -3.320  -3.782  -0.870   1.457   0.430   0.664   0.581  -4.880  -0.391   0.819  -1.700   0.961   0.061  -6.962  -0.413   0.731 
  6 A   1.180  -0.704   0.138  -2.131  -1.464  -0.044  -1.984   0.435   1.192  -0.414   0.885  -2.403  -1.022   1.854  -0.782   0.364  -0.603   0.740   0.219  -0.509 
  7 A  -0.048  -2.273  -1.433  -2.384  -2.493   0.013  -0.938  -2.465  -0.104   0.637   1.034  -3.870   0.429   1.827   0.802  -0.261   0.648   1.450   1.986   0.923 
  8 A   2.571  -3.227  -0.940  -2.677  -3.675  -0.483   1.136  -0.710  -2.313  -0.842  -0.868  -3.842  -1.763  -0.656   3.299   1.776   0.315  -1.288  -1.589  -0.491 
  9 A  -5.939  -7.421  -8.414  -8.720  -6.401  -7.285  -7.972  -8.695  -7.876   0.993   5.784  -7.535   1.119  -2.826  -8.039  -7.508  -6.258  -6.938  -6.148  -0.554 
