#HLA-B2716

Last position-specific scoring matrix computed       
            A       R       N       D       C       Q       E       G       H       I       L       K       M       F       P       S       T       W       Y       V 
  1 A  -0.966   5.561  -2.364  -6.780  -3.980  -2.953  -5.662  -2.278   1.731  -3.804  -3.017   1.716   1.798  -1.296  -7.106   0.022  -3.545   3.483   3.139  -6.073 
  2 A  -6.618   8.157  -5.590  -6.749  -8.523  -1.639  -5.223  -7.496  -5.474  -8.252  -7.348  -2.953  -6.535  -8.041  -7.173  -5.865  -6.255  -7.496  -6.919  -7.633 
  3 A  -1.802  -3.098  -1.746  -7.789  -5.331  -0.207  -6.570  -7.771  -0.897   1.174   1.402  -4.951   2.918   4.392  -7.979  -2.250  -3.849   6.318   3.181  -1.953 
  4 A   1.922   1.614   0.747  -2.471  -2.048   0.946  -0.972   0.173   0.305  -1.295  -0.334  -1.278   0.516  -2.571  -0.580   1.020   0.206   0.869   0.489  -1.966 
  5 A  -0.714   1.303  -1.063  -3.128  -3.078   0.044  -2.287  -0.898   0.194   0.699   1.167  -0.531   0.968   1.638  -2.939  -0.675   0.264   1.566   1.362  -0.053 
  6 A   1.178   1.972  -0.026  -3.669  -4.635  -0.162  -2.243  -1.316  -0.932  -0.745   1.216  -1.117  -1.015   1.159   0.434   0.700   0.579   2.362  -2.213  -1.528 
  7 A   0.524  -1.512  -2.278  -2.879  -0.555  -0.826  -2.125  -2.129  -0.426  -0.428   1.897  -3.010  -0.017   1.225  -0.225   0.810   0.916   0.916   2.385  -0.085 
  8 A   1.479  -0.062  -1.192  -4.601  -1.619   0.063  -0.700  -0.651  -2.312  -1.957   1.398  -1.146  -1.323  -1.655   2.178   1.690   1.142  -3.539  -0.469  -0.865 
  9 A  -1.088   1.807  -6.470  -7.631  -6.895  -4.987  -6.592  -5.392  -0.704   0.832   3.519   2.098   2.729   1.507  -6.687  -4.108  -4.848  -2.274   0.290  -1.747 
