#HLA-B2731

Last position-specific scoring matrix computed       
            A       R       N       D       C       Q       E       G       H       I       L       K       M       F       P       S       T       W       Y       V 
  1 A  -0.520   5.754  -3.240  -6.767  -4.968  -2.932  -5.630  -1.342   1.063  -4.471  -3.623   1.679   1.206  -1.408  -7.065   0.236  -4.294   3.092   3.024  -6.155 
  2 A  -6.610   8.122  -5.585  -6.731  -8.519  -0.400  -5.190  -7.487  -5.465  -8.248  -7.347  -2.961  -6.523  -8.046  -7.166  -5.857  -6.249  -7.495  -6.912  -7.629 
  3 A  -2.777  -2.836  -1.551  -7.827  -6.088  -0.822  -7.149  -7.848  -0.903   1.158   1.457  -5.229   3.227   4.577  -8.026  -2.460  -3.344   6.107   3.049  -1.627 
  4 A   1.911   1.379   0.385  -2.145  -2.049   1.097  -0.905   1.206  -0.182  -1.966  -0.691  -1.421  -0.147  -2.750  -0.416   1.232   0.427   0.710   0.121  -1.932 
  5 A  -0.010   1.041  -0.971  -2.973  -2.774  -0.028  -2.280  -0.162   0.539   0.483   1.124  -0.861   0.817   1.010  -3.318  -0.249   0.443   0.747   1.245  -0.059 
  6 A   1.400   2.187  -0.080  -4.217  -3.043   0.206  -2.233  -1.482  -1.225  -0.650   1.199  -1.436  -1.158   0.757   0.380   0.905   0.816   1.284  -4.154  -1.350 
  7 A   0.326  -1.116  -2.011  -2.381  -1.278  -0.718  -2.200  -1.459  -0.105  -0.404   1.539  -2.745   0.425   0.783   0.249   1.215   1.061   1.186   1.887   0.008 
  8 A   2.135  -0.865  -0.941  -4.567  -3.002   0.585  -0.749  -0.721  -2.093  -2.554   0.967  -1.713  -1.054  -1.579   2.510   1.953   0.835  -1.983  -0.661  -0.974 
  9 A   0.150  -0.981  -7.453  -7.901  -6.607  -4.912  -7.029  -5.403  -1.477   1.975   3.752   0.396   3.072   1.245  -5.174  -4.136  -4.108  -1.885  -1.069  -0.252 
