#HLA-B1571

Last position-specific scoring matrix computed       
            A       R       N       D       C       Q       E       G       H       I       L       K       M       F       P       S       T       W       Y       V 
  1 A   0.535   1.999  -5.418  -6.932  -5.942  -0.457  -6.020  -1.328  -0.644  -0.097   0.634   1.867   2.818   0.886  -7.017   2.049  -2.021   1.184   1.295  -1.446 
  2 A  -1.072  -5.388  -6.280  -6.638  -6.972   6.887  -3.658  -7.250  -5.857  -2.777   1.376  -4.902   6.565  -6.256  -7.082  -1.615  -4.361  -7.114  -6.305  -1.954 
  3 A   0.318   2.663   0.664  -6.894  -5.310  -1.752  -5.809  -6.418   1.228   1.885  -1.777   1.092   2.239   2.211  -7.230  -0.466  -3.645  -3.905   2.966  -0.370 
  4 A   1.551  -1.892   1.462   0.896  -1.493   0.798   0.405  -1.200  -0.145  -3.956  -2.530   0.464   0.017  -1.057   1.259   1.559   0.260   0.014   1.812  -2.445 
  5 A  -0.080  -0.012   0.856  -0.128  -3.787  -2.517  -1.050   0.627   2.193  -2.341  -0.498  -1.715  -0.474   0.510  -0.129   2.138   1.328   0.025   1.284  -2.165 
  6 A  -0.438  -2.181  -0.383  -2.808  -3.003  -1.368  -2.773   0.398  -0.818   0.764  -0.220  -5.940  -1.160   1.708  -1.362   1.976   2.090   0.028   0.346   1.331 
  7 A   0.428  -4.055  -0.413  -3.241  -0.541  -0.323  -0.209  -1.237   1.118  -0.811   1.546  -3.301  -0.732  -1.365  -1.120   3.100   1.958  -3.538  -1.696  -0.879 
  8 A   1.873  -3.547  -2.046  -3.381  -3.670  -2.549   0.302  -3.135   1.435  -2.088  -1.626  -3.867  -3.163  -0.721   4.052   2.873   0.778  -1.286  -0.834   0.725 
  9 A  -7.166  -7.601  -7.746  -8.401  -7.607  -7.553  -7.753  -8.247  -4.780  -5.454  -3.855  -7.774   2.930   7.334  -8.488  -7.249  -6.975  -4.077   5.777  -5.930 
