#HLA-B0738

Last position-specific scoring matrix computed       
            A       R       N       D       C       Q       E       G       H       I       L       K       M       F       P       S       T       W       Y       V 
  1 A  -2.178  -0.742  -2.224  -7.450  -0.691  -3.352  -5.341  -5.326   1.381   1.823   1.737  -3.793   4.135   2.114  -7.522  -0.033   0.677   2.655   2.551  -1.267 
  2 A  -5.443  -7.189  -7.066  -6.769  -7.720  -6.598  -6.321  -7.224  -7.189  -7.960  -8.067  -6.147  -7.722  -8.894   9.100  -5.916  -6.154  -9.805  -7.787  -7.632 
  3 A   0.885   1.052   1.136  -3.442  -5.277   1.417  -1.063  -3.584   0.896  -1.284  -0.093  -2.487   0.856   1.768  -6.392   0.700   0.537   2.119   2.936  -1.124 
  4 A   1.449  -0.585  -0.559  -1.230  -3.053   0.221  -0.494  -2.436   0.853  -0.418  -0.300  -0.035   1.498  -0.607   1.502   1.538   0.345   1.652  -0.238  -1.266 
  5 A   0.500   1.930  -0.692  -0.771  -2.069  -0.207  -0.790  -0.495   1.331  -0.058  -0.991  -0.423   1.879   0.001  -0.137   0.766  -0.360  -0.200   0.168  -0.532 
  6 A   1.633   1.102  -0.893  -0.829  -2.766   0.223  -2.814  -0.002   0.281  -1.597  -0.402   0.540  -2.353  -0.092   0.568   1.148   1.913  -0.222  -1.684  -1.904 
  7 A  -0.798  -0.547  -0.031  -1.015  -1.279  -1.271  -2.008  -0.480   1.317  -1.670   0.867  -1.222   0.708  -2.564   0.208   2.959   1.527  -3.551  -0.965   0.061 
  8 A   1.220  -0.553  -2.288  -5.325  -3.633  -0.076  -0.251  -3.519  -1.748   0.866  -0.674  -1.783  -0.532  -2.640   2.338   2.710   2.421  -4.444  -4.103   0.486 
  9 A  -6.583  -7.761  -8.333  -8.531  -6.513  -7.514  -8.119  -8.696  -7.807   5.320   3.631  -7.641   2.427   1.477  -8.079  -7.495  -6.157  -0.919  -5.631  -3.164 
