#HLA-B3517

Last position-specific scoring matrix computed       
            A       R       N       D       C       Q       E       G       H       I       L       K       M       F       P       S       T       W       Y       V 
  1 A  -2.955  -3.328  -0.035  -5.156  -2.514  -2.506  -0.568  -5.576  -1.159   0.774   1.293  -5.000   5.250   3.000  -7.585  -1.351   0.064   2.418   3.333  -1.544 
  2 A   1.738  -7.094  -7.002  -6.809  -7.217  -6.492  -6.295  -6.439  -7.136  -6.521  -6.655  -6.137  -3.281  -7.555   8.491  -4.155  -3.504  -9.229  -7.557  -3.345 
  3 A   1.772  -2.839   1.269  -2.215  -2.222  -0.357  -1.479  -3.211  -0.771   0.588  -0.094  -4.165   1.907   0.979  -4.281   0.964   0.167   1.564   1.849   0.846 
  4 A   1.049  -1.429  -0.751   0.415  -1.672   0.664   0.828  -0.015   0.863  -2.312  -1.209  -0.782   0.327  -0.356   1.579   0.612   0.099   2.271   0.646  -0.627 
  5 A   0.951  -2.012  -1.354  -0.270  -0.446   0.116  -0.696   0.078   1.667  -0.549   0.056  -1.698   0.004   0.934  -0.071   0.449   0.368   1.771  -0.467   0.231 
  6 A   0.748  -0.284  -0.885  -0.250  -2.254  -0.326  -1.572   0.900   0.767  -1.037  -1.430  -2.753  -0.972   0.030  -0.054   1.725   2.446   0.711  -1.037  -0.089 
  7 A   0.659  -1.766   0.231  -2.434  -0.692  -1.330  -0.244  -1.454   0.766   0.422   1.478  -3.983   0.245   0.589   0.598   0.163   0.807   0.571   0.665  -0.461 
  8 A   3.766  -3.571  -2.908  -3.579  -2.650  -2.075   0.537  -2.332  -3.435  -1.391  -1.598  -3.708  -2.366  -1.653   3.303   1.527   0.885  -3.000  -3.522   0.678 
  9 A  -6.272  -7.276  -7.584  -8.301  -7.485  -6.960  -7.470  -8.217  -3.627  -4.753  -2.197  -7.366   5.040   5.900  -8.184  -7.042  -5.539  -1.832   6.972  -5.764 
