#HLA-B1576

Last position-specific scoring matrix computed       
            A       R       N       D       C       Q       E       G       H       I       L       K       M       F       P       S       T       W       Y       V 
  1 A  -3.847  -1.530  -2.093  -5.807  -5.330  -4.037  -0.044  -6.434   0.679  -1.273   0.512  -5.763   5.369   4.054  -7.612   0.085  -0.906   2.077   4.373  -3.553 
  2 A   3.208  -6.979  -6.836  -7.057  -6.345  -4.882  -6.490  -6.617  -7.254  -0.168  -2.599  -6.346  -0.017  -6.419   5.525  -0.653   2.050  -8.026  -6.925   2.587 
  3 A   2.304   3.055   0.971  -6.268  -5.133  -3.543  -4.886  -6.737   0.634   1.543  -2.791  -0.721   1.389   0.381  -4.556   0.571  -0.814  -3.421   1.014   0.744 
  4 A   1.349  -2.207   0.602   1.224  -2.815   1.112   0.715  -0.290   0.406  -3.805  -2.925   0.025   0.111  -0.854   1.258   1.631   0.302   1.288   0.873  -1.747 
  5 A   1.128  -1.016   0.520  -1.468  -2.034  -1.418  -2.337   0.326   2.083  -0.628  -0.148  -1.836  -0.556  -0.169   0.612   1.437   1.265   0.717  -0.229  -0.450 
  6 A  -0.267   0.457  -0.975  -1.563  -3.331  -2.435  -3.098   1.605  -1.561  -0.387  -0.904  -4.213  -1.232  -0.239  -1.559   1.774   3.388   0.379  -0.635   0.420 
  7 A   1.466  -1.099   1.147  -4.322  -1.101  -0.982  -2.473   0.460   0.176  -1.148   1.371  -4.231   0.215  -2.083  -0.123   2.345   1.608  -4.364  -2.207  -1.516 
  8 A   4.261  -4.578  -3.213  -4.785  -5.532  -3.641  -0.518  -3.284  -2.147  -3.135  -3.498  -4.392  -3.245  -3.382   4.357   2.544  -0.222  -3.691  -3.582   0.399 
  9 A  -6.543  -7.271  -7.644  -8.304  -7.341  -6.932  -7.511  -8.197  -5.264  -5.153  -2.516  -7.367   6.304   6.146  -8.217  -7.035  -6.685  -4.295   6.085  -5.586 
