#HLA-B2702

Last position-specific scoring matrix computed       
            A       R       N       D       C       Q       E       G       H       I       L       K       M       F       P       S       T       W       Y       V 
  1 A  -1.157   6.254  -4.448  -6.678  -5.029  -3.704  -5.442  -0.926   0.761  -3.790  -3.880   2.764   0.007  -2.283  -6.989  -0.753  -4.789   1.543   0.813  -6.274 
  2 A  -6.585   8.021  -5.576  -6.640  -8.512   0.871  -3.056  -7.468  -5.449  -8.240  -7.354  -2.540  -6.511  -8.058  -7.139  -5.833  -6.236  -7.497  -6.904  -7.620 
  3 A  -2.128  -1.373  -0.617  -6.452  -4.265  -0.509  -5.045  -5.363   0.729   0.708   1.283  -2.162   1.615   4.180  -7.844  -2.316  -3.840   5.571   3.679  -1.512 
  4 A   1.884   1.154   0.310  -2.294  -2.041  -0.475  -1.429   0.296  -0.656  -1.366   0.431  -0.394   0.275  -1.291   0.445   0.435   0.151   1.413  -0.096  -1.340 
  5 A  -0.445   0.937  -0.605  -2.582  -4.630   0.322  -1.394  -0.702  -0.544   0.910   0.786  -0.859   0.506   0.886  -2.572   0.058  -0.204   0.032   0.966   1.202 
  6 A   1.455   0.748  -0.835  -3.739  -1.452  -0.113  -2.496  -2.328  -0.117   0.150   1.118  -1.377  -0.599   1.422   0.311   0.080   0.096   2.542  -0.541  -0.132 
  7 A   0.188  -1.117  -1.151  -2.492  -1.291  -0.452  -1.743  -1.915   0.373  -0.716   1.508  -2.754  -0.244   1.617   0.242   0.568   0.489   2.296   2.065   0.130 
  8 A   0.680  -0.674  -0.449  -3.980  -2.761   0.052  -1.298  -0.248  -1.219  -1.444   1.151  -0.744  -1.501  -0.600   2.901   1.235   0.997  -0.956   0.139  -0.878 
  9 A  -3.251  -3.996  -7.961  -8.366  -5.836  -5.794  -7.649  -6.479  -4.319   2.359   3.940  -2.486   1.610   3.673  -7.125  -5.327  -5.940   3.834   0.612  -1.303 
