#HLA-B1509

Last position-specific scoring matrix computed       
            A       R       N       D       C       Q       E       G       H       I       L       K       M       F       P       S       T       W       Y       V 
  1 A  -4.054  -3.303   1.108  -4.326  -4.331  -1.040  -1.382  -5.038   2.975  -2.444  -0.484  -6.179   2.956   4.582  -7.715  -0.727  -0.376   5.423   3.737  -3.024 
  2 A  -5.410  -0.841  -4.372  -5.280  -8.410   4.300  -1.106  -7.000   8.794  -8.030  -7.268   2.185  -2.087  -6.410  -5.274  -5.178  -6.526  -7.008  -4.014  -7.939 
  3 A   1.235  -3.924   0.041   0.422  -5.247  -0.110  -0.816  -4.791   1.481  -0.693  -0.838  -3.996   2.041   2.995  -4.978   1.013  -0.539  -0.533   3.567  -0.908 
  4 A   1.380  -1.118  -0.276   0.526  -1.879   0.450   2.431   0.161  -0.394  -3.128  -0.640  -1.243  -0.267  -1.004   1.914  -0.092  -0.425   1.010   0.134  -1.910 
  5 A   0.243  -2.220   0.705  -1.235  -1.861  -0.513  -1.780   2.039   1.948  -1.452  -0.535  -2.119   0.160   0.946  -0.519   0.708   0.689  -0.393   1.668  -1.118 
  6 A   0.702  -0.015   0.837  -0.298  -1.146  -0.240  -1.570   0.416   1.135  -0.941  -0.569  -1.424  -1.748   0.207   0.323   1.097   0.925   1.020   0.242  -0.514 
  7 A   0.763  -1.348   1.008  -1.126  -0.843   1.676  -0.954  -1.514   2.049  -1.271  -0.544  -2.304  -1.246  -0.614   1.207   2.014   1.044  -1.573   0.580  -0.771 
  8 A   2.760  -3.795  -1.711  -4.658  -4.975  -1.987  -0.852  -4.017  -3.498   0.727  -1.613  -3.627  -1.538  -4.047   4.365   0.804   1.283  -3.035  -3.861   1.845 
  9 A  -3.309  -7.364  -8.338  -8.662  -6.389  -7.197  -7.878  -8.536  -7.783  -0.420   5.675  -7.470   2.430  -1.384  -7.984  -7.351  -6.227  -6.880  -6.040   0.144 
