#HLA-B1520

Last position-specific scoring matrix computed       
            A       R       N       D       C       Q       E       G       H       I       L       K       M       F       P       S       T       W       Y       V 
  1 A  -0.887   0.877  -4.964  -7.259  -6.940  -0.983  -6.388  -2.928  -1.470  -0.081   0.589   0.670   4.579   2.609  -7.311   1.270  -1.523   2.227   3.005  -1.186 
  2 A   2.715  -5.624  -6.169  -6.559  -6.607   6.040  -4.160  -6.240  -6.029  -2.814   0.091  -5.292   5.714  -6.069  -6.740   1.204  -1.273  -7.265  -6.447  -1.903 
  3 A   0.405  -0.939   0.485  -6.271  -4.117  -2.730  -5.604  -6.223  -0.083   1.913   0.661  -3.480   3.856   3.046  -5.144  -0.301  -3.329   1.359   2.899  -0.083 
  4 A   1.554  -3.101   0.049   1.893  -0.346   0.314   1.478  -0.026  -1.312  -3.852  -2.209  -0.446  -0.094  -2.655   2.152   1.504  -0.398   1.004   0.599  -2.712 
  5 A   1.020  -3.114  -0.152  -0.049  -1.458  -3.206  -1.297   1.269   1.505  -1.758  -0.246  -3.798  -1.249   1.164  -0.939   2.160   1.299  -0.917   0.907  -1.102 
  6 A   0.574  -3.818   0.064  -1.899  -2.457  -3.778  -2.629   1.592  -0.696  -0.028  -0.692  -5.919  -2.096   1.429  -0.847   2.653   2.121  -1.571  -1.369   0.395 
  7 A  -0.246  -3.416   0.082  -3.177  -0.972  -0.195  -0.446  -3.761   1.671   0.156   1.673  -5.281  -0.028   1.867   0.058   1.665   1.261  -0.638   0.372  -1.089 
  8 A   3.303  -4.580  -2.725  -5.332  -3.968  -2.766  -0.364  -3.055  -1.263  -2.654  -1.452  -4.853  -3.158  -2.197   4.185   2.656   1.300  -5.666  -3.535   0.688 
  9 A  -7.154  -7.620  -7.804  -8.427  -7.533  -7.592  -7.796  -8.254  -5.561  -5.325  -1.587  -7.802   3.210   7.322  -8.514  -7.278  -6.949  -0.425   5.196  -5.831 
