#B3803

Last position-specific scoring matrix computed       
            A       R       N       D       C       Q       E       G       H       I       L       K       M       F       P       S       T       W       Y       V 
  1 A  -2.834   3.083  -2.696  -6.884  -1.991  -2.711  -6.013  -2.553   0.451  -2.632  -1.669   0.081   2.513   3.355  -7.176   0.976  -2.069   5.470   4.197  -3.659 
  2 A  -5.783   1.054  -4.973  -2.011  -8.099   6.954   5.277  -6.767   2.492  -7.790  -7.284  -1.144  -4.136  -7.807  -6.278  -4.765  -5.704  -7.174  -5.421  -7.181 
  3 A  -0.740  -5.182  -1.296  -1.981  -5.732  -0.694  -1.794  -4.646   0.159   0.160   0.785  -4.594   4.030   2.579  -5.070  -1.532  -2.147   4.289   4.886  -1.020 
  4 A   1.060  -0.909  -0.718  -0.630   0.284   0.322   1.721  -1.054  -0.192  -1.350   0.304  -0.954   0.148  -0.897   1.708   0.706  -0.269   1.057   0.337  -1.891 
  5 A  -0.526  -1.301  -0.341  -1.921  -0.643  -2.778  -2.179   0.281   0.426   0.764   0.950  -2.726   1.126   2.185  -2.375  -0.163  -0.330  -0.077   2.036   0.524 
  6 A   1.325  -0.582   0.497  -1.558  -2.219  -1.487  -2.614  -0.442   0.984  -0.338   0.177  -3.172  -2.100   2.508  -1.604   0.943   0.710   1.958  -0.364  -0.043 
  7 A  -0.381  -3.521   0.180  -1.168  -1.514   0.703  -1.016  -5.386   1.941  -0.376  -0.081  -3.664   0.042   2.301   0.353   0.114  -0.672   1.850   2.899   1.425 
  8 A   1.736  -3.395  -3.352  -4.815  -2.495   0.179  -0.867  -3.018  -1.166  -0.272   0.246  -3.254  -1.197  -3.105   3.762   1.577   2.869  -4.079  -1.113  -0.174 
  9 A  -6.171  -7.396  -8.108  -8.300  -6.088  -7.196  -7.806  -8.452  -7.743   4.776   4.589  -7.320  -1.626  -3.460  -7.710  -7.219  -5.798  -5.054  -5.942  -0.072 
