#B3568

Last position-specific scoring matrix computed       
            A       R       N       D       C       Q       E       G       H       I       L       K       M       F       P       S       T       W       Y       V 
  1 A  -4.513  -5.780  -0.055  -2.635  -2.274  -2.326  -0.703  -6.100  -0.583  -0.307   1.394  -6.348   5.241   3.225  -7.326  -1.755  -0.766   3.360   4.237  -2.262 
  2 A   3.064  -6.644  -6.544  -6.451  -6.532  -6.032  -5.899  -5.529  -6.714  -5.022  -5.788  -5.756  -1.246  -6.932   7.879  -1.623  -2.818  -8.487  -7.029  -2.046 
  3 A   1.932  -3.803   1.244  -3.149  -2.493  -0.738  -2.450  -3.569  -0.876   0.980  -0.370  -4.266   2.212   1.487  -6.763   0.578  -0.322   1.795   2.122   1.317 
  4 A   1.653  -2.295   0.127  -0.172  -1.488   0.336   0.897   0.035   0.051  -2.674  -2.087  -0.608   0.210  -0.213   1.576   0.871   0.379   1.946   0.810  -0.753 
  5 A   1.395  -2.948  -0.577  -0.455   0.369  -1.254  -1.090   0.162   1.030  -0.581  -0.102  -2.425   0.314   1.144  -1.397   1.134   0.468   1.108   0.121   0.287 
  6 A   0.919  -1.138  -0.753   0.741  -1.751  -0.467  -1.528   1.211   0.393  -1.482  -2.284  -2.283  -0.488  -0.170  -0.108   1.508   2.247   1.276   0.136  -0.284 
  7 A   1.190  -2.545  -0.332  -2.216  -1.159  -1.543  -0.582  -1.394   0.549   0.315   1.611  -4.113   0.778   0.731   0.598   0.041   1.063   0.801   0.077  -0.661 
  8 A   3.639  -3.984  -2.566  -4.735  -2.387  -2.810   0.340  -2.705  -3.068  -0.765  -0.654  -3.294  -1.731  -2.045   3.398   1.120   0.603  -3.236  -2.842   0.856 
  9 A  -5.793  -6.898  -7.231  -7.944  -7.093  -6.576  -7.102  -7.859  -3.623  -4.752  -1.281  -6.987   5.017   5.743  -7.804  -6.682  -5.920  -2.349   6.950  -5.369 
