#HLA-B4048

Last position-specific scoring matrix computed       
            A       R       N       D       C       Q       E       G       H       I       L       K       M       F       P       S       T       W       Y       V 
  1 A   1.339   4.180  -2.528  -6.746  -2.096  -2.572  -5.577   1.261  -1.993  -1.200  -2.652   1.481   0.037  -0.054  -6.957   0.997  -1.870   2.546   1.562  -3.015 
  2 A  -6.013  -5.298  -5.471  -3.687  -8.680  -3.320   8.062  -7.328  -5.190  -8.410  -8.023  -4.407  -7.077  -8.170  -6.360  -5.260  -6.109  -7.650  -7.061  -7.611 
  3 A   0.803  -5.200  -0.953  -3.025  -2.233   1.186  -1.597  -5.379  -0.923   1.950   0.825  -6.066   3.612   1.635  -4.090  -0.183  -1.204   3.023   1.994   0.189 
  4 A   1.531  -1.358   0.713   0.173  -0.222   1.426   1.096   1.081  -0.188  -1.372  -0.852  -1.940  -0.255  -0.268   0.012   0.692  -0.837   0.185  -1.302  -1.618 
  5 A   1.282  -5.255  -0.524  -0.555  -3.001  -3.296  -0.751   1.253  -0.135   0.902   1.017  -4.902  -0.369   0.658  -2.717   0.661   0.244  -5.289  -0.417   0.796 
  6 A   1.270  -0.577   0.249  -1.922  -1.297   0.503  -1.537   0.558   1.192  -0.838   0.742  -2.695  -1.036   1.758  -0.607   0.446  -0.724   0.886  -0.447  -0.565 
  7 A   0.090  -2.740  -1.614  -1.871  -2.257   0.017  -0.402  -2.375  -0.102   0.597   0.583  -4.213   0.051   1.880   1.049  -0.115   0.689   1.685   1.987   0.990 
  8 A   2.840  -3.057  -1.261  -2.912  -3.308  -0.302   1.236  -1.413  -2.099  -1.395  -1.375  -3.354  -1.975  -1.848   3.509   1.967   0.732  -1.640  -1.910  -0.421 
  9 A  -5.710  -7.408  -8.392  -8.711  -6.432  -7.273  -7.961  -8.669  -7.797   0.652   5.750  -7.533   1.875  -0.603  -8.055  -7.497  -6.291  -6.828  -5.953  -1.272 
