#HLA-B1826

Last position-specific scoring matrix computed       
            A       R       N       D       C       Q       E       G       H       I       L       K       M       F       P       S       T       W       Y       V 
  1 A  -4.949  -5.139   1.464   1.944  -2.605  -1.670   1.377  -5.634  -0.702  -1.459  -0.014  -5.948   2.842   3.394  -7.412  -0.421   0.061   4.239   3.158  -2.822 
  2 A  -6.013  -5.295  -5.471  -3.690  -8.679  -2.893   8.056  -7.327  -5.189  -8.409  -8.021  -4.405  -7.073  -8.171  -6.360  -5.260  -6.108  -7.649  -7.060  -7.610 
  3 A  -0.171  -4.405  -1.953  -0.957  -2.501   0.227   0.040  -5.008  -0.907   1.521   1.187  -3.594   2.801   2.276  -2.774  -0.104  -1.535   1.586   2.573  -0.037 
  4 A   0.162  -1.668  -0.447   1.512  -0.368   1.370   3.271  -0.024   0.132  -3.170  -0.923  -2.245  -1.019  -0.589   1.580  -0.293  -1.000   1.147  -0.355  -1.880 
  5 A   0.912  -1.701  -0.417  -0.824  -2.034  -1.886  -1.850   0.479   0.361   1.373   0.369  -2.581  -0.260   1.668  -2.424  -1.630  -0.805   0.242   1.682   1.000 
  6 A   0.487  -0.576   0.087  -1.125  -1.849  -1.563  -1.175  -1.278   1.733   0.092   0.513  -1.480  -1.827   2.638  -1.164   0.612  -0.158   0.246   1.073  -0.382 
  7 A   0.880  -3.925   0.072  -1.748  -1.849   0.440  -0.174  -4.340   2.327  -0.078   0.229  -3.829   0.394   1.967   0.907  -0.492  -0.436   1.803   2.475   0.153 
  8 A   2.570  -3.382  -0.516  -3.243  -4.516  -0.770   0.255  -1.874  -2.554  -0.405  -1.456  -2.895  -0.968  -1.176   3.737   1.323   1.310  -4.400  -0.985   0.301 
  9 A  -4.515  -7.417  -8.230  -8.583  -5.655  -7.223  -7.878  -8.501  -7.511   1.054   4.953  -7.503   4.029   2.719  -8.064  -6.821  -5.521  -4.039  -4.436  -0.597 
