#HLA-B1546

Last position-specific scoring matrix computed       
            A       R       N       D       C       Q       E       G       H       I       L       K       M       F       P       S       T       W       Y       V 
  1 A   0.909   2.008  -4.703  -6.822  -5.963  -0.275  -5.575  -0.367  -0.898  -0.448  -0.053   2.312   2.732   0.480  -6.935   1.859  -1.401   1.177   1.017  -1.656 
  2 A  -0.826  -5.164  -6.059  -6.442  -7.088   7.365  -4.583  -6.368  -5.674  -3.235   0.390  -3.922   6.216  -6.557  -6.966  -1.158  -4.119  -7.174  -6.338  -2.238 
  3 A   0.610   2.187   1.035  -6.899  -5.256  -1.663  -5.584  -5.801   0.490   1.913  -1.844  -0.080   2.543   2.742  -5.943  -0.170  -2.499  -3.906   2.642  -0.097 
  4 A   1.784  -1.815   1.400   1.442  -1.317   0.045   0.753  -1.081  -0.376  -5.265  -2.825   0.030  -0.308  -1.830   1.887   1.855   0.398  -0.451   0.670  -2.467 
  5 A   0.917  -1.306   0.671  -0.346  -2.269  -1.650  -1.421   0.425   1.396  -1.922  -0.036  -2.172  -0.233   0.327  -0.127   2.181   1.107   0.401   1.279  -2.120 
  6 A  -0.130  -1.857   0.370  -1.900  -2.014  -0.532  -2.273   0.865  -1.086   0.464  -0.771  -4.513  -1.358   1.005  -0.764   2.073   2.232  -0.675  -0.697   0.821 
  7 A   0.275  -3.308  -0.344  -3.074  -0.678   0.821   0.093  -1.584   0.914  -0.828   1.450  -2.547  -1.008  -1.860  -0.190   3.055   1.752  -4.353  -2.015  -1.083 
  8 A   2.377  -2.559  -1.731  -3.890  -4.048  -2.547   0.172  -2.633   0.905  -2.563  -1.493  -3.393  -2.622  -1.278   3.986   2.694   0.463  -2.463  -2.025   0.957 
  9 A  -7.171  -7.667  -7.821  -8.422  -7.518  -7.671  -7.841  -8.238  -5.739  -5.074  -2.995  -7.861   3.795   7.579  -8.565  -7.282  -6.950  -2.907   4.446  -5.811 
