#HLA-B1540

Last position-specific scoring matrix computed       
            A       R       N       D       C       Q       E       G       H       I       L       K       M       F       P       S       T       W       Y       V 
  1 A   0.744   3.515  -6.202  -6.917  -6.071  -1.423  -5.934   0.105  -1.487  -0.260  -0.487   2.331   2.225   0.128  -7.012   0.818  -2.612   1.992   1.012  -1.390 
  2 A  -0.415  -5.462  -6.363  -6.705  -6.912   6.719  -3.721  -6.852  -5.987  -1.391   1.819  -3.359   5.670  -6.260  -7.083  -2.503  -3.271  -7.177  -6.344  -0.408 
  3 A  -0.310   3.361  -0.355  -7.103  -7.242  -1.157  -5.247  -5.944   1.114   0.386  -0.798  -0.367   2.699   3.041  -6.026  -1.607  -3.098   0.325   3.835  -1.186 
  4 A   1.410  -2.211   1.887   2.187  -2.093  -0.173   1.164  -0.275  -0.480  -5.620  -3.301  -0.145  -0.216  -1.642   1.512   1.688  -0.021  -0.971   0.666  -3.140 
  5 A   0.674  -0.564  -0.390  -1.225  -4.148  -2.557  -1.759   1.553   1.622  -2.154  -0.233  -1.900  -0.836   0.209  -0.196   2.616   1.077  -0.196   0.519  -1.558 
  6 A  -0.128  -1.699  -1.093  -3.361  -2.719  -3.296  -3.629   1.346   0.063   0.501   0.027  -4.594  -0.290   1.601  -1.578   2.254   2.340   0.390  -1.740   0.296 
  7 A  -0.466  -2.206   0.005  -4.106  -1.811  -0.095  -1.020  -0.658   0.911   0.186   1.266  -3.028  -0.167  -0.960   1.160   2.895   1.800  -4.327  -1.423  -1.668 
  8 A   2.859  -2.443  -2.843  -4.502  -3.633  -1.644  -0.098  -2.973  -0.126  -1.921  -2.253  -3.816  -3.528  -2.090   4.471   2.852   0.747  -3.014  -2.601   0.042 
  9 A  -7.095  -7.569  -7.793  -8.406  -7.450  -7.488  -7.768  -8.244  -5.029  -5.211  -1.375  -7.740   4.372   7.233  -8.473  -7.239  -6.880  -2.928   4.873  -5.486 
