#HLA-B4803

Last position-specific scoring matrix computed       
            A       R       N       D       C       Q       E       G       H       I       L       K       M       F       P       S       T       W       Y       V 
  1 A   0.595   4.245  -3.163  -3.733  -3.511  -1.556  -5.604   0.882  -1.138  -2.267  -2.290   0.906   0.401   1.058  -0.220  -0.144  -2.555   3.978   1.934  -3.386 
  2 A  -5.993  -4.977  -3.048  -4.190  -3.755   5.765   6.948  -5.117  -5.087  -7.588  -7.740  -4.120  -6.603  -7.266  -5.893  -4.546  -4.747  -7.483  -2.880  -6.664 
  3 A   1.165  -4.650  -1.341  -0.901  -5.167   0.418  -2.101  -3.778  -0.182   0.676   0.447  -5.705   3.766   2.149  -2.130   0.098  -0.732   3.170   2.767  -0.732 
  4 A   1.467  -1.442   0.138   1.061  -1.498   0.730   1.703   1.292  -0.182  -2.469  -1.282  -1.938  -0.278  -0.209   1.023   0.168  -0.852   0.189  -0.357  -1.784 
  5 A   0.941  -3.821  -0.948  -0.796  -1.816  -2.012  -1.201   2.017   0.599   0.085   0.331  -3.722  -0.521   0.425  -1.831   0.556   0.004  -2.853   0.306   1.180 
  6 A   1.255  -1.168   0.655  -0.251  -1.297  -0.257  -1.281   0.509   1.254  -0.775   0.251  -2.476  -1.711   1.074  -0.136   1.123   0.244   1.415  -1.902  -0.887 
  7 A   0.316  -2.974  -1.149  -2.047  -1.639   0.166  -0.673  -1.776   0.272  -0.014   0.942  -2.760   0.323   1.367   1.643  -0.016   0.729   1.994   0.983   0.531 
  8 A   3.199  -3.252  -3.207  -2.383  -4.462  -1.536   0.170  -1.350  -4.159  -1.352  -1.013  -3.705  -2.859  -2.549   3.866   1.902   0.846  -2.481  -2.443   0.323 
  9 A  -6.218  -1.139  -8.179  -5.161  -6.463  -7.054  -5.819  -8.631  -7.743   0.338   5.760  -7.156   0.065  -4.142  -7.986  -7.417  -6.263  -6.993  -6.241  -0.467 
