#HLA-B5508

Last position-specific scoring matrix computed       
            A       R       N       D       C       Q       E       G       H       I       L       K       M       F       P       S       T       W       Y       V 
  1 A  -6.040  -5.106  -0.305  -7.636  -3.450  -4.321  -3.719  -6.967  -1.109  -0.712   1.479  -7.063   4.628   4.905  -7.965  -2.437  -1.307   3.534   4.560  -3.848 
  2 A  -3.660  -7.182  -7.063  -6.770  -7.685  -6.590  -6.317  -7.187  -7.184  -7.939  -8.046  -6.144  -7.700  -8.873   9.069  -5.886  -6.142  -9.771  -7.776  -7.593 
  3 A   2.426  -3.574   0.405   0.430  -4.074  -0.341  -0.749  -4.033  -0.078  -0.157  -1.290  -5.209   1.989   0.506  -2.861   0.404   1.036   1.897   2.160   0.557 
  4 A   0.975  -0.332  -1.630  -0.199  -1.483   0.407   0.516  -0.287   0.456  -1.491   0.052  -2.049   0.353  -0.174   2.297   0.701  -0.536   2.447  -0.323  -0.818 
  5 A   0.412  -1.330  -0.030  -0.914  -0.832  -0.695  -0.381  -0.968   0.766   0.843   0.352  -2.124   0.224   0.089  -0.077   0.240  -0.043   0.209   0.589   1.151 
  6 A   1.540   0.279   0.192  -0.343  -2.500   0.283  -1.788   0.522   0.621  -1.935  -1.334  -0.999  -0.722  -0.332   0.455   1.483   1.918  -0.225  -1.554  -0.968 
  7 A   1.353  -2.051   0.193  -0.605  -1.826  -2.440  -0.720  -2.648   2.134  -0.738   0.197  -4.352   0.554   1.295   0.761   0.370   0.101   0.896   1.308   0.863 
  8 A   3.515  -3.232  -2.222  -3.904  -3.245  -0.758   0.836  -3.407  -3.765  -0.611  -1.806  -3.838  -0.346  -2.424   3.346   1.172   1.498  -3.648  -3.827   0.550 
  9 A  -0.581  -7.453  -8.074  -8.387  -5.573  -7.178  -7.723  -8.134  -7.545   2.310   3.928  -7.399   3.645   2.526  -7.850  -6.475  -4.100  -4.101  -4.513   1.864 
