#HLA-B9529

Last position-specific scoring matrix computed       
            A       R       N       D       C       Q       E       G       H       I       L       K       M       F       P       S       T       W       Y       V 
  1 A   0.954   2.978  -6.201  -6.881  -5.976  -1.948  -5.915  -1.051  -1.678  -0.486   0.601   2.582   2.886   0.326  -6.943   1.831  -3.388   0.214  -0.063  -2.252 
  2 A  -0.376  -6.107  -6.838  -7.236  -6.600   4.986  -5.820  -7.033  -6.520   0.167   2.716  -5.902   6.263  -5.767  -7.279  -1.244  -1.759  -7.098  -6.309   0.210 
  3 A   0.282   3.921   0.184  -6.933  -7.196  -3.249  -5.773  -6.429   0.670   1.107  -2.566   0.615   2.730   2.631  -7.246  -0.516  -3.849  -4.779   2.970  -0.977 
  4 A   1.723  -1.775   1.533   1.165  -1.496   1.069   0.165  -1.723   0.421  -4.471  -3.247   0.912  -0.092  -1.787   1.389   1.379   0.168   0.385   1.679  -2.464 
  5 A   0.316   0.182   0.593  -1.063  -4.684  -2.026  -1.120   0.544   2.661  -3.695  -0.412  -1.865  -0.473   0.894  -0.346   2.398   1.330  -0.646   1.191  -2.487 
  6 A  -0.841  -1.780  -0.623  -2.663  -3.007  -1.358  -4.121   1.434  -0.575   0.527  -0.417  -5.269  -0.776   1.404  -1.693   2.431   2.653  -0.669  -1.113   0.500 
  7 A   0.120  -2.538   0.231  -3.711  -1.102  -0.324  -0.822  -0.736   1.250  -0.920   1.785  -4.049  -1.288  -2.816  -0.836   3.188   2.033  -4.346  -1.580  -1.391 
  8 A   2.527  -3.078  -2.533  -4.459  -4.505  -2.358   0.431  -2.611   1.491  -2.359  -2.739  -4.560  -3.536  -2.442   4.278   3.052   0.472  -3.649  -2.213   0.773 
  9 A  -7.139  -7.528  -7.692  -8.381  -7.647  -7.419  -7.675  -8.251  -4.573  -5.542  -4.354  -7.679   2.741   7.050  -8.413  -7.210  -6.966  -3.945   6.464  -5.979 
