#HLA-B9514

Last position-specific scoring matrix computed       
            A       R       N       D       C       Q       E       G       H       I       L       K       M       F       P       S       T       W       Y       V 
  1 A  -4.349  -1.773   0.423  -1.879  -4.893  -1.580  -0.413  -5.481   2.318  -2.036  -2.523  -5.708   3.928   3.682  -7.688  -0.672  -0.799   6.476   4.635  -4.122 
  2 A  -2.155   2.704  -5.453  -3.704  -8.144   6.233   4.149  -7.008   2.543  -7.784  -6.985   1.450   0.193  -7.953   0.635  -4.442  -5.999  -7.536  -5.753  -7.283 
  3 A   0.709  -5.979  -0.589  -2.917  -4.659  -1.287  -2.077  -6.157  -0.598   0.057  -0.405  -6.274   3.299   4.097  -7.497   0.114  -1.558   4.108   3.901  -0.809 
  4 A   1.060  -1.775  -0.245   1.264  -1.692   0.798   2.118   1.755  -0.394  -3.868  -2.054  -2.092   0.195  -2.540   1.210   1.080  -0.778   2.439  -0.473  -2.484 
  5 A   0.817  -3.174  -0.088  -0.448  -1.847  -2.334  -1.208   1.555   0.286  -0.373   0.610  -4.080  -0.085   1.817  -2.580  -0.387  -0.623   2.473   1.983  -0.318 
  6 A   1.010  -0.177   0.524  -0.468  -2.504  -1.187  -2.118   0.230   0.771  -1.248  -0.850  -1.902  -1.099   1.392  -0.062   1.517   1.565   1.876  -1.461  -0.311 
  7 A   0.383  -3.279  -0.142  -1.200  -0.976  -1.344  -1.722  -2.330   1.508  -0.079   0.741  -4.198   0.032   1.477   1.281   1.250   1.062  -0.619   2.057  -0.331 
  8 A   3.852  -4.435  -3.171  -5.520  -5.599  -2.648  -0.977  -4.207  -4.733  -0.934  -1.221  -4.935  -3.134  -4.374   5.233  -0.372   0.606  -5.776  -4.238   0.966 
  9 A  -6.431  -6.784  -8.017  -8.523  -6.870  -7.144  -7.753  -8.418  -6.379  -2.936   4.054  -7.482   4.850   4.805  -8.188  -7.289  -6.527  -1.576   3.540  -3.482 
