#HLA-B1564

Last position-specific scoring matrix computed       
            A       R       N       D       C       Q       E       G       H       I       L       K       M       F       P       S       T       W       Y       V 
  1 A  -1.599  -0.510  -2.549  -4.668  -5.289  -0.194  -3.460  -3.377   2.284   0.582   0.002  -1.097   4.884   2.905  -7.462  -0.023  -0.822   3.838   2.639  -1.807 
  2 A   2.137  -4.690  -5.200  -6.295  -7.002   6.339  -2.279  -5.992  -3.423  -4.849  -2.204   2.174   5.581  -6.999  -0.725  -0.953  -3.879  -7.372  -6.504  -3.316 
  3 A   0.492   0.335  -0.121  -5.794  -6.044  -1.471  -5.392  -5.848   0.912  -0.157  -1.071  -1.356   2.194   3.907  -7.380   0.399  -2.313  -0.010   4.601  -0.580 
  4 A   1.557  -1.923   0.692   1.290  -1.488  -0.513   1.116  -0.169  -0.173  -4.610  -2.253  -0.063   0.291  -1.736   2.089   1.732   0.349  -0.705   0.115  -2.300 
  5 A   0.593  -0.236  -0.102  -0.472  -2.068  -1.935  -1.219   1.166   2.143  -1.228  -0.306  -2.465  -1.752   0.870  -0.000   1.317   0.368   0.584   1.802  -1.490 
  6 A   0.121  -1.319   0.496  -0.805  -2.252  -0.975  -1.756   1.655  -0.214  -0.891  -1.709  -2.898  -1.967  -0.033  -0.580   2.443   2.323   0.861  -1.551   0.075 
  7 A   0.673  -1.966   1.041  -3.531  -1.272   0.760  -1.911  -1.223   0.990  -0.954   1.152  -1.887  -0.516  -1.577   0.880   2.902   1.350  -4.363  -2.013  -1.533 
  8 A   3.333  -4.385  -2.501  -4.856  -4.412  -3.003  -0.774  -3.300  -3.178  -1.586  -2.534  -3.749  -3.467  -3.732   4.717   1.693   0.854  -7.883  -5.483   1.890 
  9 A  -7.117  -7.575  -7.782  -8.407  -7.502  -7.499  -7.761  -8.244  -5.545  -5.074  -1.992  -7.745   4.024   7.230  -8.478  -7.242  -6.908  -1.241   5.232  -5.787 
