#HLA-B2738

Last position-specific scoring matrix computed       
            A       R       N       D       C       Q       E       G       H       I       L       K       M       F       P       S       T       W       Y       V 
  1 A  -1.489   5.688  -2.358  -6.773  -3.594  -3.600  -5.629  -3.098   2.132  -3.639  -2.031   1.930   1.907  -1.886  -7.102  -0.207  -3.721   2.720   2.794  -5.531 
  2 A  -6.623   8.177  -5.593  -6.759  -8.526  -2.540  -5.240  -7.501  -5.479  -8.255  -7.348  -3.070  -6.540  -8.038  -7.178  -5.870  -6.258  -7.496  -6.922  -7.636 
  3 A  -1.741  -3.962  -2.337  -7.269  -5.285  -1.034  -7.222  -7.853  -0.793   1.338   1.877  -5.881   3.135   4.438  -8.025  -2.907  -4.473   6.080   2.629  -1.313 
  4 A   1.990   1.216   0.739  -2.482  -1.461   0.716  -0.738   0.236  -0.893  -1.163   0.242  -2.076   0.357  -3.287  -0.422   0.796   0.466   1.416   0.800  -2.078 
  5 A   0.181   1.821  -1.129  -3.403  -2.526   0.461  -2.253  -0.932   1.331  -0.349   0.881  -0.718   0.654   1.267  -2.571  -0.656   0.033   1.050   1.549   0.118 
  6 A   1.183   2.278   0.306  -3.031  -3.384   0.209  -2.122  -0.989  -1.211  -0.910   0.924  -1.574  -1.667   0.672   0.379   1.117   0.290   2.173  -2.623  -1.271 
  7 A   0.402  -1.278  -2.055  -3.801  -0.824  -0.929  -2.445  -3.105   0.618  -0.295   1.927  -3.409   0.271   1.194   0.536   0.491   0.651   1.454   2.459   0.089 
  8 A   1.882  -1.069  -0.859  -4.319  -2.231  -0.006  -0.356  -0.341  -1.716  -2.565   0.634  -1.215  -1.536  -1.691   2.729   1.725   1.368  -3.564  -0.770  -0.623 
  9 A  -0.050   2.679  -6.209  -7.364  -7.029  -4.747  -6.252  -4.668  -0.321  -0.455   2.541   2.866   2.699   1.991  -5.958  -3.807  -4.341  -1.856   0.441  -1.284 
