#HLA-B5610

Last position-specific scoring matrix computed       
            A       R       N       D       C       Q       E       G       H       I       L       K       M       F       P       S       T       W       Y       V 
  1 A  -6.736  -6.616   0.043  -7.038  -4.269  -6.114  -3.416  -7.419  -1.404  -1.173   1.195  -7.160   4.781   5.323  -8.048  -3.017  -2.555   3.355   4.601  -4.024 
  2 A  -3.318  -7.180  -7.062  -6.771  -7.676  -6.588  -6.316  -7.177  -7.183  -7.933  -8.041  -6.144  -7.694  -8.867   9.060  -5.878  -6.139  -9.762  -7.772  -7.583 
  3 A   1.823  -3.423   0.547   0.665  -3.697  -0.517  -0.637  -4.229  -1.169   0.176  -0.907  -5.246   1.841   0.864  -4.929   0.677   0.856   3.019   2.384   0.502 
  4 A   0.589  -0.336  -1.539  -0.585  -1.664   0.526   0.429   0.434  -0.311  -1.413   0.108  -2.149   0.358   0.163   1.798   0.696  -0.423   2.450   0.093  -0.433 
  5 A   0.127  -1.046  -0.691  -2.151  -0.975  -1.454  -0.461  -1.193   0.176   1.242   0.590  -1.806   0.504   0.969  -0.536  -0.211  -0.153   1.433   0.916   1.256 
  6 A   1.594   0.403  -0.039  -0.763  -1.829   0.339  -2.386   0.237   1.129  -1.765  -0.730  -1.474  -0.577   0.288  -0.123   1.204   1.889   0.377  -1.259  -0.904 
  7 A   1.264  -2.381  -0.098  -1.209  -2.028  -3.034  -0.864  -2.496   1.941  -0.009   0.423  -4.036   0.570   1.734  -0.450   0.158  -0.204   0.432   2.144   0.929 
  8 A   3.544  -3.392  -2.115  -4.114  -2.938  -0.671   0.653  -3.529  -4.606  -0.701  -1.359  -3.851  -0.026  -2.060   3.489   1.021   1.315  -4.465  -3.536   0.377 
  9 A   2.118  -7.310  -7.720  -8.028  -5.510  -6.218  -6.360  -7.470  -6.240   2.123   2.809  -7.112   3.648   2.624  -7.497  -4.181  -2.079  -6.578  -1.642   1.846 
