#HLA-B1317

Last position-specific scoring matrix computed       
            A       R       N       D       C       Q       E       G       H       I       L       K       M       F       P       S       T       W       Y       V 
  1 A  -0.858   1.112  -3.497  -7.228  -1.011  -1.695  -5.687  -1.259  -0.264  -0.885  -0.369   0.378   3.227   3.135  -6.618   0.400  -0.131   4.423   3.388  -2.187 
  2 A  -1.718  -4.717  -5.003   0.260  -8.074   6.481   5.931  -6.930  -5.204  -7.721  -6.706  -4.387   1.060  -7.251  -6.495  -1.261  -5.180  -7.573  -6.796  -7.154 
  3 A  -1.893  -7.182  -2.874  -4.679  -5.204  -3.758  -5.550  -7.327  -2.486   1.379   1.661  -7.114   4.788   3.832  -6.986  -1.026  -3.431   4.760   3.528  -0.700 
  4 A   1.530  -3.643   0.355   1.698  -0.117   0.112   2.593  -0.070  -1.172  -2.763  -1.108  -3.060  -2.024  -0.467   1.625   1.113  -0.580  -0.230  -0.757  -2.271 
  5 A  -0.041  -2.940  -1.951  -2.012  -0.561  -2.230  -1.812   0.782  -1.094   0.786   1.060  -5.006   0.900   2.497  -2.292  -0.326  -0.500   1.328   1.565   0.999 
  6 A   1.777  -2.906  -0.213  -1.294  -0.951  -1.905  -3.459  -0.281  -1.109   0.260   0.396  -5.703  -1.304   2.649  -2.551   1.147   1.199   1.668  -1.800   0.366 
  7 A  -1.159  -5.559  -1.261  -1.312  -1.664  -0.748  -0.526  -6.972   1.508   0.212   0.738  -4.747   0.668   3.554   0.941  -0.440  -0.180   2.736   2.302   0.388 
  8 A   1.137  -2.818  -1.024  -3.941  -4.560  -0.105  -0.426  -1.081  -2.802  -1.007   0.456  -3.578  -1.882   0.251   3.463   1.927   2.116  -1.262  -0.629  -0.864 
  9 A  -5.003  -7.759  -8.301  -8.501  -6.489  -7.503  -7.381  -8.611  -7.804   5.089   3.319  -7.627   1.464   1.233  -8.048  -7.405  -6.091   1.777  -3.965   0.633 
