#HLA-B4046

Last position-specific scoring matrix computed       
            A       R       N       D       C       Q       E       G       H       I       L       K       M       F       P       S       T       W       Y       V 
  1 A   1.091   4.529  -3.662  -5.913  -2.339  -2.542  -5.867   1.521  -2.202  -1.390  -2.553   1.787  -0.749  -0.303  -5.298   0.526  -2.292   2.543   1.161  -3.254 
  2 A  -6.016  -5.303  -4.807  -3.695  -8.674  -3.329   8.047  -7.326  -5.186  -7.792  -8.009  -4.414  -7.069  -8.126  -6.364  -5.263  -6.108  -7.627  -5.637  -7.596 
  3 A   1.119  -4.880  -0.437  -2.274  -2.482   1.146  -0.803  -4.716  -0.766   1.379   0.687  -5.985   3.401   1.787  -4.683  -0.169  -1.132   2.648   2.504  -0.293 
  4 A   1.297  -1.064   0.570   0.028  -0.858   1.093   1.090   1.026  -0.295  -1.236  -0.575  -1.628   0.248   0.032   0.139   0.277  -0.982   0.867  -0.623  -1.325 
  5 A   0.861  -4.696  -0.801  -0.331  -3.018  -2.862  -0.571   1.597   0.343   0.845   0.710  -4.454  -0.271   0.656  -2.722   0.514   0.053  -5.277  -0.153   1.036 
  6 A   1.206  -0.566   0.597  -1.396  -1.137   0.189  -1.151   0.154   1.196  -1.101   0.676  -1.999  -1.191   1.375  -0.519   0.736  -0.306   0.213  -0.198  -0.531 
  7 A   0.254  -2.493  -1.709  -2.063  -2.033   0.227  -0.742  -1.301   0.092   0.280   0.760  -4.025  -0.150   1.700   0.701  -0.248   0.875   1.566   1.776   0.961 
  8 A   2.516  -2.801  -1.177  -2.237  -3.316  -0.660   0.909  -0.755  -2.106  -1.040  -1.122  -3.246  -1.426  -1.356   3.234   1.826   0.839  -0.720  -1.745  -0.150 
  9 A  -6.559  -5.937  -8.404  -7.875  -6.420  -7.273  -7.305  -8.713  -7.860   0.688   5.885  -7.509   0.533  -2.676  -8.050  -7.535  -6.291  -6.924  -6.139  -1.263 
