#HLA-B1511

Last position-specific scoring matrix computed       
            A       R       N       D       C       Q       E       G       H       I       L       K       M       F       P       S       T       W       Y       V 
  1 A  -5.405  -3.874  -2.647  -6.016  -6.084  -3.872  -1.768  -7.786   0.897  -1.348   0.500  -6.009   5.799   4.628  -7.797  -0.300  -1.965   2.859   4.298  -3.188 
  2 A   3.720  -6.816  -6.735  -7.129  -6.103  -1.893  -6.474  -5.629  -7.137   0.224  -0.007  -6.346   2.827  -5.964   1.550   0.757   2.268  -7.559  -6.666   2.445 
  3 A   2.163   2.317   0.794  -6.344  -4.549  -2.748  -4.719  -5.857  -0.298   2.064  -2.859  -0.999   1.517   1.292  -4.584   0.732  -1.468  -4.115   1.393   0.918 
  4 A   1.175  -2.663   0.991   1.321  -1.499   1.351   0.719  -0.171   0.495  -3.854  -3.161  -0.243   0.462  -1.166   1.258   1.891  -0.022   1.155   0.985  -2.549 
  5 A   1.246  -0.752  -0.336  -0.958  -3.048  -1.663  -2.538   0.717   2.272  -1.014  -0.193  -2.264  -1.246   0.762   0.616   2.057   1.421  -1.929   0.183  -2.393 
  6 A  -0.300  -0.426  -0.903  -1.332  -2.007  -3.250  -3.411   1.782  -1.938   0.120  -0.383  -4.699  -1.068  -0.122  -1.448   2.039   3.103  -1.256  -1.069   0.281 
  7 A   1.492  -1.901   1.609  -3.680  -0.541  -0.327  -2.029  -0.134  -0.213  -1.647   0.820  -3.395  -0.307  -2.007   0.216   2.731   1.832  -5.516  -2.783  -1.109 
  8 A   4.253  -4.339  -2.736  -5.322  -4.896  -4.198  -0.409  -2.971  -0.971  -3.239  -3.178  -4.018  -4.334  -3.768   4.281   2.452  -0.224  -7.810  -4.195   0.486 
  9 A  -7.048  -7.489  -7.737  -8.365  -7.446  -7.325  -7.692  -8.215  -5.527  -5.242  -3.667  -7.637   5.274   7.089  -8.415  -7.167  -6.833  -4.299   5.226  -5.722 
