#HLA-B4206

Last position-specific scoring matrix computed       
            A       R       N       D       C       Q       E       G       H       I       L       K       M       F       P       S       T       W       Y       V 
  1 A  -2.788  -0.268  -0.204  -7.341  -4.689  -4.799  -4.550  -5.549   1.349  -0.330   1.545  -3.938   5.016   3.642  -7.651  -0.048  -1.576   2.515   3.520  -3.358 
  2 A  -2.110  -7.184  -7.100  -6.853  -7.509  -6.603  -6.386  -6.440  -6.208  -3.773  -3.518  -6.207  -2.710  -8.379   8.794  -5.294  -5.383  -9.431  -7.620  -3.603 
  3 A   1.872   2.233   0.143  -2.035  -5.916  -0.145  -2.652  -3.557   0.222  -1.038  -0.067  -1.898   3.024   0.808  -4.934   0.493  -0.195   1.792   1.765  -0.995 
  4 A   1.440   1.058  -2.200  -2.439  -1.847   0.285  -1.131  -0.803   1.509  -1.345   0.287  -0.069   1.322  -0.858   1.244   0.096  -0.314   1.774   1.009  -0.840 
  5 A  -1.099   4.004  -1.085  -4.238  -4.840  -0.580  -2.591  -2.291   2.421  -0.123  -1.090   1.344  -0.334   0.515   0.599  -1.134  -1.162   0.741   1.445  -0.781 
  6 A   0.045   3.384   0.675  -2.963  -2.558   0.248  -2.159   0.223   0.639  -1.772  -1.511  -0.613  -2.631   0.896  -0.351   1.330   1.323  -0.000  -1.640  -1.586 
  7 A   1.093  -0.478   0.176  -4.094  -1.432  -2.466  -2.657  -1.753   0.917  -0.505   1.184  -4.153   1.816   0.776  -1.591   0.794   1.031  -0.632   1.441   0.839 
  8 A   3.913  -3.389  -2.739  -4.751  -3.573  -1.062   0.178  -3.691  -4.600  -1.643  -2.578  -4.348  -0.738  -2.888   4.203   2.275   0.429  -4.526  -4.966  -0.289 
  9 A   1.776  -7.351  -7.919  -8.190  -5.415  -7.007  -7.482  -6.794  -7.711   2.095   3.988  -7.179   2.089  -2.027  -7.517  -5.150  -3.004  -7.139  -6.222   2.658 
