#HLA-B1810

Last position-specific scoring matrix computed       
            A       R       N       D       C       Q       E       G       H       I       L       K       M       F       P       S       T       W       Y       V 
  1 A  -1.686  -1.568   0.773  -0.261  -3.120  -1.933  -0.028  -1.583   0.427  -0.577  -0.663  -3.084   3.750   1.965  -7.262   1.234  -0.009   3.890   3.514  -2.594 
  2 A  -5.290  -5.290  -5.482  -3.737  -8.643  -0.761   7.972  -7.307  -5.201  -8.387  -8.004  -4.412  -7.048  -8.180  -3.080  -5.261  -6.100  -7.661  -7.055  -7.594 
  3 A   0.202  -2.299  -0.330  -3.655  -2.735  -0.315  -2.374  -5.676  -1.357   2.067   0.976  -4.717   2.916   2.076  -5.114  -0.062  -1.440   2.808   2.509   0.690 
  4 A   0.808  -2.716  -0.072   1.267  -0.734   1.068   2.477   0.713   0.219  -2.399  -1.290  -1.682  -0.505  -0.518   0.451   1.161  -1.188   1.149  -0.353  -1.925 
  5 A   1.542  -2.067  -0.661  -0.083  -3.028  -2.151  -1.483   0.554   0.764   0.828   0.609  -3.262   0.400   1.111  -1.834   0.126  -0.598  -1.531   0.849   0.181 
  6 A   0.500   0.470  -0.119  -0.382  -2.054  -0.888  -2.800   0.466   0.616  -0.236   0.317  -1.448  -1.196   2.040  -1.587   1.050   0.536   0.735  -0.353  -0.963 
  7 A   0.225  -2.710  -0.817  -2.035  -1.641   0.556  -0.909  -2.350   1.197   1.113   0.285  -3.815   0.037   1.373   1.322   0.615   0.882   0.418   1.727  -0.048 
  8 A   3.536  -4.307  -1.378  -4.487  -6.545  -1.283   0.427  -2.176  -5.123  -1.986  -1.984  -3.113  -2.429  -4.178   4.665   1.477   0.919  -5.732  -3.357  -0.050 
  9 A  -4.024  -6.820  -7.852  -8.390  -7.006  -6.418  -7.680  -7.678  -3.595  -2.036   2.591  -7.497   5.013   5.849  -8.205  -6.653  -5.097  -1.863   3.644  -2.363 
