#HLA-B1507

Last position-specific scoring matrix computed       
            A       R       N       D       C       Q       E       G       H       I       L       K       M       F       P       S       T       W       Y       V 
  1 A   0.669   3.096  -6.234  -6.920  -5.980  -2.098  -5.941  -1.751  -1.675  -0.305   0.631   2.475   3.132   0.477  -6.978   1.804  -3.236   0.025   0.250  -1.887 
  2 A   0.026  -6.274  -6.899  -7.313  -6.513   4.313  -6.038  -7.007  -6.675   0.506   2.833  -6.065   6.017  -5.727  -7.267  -0.692  -0.583  -7.118  -6.331   0.496 
  3 A  -0.152   4.367   0.244  -6.883  -7.291  -3.419  -5.695  -6.449   0.674   1.018  -2.793   0.935   2.609   2.374  -6.506  -0.732  -3.680  -4.823   2.849  -1.410 
  4 A   1.529  -1.433   1.600   1.135  -1.500   1.071   0.336  -1.792   0.668  -4.485  -3.250   0.818  -0.092  -1.496   1.260   1.458   0.304   0.204   1.682  -2.721 
  5 A   0.225   0.320   0.253  -1.433  -4.683  -1.876  -1.119   0.513   2.850  -3.966  -0.412  -1.547  -0.472   0.852  -0.125   2.398   1.481  -1.206   1.084  -2.331 
  6 A  -0.976  -1.433  -0.911  -2.658  -3.322  -1.350  -3.742   1.391  -0.342   0.304  -0.573  -4.982  -0.654   1.368  -1.690   2.542   2.712  -0.937  -1.114   0.635 
  7 A   0.153  -2.306   0.385  -4.070  -1.261  -0.489  -0.883  -0.874   1.497  -0.978   1.757  -3.868  -0.862  -2.965  -0.835   3.287   1.910  -3.552  -1.576  -1.627 
  8 A   2.542  -3.388  -2.678  -4.698  -4.040  -3.344   0.428  -2.358   1.430  -2.527  -2.744  -4.577  -3.902  -2.858   4.412   3.067   0.345  -3.017  -2.400   0.874 
  9 A  -7.144  -7.544  -7.704  -8.384  -7.636  -7.446  -7.692  -8.249  -4.622  -5.519  -4.331  -7.699   2.854   7.119  -8.430  -7.218  -6.966  -3.978   6.309  -5.966 
