#HLA-B4028

Last position-specific scoring matrix computed       
            A       R       N       D       C       Q       E       G       H       I       L       K       M       F       P       S       T       W       Y       V 
  1 A  -0.420   1.922  -0.903  -7.007  -1.155  -1.418  -4.770  -0.608  -0.176   0.289   0.339  -0.043   2.662   1.831  -7.288   0.861  -1.371   3.662   2.334  -1.744 
  2 A  -6.013  -5.297  -5.471  -3.689  -8.680  -3.099   8.059  -7.327  -5.189  -8.410  -8.022  -4.406  -7.075  -8.171  -6.360  -5.260  -6.109  -7.649  -7.061  -7.611 
  3 A  -0.079  -2.912  -0.216  -5.532  -5.194  -0.577  -2.622  -6.618  -1.302   1.870   0.640  -5.847   4.007   2.924  -7.533  -0.214  -2.536   3.186   3.731  -0.670 
  4 A   1.075  -2.851   0.630   0.455  -0.116   1.307   2.352  -0.512   0.643  -2.434  -0.763  -2.584  -0.728  -0.579   1.253   0.955   0.013  -0.965  -0.265  -1.465 
  5 A   1.255  -2.744  -1.197  -1.280  -2.754  -2.485  -1.499   1.411   1.188  -0.175   0.567  -3.412  -0.522   1.743  -0.960   0.592   0.406  -0.389   1.147  -0.545 
  6 A   1.452  -0.465  -0.009  -1.657  -1.126  -0.707  -2.948   0.710   0.768  -0.489  -0.332  -2.591  -2.304   1.780  -0.209   1.430   0.465   0.568  -0.366  -0.328 
  7 A  -0.653  -3.878   0.486  -3.167  -2.044   1.161  -0.484  -3.921   1.446   0.328   1.171  -2.728   0.055   0.805   1.528   0.358   1.286   0.891   1.033   0.141 
  8 A   2.467  -2.949  -2.073  -4.999  -6.601  -1.286  -0.008  -3.953  -1.409  -0.875  -2.887  -3.998  -0.999  -3.517   4.756   2.524   1.357  -3.682  -2.845   0.716 
  9 A  -3.633  -7.472  -8.215  -8.525  -6.452  -7.219  -7.867  -8.469  -7.621   2.743   4.447  -7.477   4.023   1.701  -7.995  -6.761  -5.756  -2.303  -4.636   0.896 
