#HLA-B1523

Last position-specific scoring matrix computed       
            A       R       N       D       C       Q       E       G       H       I       L       K       M       F       P       S       T       W       Y       V 
  1 A  -3.293   0.089  -3.244  -6.927  -3.116  -3.818  -3.438  -3.955   1.694   0.440   0.357  -2.300   4.940   3.657  -7.717  -1.454  -0.922   4.758   3.458  -2.286 
  2 A  -0.838   2.745  -5.498  -4.466  -7.939   4.608   3.226  -6.872   3.582  -7.678  -6.964   3.349   0.448  -7.839   1.891  -1.373  -5.254  -7.601  -6.308  -7.224 
  3 A  -0.918  -6.020   0.339  -6.334  -5.424  -2.264  -4.805  -7.014  -0.059  -1.317  -1.768  -5.430   2.453   4.982  -7.738  -0.227  -2.283   4.092   5.774  -3.159 
  4 A   1.929  -2.597   0.766   0.490  -1.149  -0.434   1.602  -0.938   0.020  -3.543  -2.422  -1.255  -0.527  -1.466   2.834   1.938  -0.497   1.637  -1.199  -1.737 
  5 A   0.593   0.203   0.992  -1.386  -1.660   0.117  -1.530   1.605   0.108  -0.646  -0.950  -3.852   0.256   0.555  -1.470   0.675   0.617   2.624   0.596  -0.389 
  6 A   1.903  -1.474  -0.337  -0.891  -2.464  -2.100  -3.037   1.162  -0.566  -0.855  -1.577  -1.600  -2.877  -0.093   0.398   1.669   2.804   1.527  -2.153  -0.885 
  7 A  -0.327  -1.537   0.331  -1.543  -1.455   0.195  -2.522  -2.372   2.087  -0.941   0.873  -2.461   0.116   0.123   1.112   2.712   1.310  -0.941   0.027  -0.915 
  8 A   1.262  -1.816  -2.202  -6.481  -5.028  -0.969  -0.477  -4.216  -1.964   0.447  -1.135  -1.737  -1.887  -3.458   3.864   2.065   2.602  -7.699  -4.919   1.513 
  9 A  -7.143  -7.754  -8.114  -8.570  -7.354  -7.781  -7.973  -8.262  -6.681   1.271   1.183  -7.927   1.690   6.391  -8.713  -7.506  -6.849   7.543   0.121  -4.667 
