#HLA-B2713

Last position-specific scoring matrix computed       
            A       R       N       D       C       Q       E       G       H       I       L       K       M       F       P       S       T       W       Y       V 
  1 A  -0.919   6.036  -3.591  -6.752  -4.000  -3.794  -5.550  -2.201   1.257  -4.001  -2.922   2.142   0.714  -2.166  -7.046  -0.245  -4.533   2.379   2.433  -5.889 
  2 A  -6.623   8.174  -5.592  -6.757  -8.525  -2.369  -5.238  -7.501  -5.478  -8.255  -7.348  -3.071  -6.539  -8.038  -7.178  -5.870  -6.258  -7.496  -6.921  -7.636 
  3 A  -1.740  -3.117  -1.974  -7.235  -5.302  -1.359  -7.190  -7.827  -1.191   1.236   1.721  -4.762   2.995   4.381  -8.000  -2.671  -4.471   6.057   3.178  -1.438 
  4 A   1.957   1.281   0.514  -2.383  -2.037   0.538  -1.266   0.516  -0.411  -1.209   0.314  -1.374   0.360  -2.313  -0.583   0.860   0.338   0.866  -0.027  -1.685 
  5 A  -0.230   0.969  -0.907  -2.852  -2.774   0.112  -1.814  -0.845   0.187   0.592   1.333  -0.927   0.676   1.373  -2.753  -0.671   0.035   1.313   0.927   0.370 
  6 A   1.112   2.208   0.195  -3.193  -3.736  -0.009  -2.343  -0.899  -1.377  -0.426   1.201  -1.588  -0.622   0.676   0.316   0.734   0.374   1.650  -3.294  -1.192 
  7 A   0.521  -0.853  -2.419  -3.314  -0.196  -0.735  -2.555  -1.786  -0.549  -0.099   1.846  -3.005  -0.115   1.150  -0.156   0.382   0.767   0.912   2.241   0.222 
  8 A   1.578  -0.321  -0.650  -4.348  -1.815  -0.007  -0.363  -0.197  -2.537  -2.273   1.131  -0.901  -1.044  -1.480   2.272   1.331   0.969  -2.926  -0.663  -0.571 
  9 A  -0.983   2.002  -6.312  -7.459  -6.993  -4.476  -6.371  -4.915  -0.333   0.357   2.926   2.840   2.711   1.888  -5.513  -3.875  -4.832  -1.856   0.371  -1.134 
