#HLA-B1589

Last position-specific scoring matrix computed       
            A       R       N       D       C       Q       E       G       H       I       L       K       M       F       P       S       T       W       Y       V 
  1 A  -3.818  -1.606  -3.409  -5.326  -2.775  -2.693  -3.750  -5.365   1.943   0.663   1.157  -2.629   5.749   3.506  -7.615  -0.186  -0.763   1.368   2.515  -1.985 
  2 A   4.757  -6.294  -6.344  -6.705  -6.130   2.226  -4.446  -4.626  -5.729  -3.296  -2.315  -4.528   4.662  -5.830   0.542   2.287  -0.375  -7.511  -6.670  -0.547 
  3 A  -0.276   0.411  -0.665  -6.826  -6.070  -2.358  -6.707  -7.030   0.258   1.385  -0.906  -0.994   2.384   4.219  -7.564  -1.089  -2.969   1.153   4.525  -0.693 
  4 A   1.872  -2.682   0.588   0.858  -0.713  -0.348   1.173  -1.545   0.122  -3.497  -1.948   0.059   0.719  -0.720   1.884   1.631  -0.122   1.008  -0.096  -1.976 
  5 A   0.459   1.172  -0.836  -1.651  -1.471  -0.964  -2.334   0.284   1.788  -1.133  -0.460  -2.413  -0.811   1.054   0.001   1.912   0.589   0.221   0.915  -0.313 
  6 A   0.834  -2.178  -1.088  -1.757  -1.414  -4.749  -3.942   0.445  -1.584   0.418  -0.893  -4.588  -1.349   0.851  -0.937   1.998   3.172  -0.674  -0.507   1.058 
  7 A   0.502  -2.305   0.215  -5.103   0.027  -0.256  -2.353  -1.844   1.612  -2.230   1.752  -2.486   0.812   0.560  -0.349   2.973   1.283  -2.372  -1.486  -1.764 
  8 A   2.099  -2.326  -2.546  -4.550  -2.973  -1.928  -0.756  -2.080   1.109  -0.847  -1.733  -2.665  -2.844  -1.273   3.426   2.909   1.265  -3.615  -2.545   1.023 
  9 A  -7.213  -7.586  -7.710  -8.410  -7.759  -7.537  -7.705  -8.257  -5.021  -5.705  -4.898  -7.751  -0.890   7.113  -8.473  -7.263  -7.053   1.597   6.663  -6.131 
