#HLA-B5304

Last position-specific scoring matrix computed       
            A       R       N       D       C       Q       E       G       H       I       L       K       M       F       P       S       T       W       Y       V 
  1 A  -6.538  -6.110  -0.847  -5.690  -0.339  -4.614  -2.272  -7.919  -0.268   0.884   1.425  -6.548   4.746   4.136  -7.839  -3.788   0.357   3.067   4.120  -2.666 
  2 A  -2.251  -7.169  -7.047  -6.767  -7.633  -6.575  -6.308  -7.131  -7.174  -7.909  -8.018  -6.138  -7.666  -8.839   9.016  -4.992  -6.115  -9.717  -7.757  -7.539 
  3 A   0.986  -6.577   1.210   0.821  -4.625   0.505  -0.151  -2.833  -1.019   0.505  -0.189  -5.861   2.190   1.059  -2.901   0.332   0.104   2.004   2.240   0.203 
  4 A   1.625  -2.424  -0.934   0.098  -1.640  -0.006   0.776  -1.591  -0.011  -0.949   0.116  -2.082   0.185  -0.181   1.803   0.748   0.379   2.354  -1.659  -0.179 
  5 A   0.200  -2.395  -0.746   0.205  -0.196  -1.112   0.358  -1.586  -2.127   1.456   0.246  -5.311   1.704   0.199  -2.112   0.499   0.012   1.878  -0.146   1.537 
  6 A   1.870  -2.123  -0.234   0.629  -2.239  -0.989  -2.012  -0.468  -0.559  -0.751  -0.338  -2.020  -0.809  -0.010   1.378   0.764   1.594   0.864  -0.621   0.037 
  7 A  -0.392  -5.144  -0.461   0.582  -0.107  -1.565   0.641  -5.146   2.316  -1.155   1.069  -3.723   0.657   2.095  -0.021  -0.621  -0.558   1.682   1.430   1.034 
  8 A   1.351  -1.549  -0.799  -3.578  -0.812   0.400   0.536  -2.721  -1.235   0.847   0.126  -2.450   0.026  -0.820   1.070   1.277   2.020  -0.969  -1.428   0.124 
  9 A  -6.750  -7.812  -8.264  -8.532  -6.802  -7.633  -8.074  -8.520  -7.390   4.874   2.296  -7.747   1.533   3.699  -8.304  -7.506  -6.348   5.995  -1.814  -2.239 
