#HLA-B0737

Last position-specific scoring matrix computed       
            A       R       N       D       C       Q       E       G       H       I       L       K       M       F       P       S       T       W       Y       V 
  1 A  -0.086   2.294  -1.508  -7.101  -3.740  -3.168  -5.345  -2.717   0.788   0.915   0.937  -1.019   3.336   0.887  -7.259   0.988  -0.425   2.561   2.286  -1.218 
  2 A  -2.105  -7.176  -7.068  -6.797  -7.579  -6.586  -6.334  -7.148  -7.193  -6.389  -6.598  -6.162  -5.621  -8.695   8.941  -5.259  -5.721  -9.627  -7.713  -4.084 
  3 A   2.183   4.011   0.333  -4.529  -4.178   0.763  -1.289  -2.761   0.809  -1.303  -2.944  -1.410   0.332  -1.154  -5.214   0.868   0.388  -1.237   0.503  -0.481 
  4 A   1.189  -0.574  -0.471  -0.195  -2.065   1.193  -1.290  -0.558   1.572  -1.724  -0.836   0.223   0.894  -1.132   1.619   1.069   0.155   1.654   0.511  -1.275 
  5 A   0.829   1.440  -0.612  -0.898  -1.152  -0.137  -1.894   0.253   2.042  -1.109  -0.503  -0.286   0.901  -1.569   1.158   0.677   0.371  -0.683   0.365  -1.055 
  6 A   0.552   3.066  -0.707  -1.287  -5.320   0.045  -2.039   1.732   0.551  -3.200  -1.266  -0.038  -2.011  -1.662  -1.019   1.399   1.910  -0.019  -2.206  -2.605 
  7 A   0.460   1.050   0.720  -3.230  -2.240  -1.375  -2.530   0.828   0.279  -1.611   0.401  -1.756   0.272  -2.906  -0.574   2.890   1.777  -5.492  -1.905  -0.988 
  8 A   3.588  -1.727  -2.725  -3.538  -3.981  -0.472   0.704  -3.613  -2.570  -1.853  -3.022  -3.620  -0.857  -3.346   3.532   2.063   0.426  -4.497  -3.566   1.045 
  9 A  -4.214  -7.292  -8.100  -8.510  -6.578  -7.028  -7.753  -8.376  -7.257  -1.891   4.596  -7.400   5.871   3.716  -8.070  -6.712  -5.543  -6.238  -4.940  -1.285 
