#HLA-B1550

Last position-specific scoring matrix computed       
            A       R       N       D       C       Q       E       G       H       I       L       K       M       F       P       S       T       W       Y       V 
  1 A   0.444   2.250  -5.867  -7.009  -5.960  -0.736  -6.102  -1.171  -1.329  -0.416   0.702   1.453   3.233   1.509  -7.084   1.935  -2.702   1.325   1.684  -1.877 
  2 A  -0.700  -5.793  -6.590  -6.988  -6.734   5.878  -5.406  -7.369  -6.232  -1.080   2.182  -5.293   6.508  -5.952  -7.194  -1.091  -2.466  -7.099  -6.303  -0.322 
  3 A   0.795   3.336   0.286  -6.901  -5.314  -2.014  -5.777  -6.360   0.889   1.463  -2.100   0.596   2.494   2.401  -5.901  -0.074  -3.817  -6.188   2.791  -0.999 
  4 A   1.590  -2.198   1.698   1.636  -1.872   0.742   0.292  -1.086  -0.044  -4.473  -3.100   0.194  -0.199  -1.415   1.388   1.588   0.306  -0.207   1.493  -2.467 
  5 A   0.443  -0.873   0.403  -0.394  -3.756  -2.210  -1.416   1.032   1.631  -2.517  -0.381  -2.068  -0.844   0.686  -0.421   2.583   1.455   0.025   1.178  -2.712 
  6 A  -0.345  -2.169  -0.697  -2.548  -1.800  -1.357  -3.751   0.941  -0.128   0.528  -0.326  -5.878  -0.523   1.373  -1.691   2.394   2.711  -0.196  -0.881   0.357 
  7 A   0.311  -3.511  -0.099  -3.541  -0.808  -0.580  -0.527  -0.874   1.185  -0.505   1.406  -3.432  -0.741  -1.745  -0.745   3.218   2.082  -4.335  -1.566  -1.331 
  8 A   2.702  -3.722  -2.998  -4.705  -4.511  -2.717   0.696  -2.796   1.308  -2.812  -2.090  -4.379  -3.525  -1.213   4.441   2.766   0.247  -4.459  -2.368   0.498 
  9 A  -7.157  -7.611  -7.767  -8.404  -7.564  -7.569  -7.775  -8.242  -4.890  -5.382  -3.441  -7.789   3.484   7.395  -8.505  -7.252  -6.955  -4.169   5.364  -5.874 
