#HLA-B2733

Last position-specific scoring matrix computed       
            A       R       N       D       C       Q       E       G       H       I       L       K       M       F       P       S       T       W       Y       V 
  1 A   0.141   5.510  -1.879  -6.676  -4.925  -2.243  -5.321  -1.005   1.051  -4.289  -3.709   1.620   1.073  -0.224  -7.021   0.690  -4.045   3.015   2.043  -5.843 
  2 A  -6.486   7.530  -5.514  -4.517  -8.468   4.270  -1.139  -7.371  -5.360  -8.185  -7.359  -2.335  -5.621  -8.113  -7.045  -5.732  -6.170  -7.500  -6.849  -7.570 
  3 A  -1.368  -0.561  -2.528  -4.602  -6.064  -0.971  -5.045  -6.805  -0.171   0.860   1.439  -3.367   3.468   3.303  -5.268  -1.774  -2.501   5.822   3.640  -1.711 
  4 A   1.387   0.497  -0.228  -1.149  -0.708   0.992  -0.228   0.325   0.203  -1.333   0.119  -0.815   0.265  -2.315   0.206   0.979   0.246   1.412   0.134  -1.584 
  5 A  -0.047   0.790  -1.055  -2.973  -2.777  -1.550  -1.736  -0.054   1.256   0.942   0.875  -0.342   0.661   1.158  -2.415  -0.718   0.175   0.414   1.144   0.150 
  6 A   1.501   1.446  -1.222  -4.101  -2.745  -1.319  -2.738  -0.626   0.167   0.368   1.211  -1.808  -1.985   1.129   0.061   0.590   0.455   2.178  -2.206  -0.817 
  7 A   0.522  -0.460  -0.598  -1.941  -0.980  -0.106  -0.906  -1.970   0.997  -0.259   0.782  -2.592   0.226   0.687   0.311   0.123   0.915   1.183   1.847   0.378 
  8 A   2.761  -1.387  -1.362  -3.924  -4.051  -0.241  -0.570  -1.418  -2.549  -2.532  -0.098  -2.626  -1.109  -2.941   3.935   1.942   0.949  -2.460  -1.122  -0.989 
  9 A  -4.022  -7.488  -8.386  -8.657  -6.367  -7.320  -7.967  -8.627  -7.942   2.480   5.428  -7.533   0.243  -4.390  -7.984  -7.419  -6.165  -7.041  -6.249   0.567 
