#HLA-B5107

Last position-specific scoring matrix computed       
            A       R       N       D       C       Q       E       G       H       I       L       K       M       F       P       S       T       W       Y       V 
  1 A  -3.856  -5.766  -2.201  -7.127   0.673  -2.826  -2.988  -6.648  -1.108   1.585   2.851  -5.846   4.441   3.238  -7.796  -2.640  -0.974   1.088   1.907  -0.364 
  2 A  -1.140  -7.012  -6.835  -5.124  -7.537  -4.823  -1.387  -6.634  -7.028  -7.838  -7.937  -6.028  -6.431  -8.703   8.726  -1.749  -3.362  -9.449  -7.673  -7.413 
  3 A   0.198  -4.653   0.314  -2.278  -4.171  -0.218  -1.437  -3.950   0.059   0.133   0.056  -5.445   2.745   2.648  -3.154  -0.177  -0.385   2.978   4.113   0.110 
  4 A   1.020  -2.573  -1.769   0.041  -1.290  -1.180   1.222  -2.326  -0.942   0.104   1.017  -2.399  -0.622   0.652   1.328   0.888  -0.470   1.656  -0.400  -0.039 
  5 A   0.852  -1.800  -2.048  -2.075  -2.219  -1.741  -1.218  -2.274  -1.121   1.828   0.278  -4.619   1.540   0.666   1.321   0.779   0.381   2.081  -0.883   1.232 
  6 A   1.889  -2.731  -1.298  -1.604  -0.676  -0.547  -2.975  -0.743   0.167  -0.840   0.016  -3.530  -1.500   1.542   0.868   1.093   1.068   1.985  -0.364   0.891 
  7 A  -0.796  -3.573   1.055  -0.474  -0.107  -0.348  -0.072  -4.524   2.363   0.252   0.136  -4.001   0.307   2.110   0.180   0.462   0.188   1.560   0.840   0.631 
  8 A   0.652  -1.238  -0.737  -3.989  -2.478   0.321  -0.430  -2.021  -0.808   0.799   0.058  -1.918   0.123   0.418   2.009   1.230   1.236  -0.678  -0.236   0.569 
  9 A  -5.978  -8.030  -8.307  -8.418  -6.369  -7.683  -8.153  -8.690  -8.145   6.271  -0.096  -7.692  -1.557  -0.386  -7.960  -7.365  -5.838  -1.267  -5.448   2.737 
