#HLA-B1572

Last position-specific scoring matrix computed       
            A       R       N       D       C       Q       E       G       H       I       L       K       M       F       P       S       T       W       Y       V 
  1 A  -3.090  -1.599  -1.362  -3.848  -5.378  -1.363  -1.973  -5.094   2.381  -0.221  -0.033  -3.201   4.596   3.806  -7.671  -0.797  -0.852   5.159   3.536  -2.682 
  2 A   0.941  -0.329  -4.677  -5.774  -7.407   5.742  -1.619  -6.385   3.605  -5.716  -3.550   3.406   4.515  -7.224   0.227  -1.584  -4.176  -5.526  -6.113  -5.399 
  3 A   1.087  -1.867   0.416  -5.111  -6.015  -1.619  -4.194  -6.336   1.316  -0.547  -1.574  -3.311   1.844   4.100  -7.356   0.766  -1.460   1.976   4.655  -1.045 
  4 A   1.536  -2.111   0.909   1.390  -1.013  -0.768   1.843   0.252  -0.377  -4.706  -2.702   0.030   0.367  -3.269   1.704   1.609  -0.452   0.858   0.662  -3.113 
  5 A  -0.239  -0.459   0.619  -0.699  -2.557  -0.976  -1.153   1.623   2.052  -1.545  -0.371  -3.158  -1.764   1.217  -0.444   1.171   0.360   2.197   1.976  -2.018 
  6 A   0.363  -0.808   0.976  -1.202  -2.499  -0.963  -1.832   1.202   0.190  -1.176  -1.965  -2.062  -2.184   0.180   0.016   2.233   2.533   1.410  -1.275  -0.481 
  7 A   0.616  -2.185   0.753  -2.365  -1.272   0.265  -2.107  -1.338   1.443  -1.386   1.286  -2.456  -0.889  -0.672   0.507   2.900   1.439  -5.385  -0.825  -1.481 
  8 A   3.209  -4.216  -3.514  -4.950  -4.412  -2.476  -1.114  -4.792  -4.291  -0.448  -2.246  -4.315  -3.408  -4.899   5.003   0.675   0.733  -7.912  -4.600   2.344 
  9 A  -6.988  -7.441  -7.786  -8.405  -7.338  -7.261  -7.684  -8.269  -5.567  -5.062   0.560  -7.585   4.856   6.557  -8.346  -7.199  -6.778  -0.996   5.388  -5.136 
