#HLA-B0743

Last position-specific scoring matrix computed       
            A       R       N       D       C       Q       E       G       H       I       L       K       M       F       P       S       T       W       Y       V 
  1 A  -1.012   2.463  -1.733  -7.273  -3.080  -3.943  -5.745  -4.649   1.075   0.405   1.444  -1.221   4.101   2.150  -7.424   0.269  -1.308   2.570   2.344  -2.062 
  2 A  -2.733  -7.188  -7.088  -6.818  -7.573  -6.602  -6.354  -7.192  -7.211  -6.281  -5.516  -6.181  -5.575  -8.621   8.922  -5.574  -5.723  -9.599  -7.695  -2.928 
  3 A   1.763   4.320   0.324  -3.806  -5.295  -0.168  -2.827  -3.426   1.029  -1.467  -1.251  -2.132   0.755  -0.041  -5.291   0.431   0.055  -0.399   1.523  -1.157 
  4 A   0.903   0.470  -0.908  -0.887  -2.297   0.945  -0.828  -0.839   1.738  -2.306  -0.515   0.234   0.671  -1.133   2.144   0.747   0.329   1.873   0.378  -1.129 
  5 A   0.693   2.197  -0.421  -2.899  -2.539  -0.544  -2.868  -0.249   2.534  -0.698  -0.498   0.043  -0.227  -0.745   1.287   0.491   0.144  -0.202   0.521  -0.595 
  6 A   0.657   3.031  -1.112  -1.885  -4.213   0.037  -2.464   1.147   0.784  -2.138  -1.047  -0.002  -2.181  -0.595  -0.498   1.283   1.754  -0.448  -1.426  -1.962 
  7 A   1.017   1.139   0.512  -4.178  -3.016  -1.928  -3.517  -0.013   0.842  -0.930   1.003  -2.512   0.211  -1.368   0.075   1.988   1.515  -1.965  -0.736  -0.592 
  8 A   3.904  -2.951  -3.587  -4.537  -3.951  -0.490   0.179  -3.706  -3.122  -1.729  -2.824  -4.768  -1.982  -3.360   3.922   2.110   0.386  -3.034  -4.539   0.801 
  9 A  -1.291  -7.321  -8.095  -8.445  -6.413  -7.036  -7.696  -8.213  -7.501   0.317   4.613  -7.342   4.846   1.902  -7.885  -6.153  -4.823  -6.638  -5.531   1.113 
