#HLA-B0745

Last position-specific scoring matrix computed       
            A       R       N       D       C       Q       E       G       H       I       L       K       M       F       P       S       T       W       Y       V 
  1 A   0.866   4.060  -1.839  -6.840  -3.097  -2.966  -5.326  -1.813   0.872  -0.561  -0.117   0.636   2.650  -0.702  -7.029   1.106  -0.593   1.889   1.228  -2.603 
  2 A  -1.770  -7.187  -7.091  -6.831  -7.509  -6.602  -6.361  -7.158  -7.219  -5.145  -6.246  -6.190  -6.306  -8.562   8.848  -5.546  -5.366  -9.537  -7.667  -2.024 
  3 A   1.876   4.951  -0.607  -4.848  -5.312   0.225  -2.127  -3.087   1.024  -1.620  -2.149  -1.854   0.505  -1.338  -5.252   0.688  -0.351  -0.950  -0.256  -0.793 
  4 A   1.212   0.434  -0.894  -0.459  -2.805   1.152  -1.006  -0.232   1.334  -2.183  -1.295   0.541   0.497  -1.072   1.771   0.791   0.622   1.652   0.228  -1.402 
  5 A   1.006   1.882  -0.681  -2.306  -2.794  -0.060  -3.721   0.475   2.614  -1.223  -1.118  -0.228   0.424  -1.769   1.247   0.879   0.331  -0.209   0.441  -0.445 
  6 A   0.684   3.591  -0.871  -2.610  -6.089   0.118  -3.066   1.549   0.552  -2.328  -1.212  -0.065  -2.199  -1.045  -0.580   1.309   1.195  -0.455  -2.022  -2.271 
  7 A   0.727   1.713   0.070  -3.945  -3.338  -1.500  -2.786   0.685   0.183  -0.907   0.747  -1.907   0.103  -3.540  -0.499   2.473   1.579  -3.567  -1.612  -0.779 
  8 A   3.638  -2.205  -3.365  -4.290  -3.982  -0.392   0.272  -3.140  -2.569  -2.187  -2.983  -2.953  -1.457  -3.181   3.815   2.290   0.552  -2.492  -3.061   0.547 
  9 A  -1.042  -7.290  -8.082  -8.440  -5.580  -7.007  -7.683  -7.636  -7.485  -0.007   4.806  -7.318   4.903   1.608  -7.871  -6.521  -3.948  -5.114  -5.593   0.188 
