#HLA-B0811

Last position-specific scoring matrix computed       
            A       R       N       D       C       Q       E       G       H       I       L       K       M       F       P       S       T       W       Y       V 
  1 A  -2.899  -0.963   1.414  -3.495  -2.810  -2.402  -0.869  -5.598   1.871  -2.623   0.408  -5.242   5.395   2.808  -7.378   1.493  -0.925   2.139   3.308  -3.664 
  2 A   1.113  -2.211  -3.361  -7.037  -5.703  -1.091  -6.911  -3.625  -3.933   0.961   3.469  -3.239   3.315   0.661   2.487  -2.751  -3.516  -0.679  -4.487  -0.505 
  3 A  -2.760   5.433  -2.353  -6.166  -6.521  -2.259  -3.772  -5.364  -0.359  -2.102  -0.373   4.389   1.366  -1.458  -6.267  -2.833  -3.903  -0.962  -1.567  -4.458 
  4 A   0.648   2.229  -0.295  -2.709  -2.327   1.281   0.222  -2.749   1.160  -1.284  -0.068   2.108   1.556  -1.026  -0.587  -1.344  -0.436  -0.188   1.269  -2.261 
  5 A  -3.503   6.524  -2.697  -5.808  -8.052  -2.551  -4.787  -5.399   2.723  -2.940  -3.259   2.828  -2.037  -1.752  -4.933  -3.342  -3.428  -3.472   0.442  -3.805 
  6 A  -1.822   3.271   0.550  -4.653  -2.845  -0.637  -1.854  -2.450   1.213  -0.286  -0.176  -0.397  -2.736   2.900  -1.492   0.346   0.311   0.907   0.407  -0.801 
  7 A   1.482   0.319   0.762  -5.498  -0.687  -0.243  -2.691  -2.461   1.000  -1.895   1.496  -0.685   1.161  -0.746  -1.351   0.838   0.423   0.403   1.326  -0.344 
  8 A   3.115  -2.539  -1.604  -2.439  -2.195  -1.502  -0.034  -4.128  -3.363  -2.197  -3.348  -3.077  -2.961  -1.065   4.041   3.223   1.010  -3.639  -2.236  -0.913 
  9 A  -0.059  -7.384  -8.146  -8.447  -6.372  -7.153  -7.727  -8.122  -7.637   1.458   4.948  -7.371   2.603   0.938  -7.820  -6.117  -4.826  -6.787  -5.235   0.372 
