#HLA-B4704

Last position-specific scoring matrix computed       
            A       R       N       D       C       Q       E       G       H       I       L       K       M       F       P       S       T       W       Y       V 
  1 A   0.274   4.651  -4.943  -6.878  -2.883  -3.569  -5.541   0.487  -0.474  -2.030  -1.908   2.076   0.656   0.743  -7.075   0.237  -3.064   3.225   2.201  -3.600 
  2 A  -6.129   2.602  -5.312   0.661  -8.545   4.862   6.571  -7.185  -5.202  -8.267  -7.804  -2.735  -6.718  -8.240  -6.536  -5.339  -6.065  -7.647  -6.962  -7.580 
  3 A  -3.773  -6.791  -4.568  -8.235  -6.162  -5.250  -6.958  -7.534  -3.474   0.868   0.303  -7.399   4.703   5.057  -8.253  -4.154  -6.121   6.503   4.592  -2.731 
  4 A   1.634  -0.903   0.855   0.519  -0.712   0.241   0.974   0.044   0.303  -2.063  -0.703  -0.875  -0.859  -0.861  -0.334   1.844   0.076   0.370  -0.641  -2.802 
  5 A  -0.360  -1.607  -1.049  -0.685  -1.642  -1.594  -0.747   0.536  -0.798   0.301   1.177  -3.549   0.888   1.574  -2.930   0.772  -0.105   1.186   1.448   0.267 
  6 A   2.342  -0.729  -1.706  -3.593  -0.798  -0.467  -3.614  -0.440  -1.953   0.611   0.962  -4.162  -1.777   1.448  -2.086   0.574   1.386   1.422  -1.599   0.071 
  7 A  -0.368  -3.412  -1.483  -0.615  -2.270   0.031  -0.224  -2.362   0.541  -0.773   1.216  -2.993  -0.260   1.668   1.098   0.841   0.366   1.899   1.734   0.400 
  8 A   0.606  -1.065  -1.017  -3.927  -5.911   1.274  -0.349  -0.363  -1.711  -1.585   0.817  -1.486  -1.206  -1.680   3.358   1.537   1.299  -0.458  -0.760  -0.665 
  9 A  -6.462  -7.685  -8.165  -8.523  -6.914  -7.537  -7.962  -8.450  -6.909   3.878   2.533  -6.668   1.691   4.358  -8.318  -7.444  -6.029   5.873   1.725  -2.075 
