#HLA-B1549

Last position-specific scoring matrix computed       
            A       R       N       D       C       Q       E       G       H       I       L       K       M       F       P       S       T       W       Y       V 
  1 A   1.317   3.471  -5.686  -6.841  -6.054  -1.303  -5.890   0.218  -0.755  -0.726  -0.800   2.133   1.719   0.173  -6.943   1.170  -1.591   2.189   1.069  -2.562 
  2 A  -1.021  -4.781  -5.890  -6.170  -7.330   7.492  -1.282  -7.047  -5.531  -4.074  -0.649   1.048   5.601  -6.914  -6.838  -3.647  -4.605  -7.259  -6.403  -2.489 
  3 A   0.311   2.788   0.382  -6.941  -7.191  -0.234  -4.679  -6.109   1.493  -0.040  -1.340  -0.922   2.451   2.962  -7.323  -0.271  -2.923   1.838   3.794  -1.106 
  4 A   1.555  -1.717   1.881   1.356  -1.675   0.319   0.370  -0.315   0.656  -4.649  -2.958   0.115   0.195  -2.044   1.217   1.689   0.352  -1.267   0.608  -2.314 
  5 A   0.518  -0.387   0.847  -0.811  -3.410  -1.777  -1.749   1.221   2.235  -2.417  -0.075  -2.067  -0.585   0.221  -0.132   2.008   0.628   1.301   1.017  -2.234 
  6 A   0.051  -0.035   0.082  -1.620  -3.033  -0.883  -2.927   1.807   0.079  -0.064  -1.218  -3.539  -1.574   0.229  -1.030   2.188   2.592  -0.013  -3.131  -0.292 
  7 A  -0.450  -1.970   0.133  -4.047  -1.621   0.820  -0.741  -0.156   0.693  -1.109   1.282  -2.331  -1.325  -1.874   0.275   3.231   1.858  -5.462  -1.871  -1.371 
  8 A   2.675  -2.353  -2.588  -3.920  -4.476  -2.755   0.031  -2.906  -1.583  -1.704  -1.801  -4.203  -2.880  -2.435   4.441   2.503   0.744  -2.495  -3.042   1.157 
  9 A  -7.037  -7.493  -7.770  -8.395  -7.415  -7.343  -7.706  -8.252  -5.525  -4.247  -0.819  -7.641   4.661   6.871  -8.395  -7.203  -6.827  -1.599   5.396  -5.209 
