#HLA-B1818

Last position-specific scoring matrix computed       
            A       R       N       D       C       Q       E       G       H       I       L       K       M       F       P       S       T       W       Y       V 
  1 A  -4.384  -5.409   1.470   2.160  -3.154  -2.370   1.710  -5.617  -0.583  -0.646   0.337  -5.871   3.616   2.417  -7.302  -0.170   0.073   2.573   3.081  -2.505 
  2 A  -5.513  -5.303  -5.475  -3.534  -8.665  -2.902   8.039  -7.318  -5.197  -8.402  -8.019  -4.413  -7.074  -8.172  -4.941  -5.259  -6.107  -7.655  -7.062  -7.604 
  3 A   0.393  -3.020  -0.018  -2.513  -2.732  -0.307  -1.953  -4.585  -1.068   1.989   1.069  -3.757   2.315   1.598  -1.505   0.040  -0.915   1.572   1.984   0.684 
  4 A   0.804  -2.863  -0.456   1.259  -0.234   0.379   2.432   0.225  -0.075  -1.829  -0.970  -1.477  -0.611  -0.565   0.724   0.943  -1.119   1.975   0.146  -1.414 
  5 A   0.959  -1.526  -0.153   0.106  -2.502  -2.317  -1.055  -0.386   0.276   1.092   0.618  -3.406   0.041   2.115  -1.069  -0.651  -0.270  -0.626   1.208  -0.117 
  6 A   0.187   0.070  -0.180   0.116  -3.082  -0.513  -2.130  -0.769   1.621   0.184   0.308  -1.604  -0.765   2.306  -1.479   0.619   0.571   0.234   0.516  -0.762 
  7 A   0.301  -2.350  -0.157  -1.841  -2.058   0.736  -0.381  -3.535   1.741   0.899   0.327  -3.970  -0.168   1.766   1.319  -0.444   0.268   0.766   2.466  -0.393 
  8 A   2.637  -3.202  -0.318  -2.816  -4.535  -0.316   0.660  -1.612  -2.098  -1.292  -0.694  -2.343  -1.410  -1.433   3.566   1.093   0.870  -5.520  -0.879   0.129 
  9 A  -5.472  -7.430  -7.813  -8.392  -7.201  -7.242  -7.084  -8.261  -3.779  -3.245   1.597  -7.560   4.769   6.294  -8.292  -6.702  -6.688  -1.070   4.780  -3.285 
