#HLA-B5706

Last position-specific scoring matrix computed       
            A       R       N       D       C       Q       E       G       H       I       L       K       M       F       P       S       T       W       Y       V 
  1 A  -0.744   2.890  -5.812  -3.929  -1.871  -2.539  -5.478  -2.455  -1.886   1.342  -0.214   3.849   2.285  -1.556  -2.694  -0.888  -1.206  -0.958  -0.743   0.009 
  2 A   3.292  -5.833  -5.067  -3.628  -5.302  -5.640  -5.742  -5.100  -6.579  -4.965  -5.405  -3.462  -1.468  -7.225  -5.607   5.063   4.686  -7.650  -6.868  -1.368 
  3 A   0.804  -1.869   0.551  -5.699  -5.180  -0.071  -3.058  -2.881  -1.652   0.704   0.820  -3.728   1.657   2.735  -3.578   0.524  -0.486   3.431   2.805  -0.330 
  4 A   2.161  -1.593  -0.826  -0.388  -2.777   0.357   0.414  -0.137   0.854  -1.974  -1.608  -0.721  -0.740  -0.720   2.395   1.525  -0.570   2.168  -0.825  -1.399 
  5 A   0.302  -1.003  -0.377  -2.200  -1.640   1.267  -0.753  -1.056   0.003  -0.662   0.352  -1.589   0.023   0.907  -0.860   1.229   1.133   1.989   0.410   0.510 
  6 A   0.939  -1.313  -0.107  -0.416  -2.756  -0.176  -1.583   0.057   0.769  -0.576  -0.042  -2.179  -1.895   0.260   0.612   1.590   1.450   1.416  -0.408  -0.254 
  7 A   0.566  -0.884  -1.387  -2.139  -2.793   0.046  -0.656  -2.043   2.281  -1.361   0.833  -2.112   0.721   2.074   0.054   0.071   0.352   2.391   2.232  -1.013 
  8 A  -0.800   0.659  -0.549  -1.618  -3.407   1.596  -0.383  -1.383  -0.391  -1.584   0.748  -1.116  -1.673   0.527   0.200   1.750   1.477  -0.400   1.523  -0.893 
  9 A  -7.568  -7.594  -7.244  -4.626  -8.273  -7.507  -3.829  -7.860  -6.464  -5.509  -4.697  -7.828  -3.555   4.473  -6.396  -7.611  -7.331  11.213   0.366  -7.045 
