#B3906

Last position-specific scoring matrix computed       
            A       R       N       D       C       Q       E       G       H       I       L       K       M       F       P       S       T       W       Y       V 
  1 A  -3.449  -3.216   0.067  -6.325  -4.582  -1.707  -0.926  -6.832   2.406  -4.629  -0.884  -5.317   4.491   5.083  -7.534  -0.520  -1.782   4.843   4.070  -5.231 
  2 A  -3.854   5.525  -3.976  -4.943  -7.901   5.479  -2.269  -5.564   5.059  -5.242  -4.365   0.167   0.824  -6.082  -1.807  -3.717  -5.513  -7.093  -5.612  -5.939 
  3 A   0.046  -4.254  -0.427   0.029  -3.522  -1.787  -1.845  -6.273  -1.164  -0.428   0.041  -5.772   4.146   3.201  -6.129  -1.019  -0.709   4.597   4.090  -1.435 
  4 A   1.340   0.173  -2.188   0.240  -0.963  -0.637   1.525   0.129  -0.498  -2.186   0.462  -2.151   0.080  -1.022   1.581  -0.340  -0.149   2.216   0.375  -1.335 
  5 A  -0.724  -0.163  -1.266  -4.136  -1.758  -2.087  -2.690  -0.131   2.162   1.227   0.521  -1.574   0.326   3.220  -1.455  -1.107  -0.537   0.882   1.050   0.198 
  6 A   0.023   1.041   0.747  -1.116  -4.707  -0.088  -2.800   0.472   0.057  -0.259  -0.517  -2.082  -2.361   2.330  -0.890   1.007   0.728   2.800  -1.743  -0.231 
  7 A   0.514  -4.177   0.465  -0.920  -1.292  -1.237  -1.364  -4.281   2.064   0.051  -0.657  -4.140   0.471   3.335   0.069  -0.864  -0.869   0.855   2.303   1.347 
  8 A   3.602  -4.912  -4.682  -4.960  -4.698  -1.987  -1.408  -4.108  -5.000  -0.966  -0.473  -3.673  -1.155  -4.604   5.093   1.005   0.733  -7.544  -2.736   0.028 
  9 A  -0.410  -7.302  -7.924  -8.163  -5.954  -7.005  -7.497  -7.942  -7.783   3.025   3.828  -7.167  -0.556  -5.087  -7.482  -6.651  -4.904  -7.029  -6.118   3.934 
