#HLA-B4437

Last position-specific scoring matrix computed       
            A       R       N       D       C       Q       E       G       H       I       L       K       M       F       P       S       T       W       Y       V 
  1 A   0.469   1.563  -1.568  -6.851  -3.085  -1.046  -3.515   0.270  -1.152  -0.122  -0.048   1.196   2.534   0.869  -7.095   1.067  -0.987   2.208   2.741  -1.835 
  2 A  -5.526  -4.459  -5.418  -1.327  -8.642   0.965   7.838  -7.275  -5.197  -8.375  -7.995  -3.407  -7.014  -8.190  -6.379  -5.261  -6.094  -7.662  -7.051  -7.602 
  3 A  -0.345  -5.731  -0.426  -6.465  -5.910  -2.282  -5.443  -7.080  -2.235   1.703   0.733  -6.920   4.106   3.614  -7.702  -0.480  -2.681   4.679   3.568  -0.268 
  4 A   1.823  -2.851  -0.136   0.899  -0.842   0.851   1.933  -0.667   0.015  -1.811  -0.629  -2.013  -0.720  -1.728   0.461   1.957  -0.115  -0.985  -1.462  -1.438 
  5 A   0.873  -1.968  -1.869   0.197  -1.290  -0.814  -0.847   0.458   0.088  -0.230   0.702  -4.187   0.479   1.654  -1.262   0.245   0.362   0.897   0.979   0.023 
  6 A   2.443  -1.763  -1.751  -1.761  -1.243  -0.127  -3.526   0.491  -3.437   0.362  -0.069  -3.333  -2.262   0.095  -0.748   1.580   1.897   0.707  -2.324   0.079 
  7 A  -0.301  -2.940  -2.008  -1.050  -1.849   0.910   0.647  -3.556   0.375   0.082   1.050  -2.409   0.326   1.754   1.526   0.062   0.360   0.751   1.505  -0.070 
  8 A   0.636  -0.536  -0.845  -3.382  -5.916   1.510   0.103  -0.839  -0.544  -2.001   0.379  -1.462  -0.800  -1.695   2.829   1.716   1.513   0.177  -1.318  -0.273 
  9 A  -6.979  -7.649  -8.092  -8.531  -7.208  -7.507  -7.882  -8.302  -6.547   2.731   1.327  -7.731   2.893   5.075  -8.523  -7.441  -6.665   7.629   2.512  -3.534 
