#HLA-B2735

Last position-specific scoring matrix computed       
            A       R       N       D       C       Q       E       G       H       I       L       K       M       F       P       S       T       W       Y       V 
  1 A   0.776   4.813  -1.501  -6.731  -3.191  -2.152  -5.143  -0.413   1.607  -4.177  -2.187   1.585   1.854  -0.434  -7.032  -0.133  -2.792   2.798   2.643  -5.688 
  2 A  -6.605   8.101  -5.583  -6.709  -8.518  -0.082  -4.439  -7.484  -5.462  -8.246  -7.349  -2.966  -6.521  -8.048  -7.161  -5.852  -6.246  -7.496  -6.911  -7.627 
  3 A  -0.993  -2.906  -1.612  -5.366  -5.239  -0.028  -4.781  -6.093  -0.659   1.236   2.053  -3.138   2.739   2.979  -6.221  -0.874  -2.468   5.734   2.615  -0.968 
  4 A   1.646   0.874  -0.566  -1.549  -1.462   0.534  -0.566   0.416  -0.541  -0.504   0.278  -1.189   0.277  -1.865   0.266   0.471   0.542   1.150  -0.454  -1.214 
  5 A  -0.456   1.100  -1.318  -2.737  -2.774  -1.100  -2.014  -0.135   0.845   0.983   1.066  -1.120   0.671   1.308  -3.129  -0.730   0.128  -0.384   1.400   0.550 
  6 A   1.310   0.500  -1.425  -4.576  -1.818  -1.016  -2.772  -0.593  -0.342   0.547   1.432  -1.697  -1.762   1.459  -0.152   0.276  -0.103   2.457  -0.642  -0.191 
  7 A   0.514  -1.264  -1.331  -2.073  -2.035  -0.365  -1.492  -3.092   0.285  -0.199   1.437  -2.751   0.591   1.356   1.050   0.021   0.569   1.685   2.174   0.009 
  8 A   1.597  -0.507  -0.318  -3.158  -2.236  -0.253  -1.603  -0.975  -1.079  -1.899   1.098  -2.154  -0.776  -1.564   3.024   1.665   0.792  -1.982  -0.372  -0.739 
  9 A  -2.897  -7.504  -8.348  -8.607  -6.362  -7.316  -7.944  -8.548  -7.925   2.959   5.228  -7.514   0.488  -3.557  -7.950  -6.836  -6.134  -7.047  -6.227   0.523 
