#HLA-B5303

Last position-specific scoring matrix computed       
            A       R       N       D       C       Q       E       G       H       I       L       K       M       F       P       S       T       W       Y       V 
  1 A  -4.276  -5.225   0.547  -1.452  -2.541  -2.477   0.486  -6.412  -0.990   0.487   0.965  -6.164   5.012   3.133  -7.560  -2.043   0.289   2.242   3.642  -1.966 
  2 A   1.424  -7.097  -6.983  -6.781  -7.285  -6.497  -6.280  -6.822  -7.138  -7.525  -7.731  -6.122  -7.374  -8.565   8.606  -4.552  -2.540  -9.344  -7.620  -4.434 
  3 A   1.828  -4.611   0.879  -1.578  -1.791  -0.447  -1.116  -3.329  -1.692   0.746  -0.036  -4.389   1.806   0.556  -3.076   0.672   0.713   1.437   1.622   1.190 
  4 A   1.144  -2.260  -1.051   0.846  -1.673   0.729   1.489  -0.122   0.385  -2.407  -1.504  -0.895   0.320  -0.563   1.658   0.651   0.102   2.358   0.155  -0.590 
  5 A   1.140  -3.410  -1.277  -0.119  -0.321  -0.192  -0.479   0.180   1.047  -0.129   0.039  -2.430  -0.092   1.303   0.128   0.257   0.410   1.981  -1.202   0.274 
  6 A   0.944  -1.103  -1.061   0.085  -2.247  -0.509  -1.428   0.507   0.178  -0.084  -1.199  -3.032  -0.952   0.349   0.077   1.469   2.204   1.015  -0.706   0.105 
  7 A   0.706  -2.742   0.126  -1.341  -0.444  -1.580  -0.001  -1.517   1.258   0.739   0.923  -5.317   0.319   1.338   0.807  -0.434   0.527   0.746   1.451  -0.673 
  8 A   3.217  -3.097  -1.676  -3.416  -1.771  -1.656   0.757  -1.792  -2.585  -1.193  -0.368  -3.283  -1.547  -1.347   2.909   1.128   0.838  -3.609  -2.588   0.627 
  9 A  -5.484  -7.252  -7.556  -8.285  -7.513  -6.213  -7.428  -7.648  -3.556  -4.123  -2.466  -7.328   4.711   5.653  -8.148  -7.015  -5.539  -0.126   7.227  -5.122 
