#HLA-B3508

Last position-specific scoring matrix computed       
            A       R       N       D       C       Q       E       G       H       I       L       K       M       F       P       S       T       W       Y       V 
  1 A  -3.690  -4.027   0.854  -3.581  -2.281  -3.078  -0.340  -5.782  -1.288   0.757   1.014  -5.831   4.481   3.020  -7.526  -0.603   0.673   2.240   3.685  -1.240 
  2 A   0.694  -7.125  -7.020  -6.777  -7.415  -6.526  -6.286  -6.915  -7.143  -7.730  -7.856  -6.125  -6.410  -7.742   8.778  -4.630  -5.038  -9.479  -7.662  -6.539 
  3 A   1.870  -4.303   1.426  -0.742  -2.222   0.519   0.345  -2.872  -1.684   0.542  -0.944  -4.672   1.626  -0.094  -2.357   1.191   0.646   0.203   0.232   1.081 
  4 A   1.148  -1.674  -0.745   0.251  -2.289   1.149   0.970  -0.157   0.633  -1.717  -1.664  -0.890   0.414  -0.248   1.295   1.073   0.336   1.536   0.082  -0.413 
  5 A   0.778  -3.207   0.112   0.141  -0.329  -0.095  -0.053   0.530   1.316  -0.483  -0.165  -1.696  -0.010   0.586  -0.283   0.567   0.414   1.765  -1.360  -0.076 
  6 A   0.644  -0.443  -0.258  -0.184  -2.263   0.065  -1.046   1.337   0.188  -1.714  -1.418  -2.419  -1.608  -0.451   0.273   1.776   2.361   0.370  -1.062  -0.407 
  7 A   0.636  -2.237   0.500  -0.701  -0.835  -0.978   0.370  -1.109   1.126   0.170   1.174  -3.623  -0.617   0.290  -0.072   0.337   1.125  -0.195   0.321  -0.565 
  8 A   3.454  -3.560  -1.989  -3.118  -2.934  -1.525   0.688  -3.086  -2.583  -0.589  -0.868  -3.561  -1.907  -1.819   2.654   1.468   1.092  -4.424  -2.230   0.824 
  9 A  -6.299  -7.343  -7.642  -8.327  -7.454  -7.078  -7.545  -8.218  -3.128  -4.877  -1.758  -7.457   5.093   6.313  -8.263  -7.099  -6.788  -1.205   6.390  -5.726 
