#HLA-B1562

Last position-specific scoring matrix computed       
            A       R       N       D       C       Q       E       G       H       I       L       K       M       F       P       S       T       W       Y       V 
  1 A   0.631   2.405  -5.912  -7.051  -5.997  -0.464  -5.738  -0.689  -0.296   0.263  -0.179   1.728   3.029   1.436  -7.119   0.532  -1.875   2.003   1.408  -0.659 
  2 A   0.465  -4.749  -5.872  -6.214  -7.249   7.352  -2.783  -6.190  -5.552  -4.473  -1.551   1.641   5.710  -6.992  -6.761  -2.579  -5.092  -7.279  -6.429  -3.565 
  3 A   0.625   0.696   0.307  -6.639  -7.049  -1.241  -5.431  -6.476   1.118   0.148  -0.775  -2.746   2.665   3.596  -7.436  -0.484  -2.676   1.525   4.550  -0.404 
  4 A   1.371  -2.006   0.989   1.440  -1.160   0.046   1.057  -0.449   0.400  -4.088  -1.885   0.152   0.016  -2.527   1.920   1.533   0.214  -2.935   0.400  -1.940 
  5 A   0.220  -1.096   0.281  -1.310  -2.518  -1.944  -1.776   0.972   2.044  -1.758   0.048  -2.587  -0.565   0.907  -0.067   2.088   0.856   1.176   1.295  -1.265 
  6 A   0.573  -1.501   0.074  -1.380  -2.472  -1.213  -2.256   1.847  -1.095  -0.089  -1.100  -4.088  -2.131   0.181  -0.501   2.307   2.256  -0.225  -2.520   0.166 
  7 A  -0.425  -2.519   0.427  -3.710  -1.272   0.641  -1.004  -1.190   0.838  -0.507   1.498  -2.775  -0.740  -1.477   1.116   2.898   1.980  -3.571  -2.944  -1.451 
  8 A   2.537  -2.468  -1.977  -4.324  -4.004  -3.167   0.117  -3.837  -1.267  -1.285  -1.545  -4.041  -2.839  -3.135   4.151   2.294   1.199  -2.498  -3.541   1.687 
  9 A  -7.086  -7.563  -7.815  -8.418  -7.423  -7.480  -7.775  -8.249  -5.715  -5.168  -0.681  -7.736   4.438   7.156  -8.473  -7.248  -6.867  -0.469   4.719  -5.686 
