#HLA-B1814

Last position-specific scoring matrix computed       
            A       R       N       D       C       Q       E       G       H       I       L       K       M       F       P       S       T       W       Y       V 
  1 A  -3.022  -2.709   0.729   1.430  -2.829  -2.396   0.831  -4.963   0.234  -0.440   0.658  -4.369   4.206   2.120  -7.336   0.404  -0.560   3.236   2.734  -2.083 
  2 A  -3.351  -5.319  -5.518  -3.060  -8.523   0.033   7.793  -7.251  -5.257  -8.272  -7.537  -3.751  -3.895  -8.154  -0.523  -5.260  -6.083  -7.690  -7.056  -7.516 
  3 A  -0.822  -0.972  -0.328  -5.494  -3.730  -0.299  -2.945  -5.258  -0.774   1.576   1.561  -1.247   2.954   2.080  -4.756  -0.307  -1.991   2.811   2.704   0.204 
  4 A   0.775  -2.149  -0.452   1.317  -1.172   0.250   2.204   0.289   0.722  -1.897  -0.793  -0.888  -0.372  -0.362   0.330   0.813  -1.273   1.019   0.699  -1.587 
  5 A   0.736   0.240  -0.667  -1.145  -2.511  -2.284  -1.648  -0.152   1.197   0.621   0.368  -2.119  -0.390   1.783  -1.066  -0.105  -0.214  -0.376   1.774   0.134 
  6 A   0.089   0.746  -0.793  -0.805  -2.288  -0.520  -2.467  -0.551   0.995  -0.186   0.262  -1.598  -1.493   2.944  -1.066   0.683   0.527   0.756   0.604  -0.910 
  7 A   0.513  -2.154  -0.415  -3.554  -0.701   0.161  -1.496  -2.886   2.043   0.937   0.291  -4.015  -0.160   2.050   0.753  -0.022   0.316   0.609   2.369   0.051 
  8 A   3.142  -3.524  -0.438  -3.076  -5.042  -0.959  -0.095  -1.635  -4.101  -2.070  -1.561  -2.536  -2.656  -2.322   4.247   1.886   1.059  -7.629  -2.104  -0.427 
  9 A  -3.816  -6.864  -7.755  -8.355  -7.304  -5.865  -7.045  -8.197  -3.658  -2.548   0.668  -7.552   3.884   6.454  -8.275  -7.128  -6.740  -1.647   5.445  -3.347 
