#HLA-B5403

Last position-specific scoring matrix computed       
            A       R       N       D       C       Q       E       G       H       I       L       K       M       F       P       S       T       W       Y       V 
  1 A  -4.871  -6.171  -0.795  -7.159  -2.511  -6.799  -4.775  -7.026  -1.048  -0.084   2.642  -7.149   5.097   4.406  -7.937  -3.398  -1.001   2.063   3.212  -2.392 
  2 A  -3.541  -7.179  -7.058  -6.769  -7.678  -6.588  -6.316  -7.183  -7.183  -7.931  -8.040  -6.144  -7.693  -8.866   9.060  -5.877  -5.415  -9.761  -7.772  -7.583 
  3 A   1.515  -3.810   0.704  -0.747  -3.329  -1.245  -2.199  -3.852  -1.184   1.108  -0.562  -4.874   2.419   1.329  -3.106   0.439   0.246   3.162   2.528   0.751 
  4 A   0.829  -1.030  -0.581  -0.580  -1.643   0.131   0.868  -0.294  -1.213  -0.012   0.671  -3.412   0.789  -0.653   0.816   0.828  -0.646   1.017   0.072   0.152 
  5 A   0.342  -1.801  -2.455  -3.314  -2.477  -1.632  -1.388  -1.429  -0.470   1.697   0.611  -2.815   0.517   2.007   1.270  -0.525  -0.430   2.092  -0.080   1.464 
  6 A   1.243   0.056  -1.546  -1.674  -1.445  -0.616  -2.593   0.704  -0.450  -0.455  -0.262  -2.690  -2.505   1.594  -0.208   1.322   1.295   0.206  -1.100   0.593 
  7 A   0.597  -3.821  -0.158  -0.184  -0.568  -1.600  -0.736  -2.785   1.264   0.644   0.271  -4.884   0.570   2.047   0.364  -0.025  -0.428  -0.143   2.256   0.731 
  8 A   3.280  -3.406  -2.250  -4.585  -2.965  -0.683   0.332  -3.009  -2.828  -0.362  -0.902  -3.720   0.076  -0.789   3.829   1.004   0.566  -1.627  -1.729  -0.336 
  9 A   4.922  -7.103  -7.259  -7.479  -5.192  -5.914  -6.299  -5.745  -7.325   1.929  -1.501  -6.596   0.683  -2.051  -6.749  -3.297  -0.972  -7.402  -4.400   3.375 
