#HLA-B4064

Last position-specific scoring matrix computed       
            A       R       N       D       C       Q       E       G       H       I       L       K       M       F       P       S       T       W       Y       V 
  1 A   0.876   3.674  -1.519  -6.746  -2.105  -1.976  -5.349   1.665  -1.441  -2.188  -2.078   0.981   0.568   0.435  -7.047   1.110  -2.079   3.767   2.306  -3.841 
  2 A  -6.013  -5.298  -5.471  -3.687  -8.680  -3.320   8.062  -7.328  -5.190  -8.410  -8.023  -4.407  -7.077  -8.170  -6.360  -5.260  -6.109  -7.650  -7.061  -7.611 
  3 A   0.287  -4.436  -0.588  -2.540  -4.124   0.709  -2.144  -6.212  -1.188   1.669   0.995  -5.781   4.032   2.406  -6.665  -0.196  -1.221   3.886   2.488  -0.948 
  4 A   1.165  -1.976   0.842   0.516  -0.224   1.047   1.483   0.599   0.296  -1.353  -0.517  -2.412   0.247  -0.086   0.205   0.582  -0.471  -0.221  -1.170  -1.436 
  5 A   0.827  -3.863  -1.326  -1.457  -2.724  -3.573  -1.032   1.399  -0.243   0.922   1.494  -3.950   0.434   1.155  -4.048  -0.112  -0.317  -2.819   0.256   0.956 
  6 A   1.403  -0.092  -0.330  -2.350  -1.282  -0.714  -2.396   0.498  -0.016  -0.159   0.555  -2.302  -0.885   2.173  -1.964   0.829  -0.146   0.402  -0.836   0.023 
  7 A  -0.156  -3.459  -1.526  -1.963  -2.042  -0.291  -0.054  -2.730  -0.103   0.567   0.841  -3.884  -0.474   1.967   1.400  -0.562   0.722   2.202   1.990   0.865 
  8 A   2.977  -2.920  -1.839  -2.676  -5.068  -0.149   0.814  -1.406  -2.560  -1.652  -2.134  -3.085  -1.461  -2.728   4.088   1.904   0.808  -1.324  -3.557  -0.163 
  9 A  -4.309  -7.431  -8.280  -8.592  -6.410  -7.221  -7.893  -8.551  -7.757   2.018   5.153  -7.480   3.128  -0.132  -7.989  -6.396  -5.133  -5.227  -5.906   0.458 
