#HLA-B5412

Last position-specific scoring matrix computed       
            A       R       N       D       C       Q       E       G       H       I       L       K       M       F       P       S       T       W       Y       V 
  1 A  -3.879  -5.099  -0.853  -6.497  -0.443  -5.045  -2.845  -6.946  -0.660   0.725   2.362  -5.237   4.023   4.125  -7.788  -2.211  -0.255   0.978   2.983  -0.801 
  2 A  -2.647  -7.169  -7.040  -6.767  -7.635  -6.576  -6.312  -7.149  -7.178  -6.935  -7.993  -6.141  -7.647  -8.822   9.010  -5.247  -4.344  -9.707  -7.753  -7.509 
  3 A   1.342  -5.488  -0.562  -1.454  -4.121  -0.056  -0.684  -3.767  -0.626   0.559   0.247  -4.887   2.669   1.765  -3.332  -0.158  -0.430   3.667   3.161   0.223 
  4 A   0.721  -0.898  -1.658   0.077  -1.826  -0.682   0.376  -1.388  -0.814   0.629   1.203  -2.695   0.810   0.181   0.063   1.072  -0.140   0.871  -0.914  -0.271 
  5 A  -0.371  -1.215  -2.575  -2.406  -1.819  -1.489  -0.832  -1.619  -0.837   2.301   0.108  -2.372   1.489   1.631   0.172  -0.053  -0.787   2.372  -0.011   1.476 
  6 A   1.527  -0.244  -1.211  -1.694  -1.621  -0.201  -3.699  -0.449  -0.226   0.001   0.698  -2.021  -1.016   1.096   0.493   0.768   0.624   0.879  -0.297   0.229 
  7 A  -0.017  -2.876   0.178  -0.130  -0.445  -1.470  -0.396  -2.708   0.623   0.217   0.642  -4.057   0.143   2.151  -0.306  -0.076  -0.486   0.431   1.949   1.168 
  8 A   1.554  -1.725  -0.962  -3.778  -3.323   0.195   0.114  -0.988  -2.806   0.398   0.555  -1.910   1.079  -0.412   1.945   1.156   1.172  -1.264  -1.302  -0.430 
  9 A  -1.583  -7.923  -8.185  -8.312  -5.481  -7.535  -7.981  -8.390  -8.133   6.043  -0.198  -7.557  -1.110  -1.946  -7.799  -6.591  -4.141  -4.380  -6.246   3.133 
