#HLA-B4031

Last position-specific scoring matrix computed       
            A       R       N       D       C       Q       E       G       H       I       L       K       M       F       P       S       T       W       Y       V 
  1 A   1.791   4.849  -3.446  -5.221  -3.142  -2.866  -5.768   1.173  -2.915  -1.723  -3.115   1.757   0.023  -1.520  -6.231   0.714  -3.003   2.178   0.555  -3.849 
  2 A  -6.017  -5.297  -4.798  -3.224  -8.677  -2.526   8.036  -7.318  -5.189  -8.408  -8.023  -4.409  -7.073  -8.172  -6.363  -5.259  -6.106  -7.653  -7.062  -7.612 
  3 A   0.585  -1.937  -0.934  -3.147  -3.726   1.645  -1.905  -5.145   0.300   1.137   1.028  -4.173   3.746   1.788  -2.769  -0.045  -1.530   3.028   2.372  -1.085 
  4 A   1.318  -1.363   0.705  -0.015  -1.155   0.888   1.306   0.510  -0.180  -0.772  -0.972  -1.786   0.153   0.147   0.502   0.433  -0.653   0.556   0.229  -1.369 
  5 A   1.194  -3.312  -1.380  -1.201  -3.330  -2.846  -0.573   1.321   0.518   0.636   0.846  -3.876   0.135   1.067  -2.716   0.892   0.149  -3.430   0.179   0.396 
  6 A   0.997   0.595   0.045  -1.414  -1.301  -0.027  -2.240   0.314   1.060  -0.758   0.403  -1.735  -1.511   1.955  -1.152   0.897   0.001   0.733  -0.634  -0.788 
  7 A  -0.137  -1.675  -1.405  -1.860  -3.360   0.234  -0.793  -1.189  -0.552   0.313   0.695  -3.228  -0.261   1.229   1.363   0.275   0.953   0.743   1.345   1.148 
  8 A   2.928  -3.201  -1.523  -1.658  -3.656  -0.221   1.086  -1.710  -1.547  -1.648  -1.827  -3.490  -1.799  -2.083   3.589   2.140   0.539  -1.652  -2.812  -0.199 
  9 A  -5.953  -7.406  -7.486  -7.191  -6.429  -7.255  -6.752  -8.665  -7.805   0.851   5.722  -7.516   1.660  -1.122  -8.041  -7.483  -6.273  -6.869  -6.017  -0.872 
