#HLA-B0717

Last position-specific scoring matrix computed       
            A       R       N       D       C       Q       E       G       H       I       L       K       M       F       P       S       T       W       Y       V 
  1 A   0.013   4.491  -1.979  -6.981  -4.232  -3.668  -5.714  -3.662  -1.297   0.062   0.230   0.318   2.619   0.060  -7.152   0.934  -1.435   2.002   1.962  -1.897 
  2 A  -1.300  -7.195  -7.113  -6.894  -7.358  -6.615  -6.414  -6.776  -7.260  -3.868  -5.803  -6.243  -3.549  -8.272   8.615  -5.007  -4.076  -9.320  -7.559   0.040 
  3 A   1.141   4.867  -0.184  -6.261  -6.114  -0.238  -2.608  -3.873   0.579  -0.838  -1.426  -1.990   0.982   0.321  -4.954  -0.625  -0.666   0.407   1.180  -0.166 
  4 A   0.950   0.031   0.016  -0.875  -2.545   2.033  -1.064  -1.133   2.002  -2.008  -1.239   0.238   0.964  -0.827   1.500   0.683   0.242   1.980   0.523  -0.983 
  5 A   1.233   1.119  -0.179  -2.900  -2.268  -0.479  -2.774   0.086   2.038  -0.677  -0.390  -0.660   1.251  -0.891   1.201   0.429   0.849  -0.208   0.006  -0.532 
  6 A   0.713   3.176  -1.771  -2.522  -4.705  -0.364  -3.409   1.917   0.702  -2.209  -1.119  -0.582  -2.184  -0.157  -1.337   1.221   1.380   0.710  -1.684  -1.530 
  7 A   0.822   1.390  -0.182  -4.010  -2.010  -1.532  -3.225   0.086   0.266  -0.402   1.219  -2.833   0.313  -2.417  -0.131   2.132   1.212  -3.544  -1.203  -0.221 
  8 A   3.788  -2.229  -3.392  -4.323  -5.597  -1.282  -0.004  -3.242  -2.833  -2.243  -2.698  -3.979  -1.293  -3.913   4.023   2.190   0.253  -2.495  -2.646   0.795 
  9 A  -2.519  -6.712  -7.859  -8.341  -6.789  -4.795  -7.587  -7.611  -3.431  -2.076   3.325  -6.412   5.896   5.105  -7.134  -6.549  -4.733  -2.477   1.258  -1.989 
