#B3571

Last position-specific scoring matrix computed       
            A       R       N       D       C       Q       E       G       H       I       L       K       M       F       P       S       T       W       Y       V 
  1 A  -4.988  -6.555   0.666  -2.398  -2.240  -2.288  -1.388  -6.904  -1.303  -0.676   1.503  -6.458   4.978   3.747  -7.421  -2.455  -0.987   3.352   4.271  -2.306 
  2 A   1.932  -6.712  -6.580  -6.422  -6.832  -6.104  -5.912  -6.021  -6.756  -6.631  -7.257  -5.762  -3.440  -8.099   8.394  -2.075  -3.017  -8.859  -7.219  -4.136 
  3 A   1.639  -4.229   1.276  -1.280  -2.542   0.182  -0.907  -2.489  -1.299   0.657  -0.471  -4.322   2.180   0.761  -3.634   0.494   0.047   2.279   1.920   0.927 
  4 A   1.368  -3.169  -0.157  -0.078  -1.313   0.705   0.786  -0.044   0.236  -2.039  -1.706  -0.879   0.039  -0.461   1.718   0.851   0.547   1.672   0.725  -0.225 
  5 A   1.375  -3.164  -0.887  -0.902   0.183  -2.052  -0.590  -0.398   0.493   0.150   0.130  -2.907   0.342   1.387  -0.756   0.812   0.539   1.724  -0.271   0.535 
  6 A   0.633  -1.318  -0.372   0.481  -1.358   0.379  -1.621   0.598  -0.057  -0.973  -1.619  -2.717  -0.763   0.107  -0.056   1.634   2.241   1.468  -0.151  -0.013 
  7 A   0.906  -2.356   0.171  -1.766  -0.941  -0.861  -0.371  -1.714   1.389   0.235   0.923  -3.816   0.241   1.300   0.923  -0.187   0.863   2.267   0.101  -0.521 
  8 A   3.140  -3.499  -2.545  -3.630  -1.692  -2.157   0.191  -2.107  -2.778  -0.264  -0.136  -3.184  -0.630  -1.152   2.758   1.121   0.830  -2.590  -2.376   0.831 
  9 A  -5.198  -6.952  -7.292  -7.982  -7.063  -6.649  -7.157  -7.885  -4.156  -3.236  -0.578  -7.038   4.754   5.725  -7.826  -6.717  -5.920  -1.932   6.787  -4.119 
