#B3928

Last position-specific scoring matrix computed       
            A       R       N       D       C       Q       E       G       H       I       L       K       M       F       P       S       T       W       Y       V 
  1 A  -3.949  -2.521   0.343  -6.201  -4.778  -1.867  -1.653  -5.973   3.069  -4.185  -0.500  -5.479   4.436   4.507  -7.378   0.062  -1.173   4.980   4.123  -4.627 
  2 A  -3.959   5.394  -4.374  -5.901  -7.872   5.427  -3.241  -6.314   5.709  -6.095  -4.539   0.698  -0.220  -5.955  -3.352  -3.271  -5.456  -4.003  -4.365  -6.266 
  3 A   0.753  -3.963  -0.068   0.820  -3.838  -0.633  -1.432  -6.235  -0.574  -0.470   0.414  -4.823   3.682   2.562  -5.951  -0.927  -1.012   4.132   3.495  -1.236 
  4 A   1.457   0.302  -1.288  -0.445  -1.504  -0.236   1.487  -0.078  -0.328  -2.834  -0.265  -1.299   0.248  -0.619   1.803   0.327   0.058   1.545   0.795  -1.614 
  5 A  -0.619   0.135  -0.659  -3.222  -1.973  -1.336  -2.744   0.693   2.432   0.774   0.168  -1.217   0.748   2.373  -2.098  -0.491  -0.014   0.321   1.422  -0.243 
  6 A   0.196   1.514   1.007  -0.538  -3.256   0.011  -1.656  -0.074   1.035  -1.131  -1.272  -1.373  -2.606   1.938  -0.430   1.075   1.179   1.966  -1.423  -0.758 
  7 A   1.157  -2.196   0.623  -1.930  -0.857  -0.728  -1.306  -3.981   2.653  -0.027  -0.704  -4.003   0.408   2.774  -0.713  -0.886  -0.766   0.941   2.403   1.028 
  8 A   3.948  -4.831  -5.313  -5.911  -4.308  -1.596  -1.358  -4.693  -3.890  -0.897  -1.523  -4.230  -1.263  -4.152   5.118   0.857   0.531  -7.492  -3.002   0.124 
  9 A  -2.351  -7.102  -7.992  -8.283  -5.989  -6.914  -7.536  -8.148  -7.597   1.171   5.342  -7.143   0.610  -4.670  -7.582  -6.923  -5.386  -6.738  -5.946   1.913 
