#HLA-B5902

Last position-specific scoring matrix computed       
            A       R       N       D       C       Q       E       G       H       I       L       K       M       F       P       S       T       W       Y       V 
  1 A  -4.639  -4.556  -1.083  -6.053   0.207  -3.976  -2.373  -6.587   0.618   0.798   2.189  -4.730   4.278   4.336  -7.805  -2.727  -0.427   0.670   2.533  -1.580 
  2 A   0.651  -7.055  -6.852  -6.258  -7.334  -5.838  -6.233  -6.163  -7.088  -6.109  -7.793  -6.089  -5.572  -8.580   8.609  -0.784  -3.028  -9.351  -7.627  -7.187 
  3 A  -0.169  -5.433   0.128  -0.025  -4.670   0.034   0.238  -3.801  -0.489   0.013   0.650  -4.839   2.707   1.882  -4.358   0.057   0.178   3.305   3.290  -0.438 
  4 A   1.177  -1.241  -1.473   0.126  -1.131  -1.289   0.689  -2.406  -0.560   0.525   1.111  -1.391   0.570   0.230   0.964   0.402  -0.419   1.654  -0.800  -0.815 
  5 A  -1.119   0.371  -1.724  -1.707  -2.036  -1.332  -0.463  -1.952  -1.102   2.042   0.292  -1.555   1.821   1.043  -1.081  -0.054  -0.986   2.541  -0.369   1.587 
  6 A   1.400  -0.957  -0.581  -0.333  -1.450  -0.702  -2.238  -2.147  -0.114  -0.243   0.395  -1.470  -1.491   1.574   0.818   0.709   1.353   0.881  -0.282  -0.080 
  7 A  -0.465  -3.438   0.232  -0.227  -0.332  -1.225  -0.135  -3.436   1.449  -0.041   0.798  -3.282   0.657   2.099   0.111  -0.172  -0.611   1.450   1.873   0.849 
  8 A   0.478  -1.556  -0.974  -3.482  -2.732   0.510  -0.079  -1.636  -1.924   1.411   0.822  -1.686   0.890  -0.092   1.152   0.696   1.357  -0.955  -1.042   0.178 
  9 A  -6.095  -8.113  -8.360  -8.422  -6.406  -7.762  -8.258  -8.766  -8.197   6.756   0.030  -7.724  -3.034  -1.899  -7.986  -7.468  -5.894  -0.979  -6.187   0.878 
