#HLA-B4032

Last position-specific scoring matrix computed       
            A       R       N       D       C       Q       E       G       H       I       L       K       M       F       P       S       T       W       Y       V 
  1 A   1.736   4.465  -4.929  -6.819  -3.117  -2.727  -5.546   0.477  -0.498  -1.600  -1.797   1.135   1.756  -0.965  -6.946   1.260  -3.437   3.007   1.003  -3.524 
  2 A  -5.777  -5.077  -5.366  -0.147  -8.495   4.827   7.165  -7.191  -5.172  -8.090  -7.648  -3.118  -0.587  -8.134  -6.449  -5.280  -6.038  -7.622  -6.937  -7.447 
  3 A  -0.844   4.398  -0.525  -6.944  -7.346   0.045  -4.560  -6.880   0.893   0.012  -1.030  -0.056   3.615   2.173  -7.325  -0.978  -2.681   2.881   2.044  -2.771 
  4 A   1.092  -1.332   1.200   0.351  -0.857   1.436   1.042  -1.973   0.882  -1.860  -0.934  -1.388   1.299  -0.403   0.208   0.952   0.250  -0.661   1.368  -1.493 
  5 A   1.669  -0.460   0.000  -3.172  -3.362  -2.780  -2.835   1.244   2.948  -0.882   0.345  -2.694  -0.211   0.605  -0.511   1.298   0.501  -1.912   0.542  -1.741 
  6 A   1.265   2.250  -1.234  -2.547  -1.644  -0.404  -4.589   0.739   1.256  -1.001  -0.889  -2.555  -1.926   1.421  -1.685   1.785   1.296   1.160  -2.039  -0.948 
  7 A  -1.096  -1.804   0.221  -3.414  -1.818   1.020  -1.510  -1.152   0.532  -0.055   0.841  -3.010  -0.282  -0.961   1.655   2.467   2.190  -2.911  -0.732  -0.376 
  8 A   3.295  -2.823  -4.212  -5.671  -5.628  -2.758  -0.875  -4.470  -2.151  -2.034  -3.224  -3.383  -2.216  -3.556   4.946   2.996   0.081  -7.831  -3.329   0.786 
  9 A  -2.822  -7.446  -8.155  -8.480  -6.500  -7.171  -7.830  -8.387  -7.461   2.744   4.186  -7.447   4.788   2.713  -7.995  -7.182  -5.448  -6.500  -3.791  -0.193 
