#HLA-B4038

Last position-specific scoring matrix computed       
            A       R       N       D       C       Q       E       G       H       I       L       K       M       F       P       S       T       W       Y       V 
  1 A   0.667   4.640  -3.656  -6.764  -2.589  -3.111  -5.865   1.346  -2.651  -1.267  -2.417   1.837   0.035  -0.297  -6.983   0.989  -2.627   2.459   1.265  -3.248 
  2 A  -6.013  -5.298  -5.471  -3.687  -8.680  -3.320   8.062  -7.328  -5.190  -8.410  -8.023  -4.407  -7.077  -8.170  -6.360  -5.260  -6.109  -7.650  -7.061  -7.611 
  3 A  -0.068  -5.285  -1.224  -4.266  -2.238   0.518  -2.727  -5.729  -1.202   2.000   1.232  -6.645   3.533   2.388  -6.710  -0.121  -1.984   3.239   2.742   0.414 
  4 A   1.055  -1.684   1.127   0.180  -0.465   1.471   1.001   1.153  -0.178  -1.514  -1.306  -1.775  -0.058   0.073   0.389   1.045  -0.584   0.190  -0.629  -2.024 
  5 A   0.810  -5.242  -1.043  -0.861  -2.726  -3.067  -0.466   1.034  -0.454   0.764   1.108  -4.671   0.415   0.919  -2.101   1.013   0.376  -3.427   0.457   0.551 
  6 A   1.317  -0.338   0.361  -1.399  -1.466   0.690  -1.514   0.189   1.195  -1.058   0.468  -2.559  -0.532   1.662  -0.599   0.871  -0.044   0.019  -0.648  -0.834 
  7 A  -0.361  -2.723  -1.696  -2.041  -1.640   0.367  -0.186  -2.137  -0.423   0.674   0.401  -3.830  -0.490   1.510   1.320   0.573   1.057   1.188   1.977   0.862 
  8 A   2.474  -3.341  -1.440  -3.195  -3.002  -0.222   1.174  -1.935  -1.220  -1.755  -1.206  -2.741  -1.430  -1.441   3.427   1.985   1.187  -0.988  -1.091  -0.122 
  9 A  -6.036  -7.468  -8.327  -8.674  -6.551  -7.363  -7.974  -8.611  -7.576   0.617   5.327  -7.602   2.370   3.082  -8.140  -7.483  -6.372  -6.419  -5.186  -1.785 
