#HLA-B0805

Last position-specific scoring matrix computed       
            A       R       N       D       C       Q       E       G       H       I       L       K       M       F       P       S       T       W       Y       V 
  1 A  -2.992  -1.406   1.482  -4.013  -3.434  -2.579  -0.808  -6.447   1.928  -2.829   0.198  -5.547   5.317   3.013  -7.378   1.693  -1.061   1.948   3.712  -3.939 
  2 A   1.829  -3.563  -3.751  -7.719  -5.592  -2.281  -7.053  -3.472  -3.950   1.301   3.453  -5.111   3.290   1.294  -0.902  -1.331  -2.181  -0.191  -4.375   0.011 
  3 A  -2.503   5.280  -2.228  -6.586  -6.499  -2.114  -3.452  -5.360   0.815  -1.480  -0.257   4.367   0.903  -1.948  -6.264  -2.832  -3.901  -1.264  -1.704  -3.848 
  4 A   0.423   2.429  -0.226  -2.694  -1.896   1.721   0.357  -2.658   1.095  -1.415  -0.263   2.135   1.610  -0.964  -1.131  -1.206  -0.323   0.016   0.886  -2.511 
  5 A  -4.291   6.374  -2.693  -5.791  -8.086  -2.374  -4.760  -6.195   2.982  -3.157  -3.342   3.217  -1.846  -1.454  -4.575  -3.793  -3.129  -4.212   0.889  -4.228 
  6 A  -2.031   2.916   0.635  -4.686  -3.140  -0.393  -2.355  -2.378   1.462   0.171  -0.082  -0.793  -1.665   3.062  -1.281   0.012   0.306   0.916   0.980  -0.968 
  7 A   1.660   0.228   0.630  -5.183  -0.314  -0.013  -2.348  -2.291   1.332  -2.381   1.269  -0.971   0.875  -0.611  -0.856   0.872   0.110   0.890   1.477  -0.318 
  8 A   2.821  -2.417  -1.511  -2.549  -2.980  -1.043   0.236  -4.323  -3.057  -1.820  -2.749  -2.832  -2.682  -1.138   4.154   3.059   1.107  -3.633  -1.909  -0.909 
  9 A  -0.469  -7.398  -8.184  -8.481  -6.374  -7.166  -7.760  -8.198  -7.670   1.594   4.945  -7.394   2.836   0.777  -7.853  -6.567  -5.741  -6.808  -5.793   0.635 
