#HLA-B5116

Last position-specific scoring matrix computed       
            A       R       N       D       C       Q       E       G       H       I       L       K       M       F       P       S       T       W       Y       V 
  1 A  -3.839  -6.114  -1.833  -5.364   0.987  -2.800  -1.711  -6.600  -0.031   1.467   2.803  -6.129   3.748   3.179  -7.709  -2.498   0.105   0.095   1.734  -0.341 
  2 A  -3.314  -7.172  -7.043  -6.764  -7.664  -6.580  -6.311  -7.169  -7.178  -7.922  -8.033  -6.140  -7.682  -8.855   9.042  -5.009  -5.102  -9.743  -7.766  -7.569 
  3 A   0.143  -4.592   0.332  -0.990  -4.170  -0.044  -0.185  -2.795  -0.157   0.324   0.543  -3.706   1.911   1.965  -2.933   0.102   0.039   2.223   3.437  -0.167 
  4 A   0.379  -2.102  -0.856   0.791  -1.655  -0.483   1.142  -2.098  -1.072   0.190   0.749  -1.454   0.116   0.598   1.061   0.793   0.054   1.536  -0.905  -0.541 
  5 A   0.002  -0.534  -1.413  -1.605  -2.246  -1.006  -0.739  -1.988  -1.099   1.781   0.075  -2.222   1.164   0.794   0.649   0.772  -0.140   2.180  -0.295   1.176 
  6 A   1.403  -1.504  -0.890  -0.877  -1.439  -0.724  -2.969  -1.551  -0.814   0.123   0.626  -2.430  -0.740   1.553   0.316   0.865   0.996   1.033   0.275   0.508 
  7 A  -0.534  -3.098   0.396  -0.110  -0.708  -0.344   0.116  -2.984   1.444   0.295   0.771  -2.858   0.729   1.362   1.004   0.308  -0.257  -0.405   0.805   0.583 
  8 A   0.015  -1.068  -0.876  -3.440  -2.257   0.870   0.167  -1.448  -0.675   0.762   0.454  -0.977   0.944   0.218   1.454   1.226   1.034  -0.437  -0.917  -0.131 
  9 A  -5.754  -8.056  -8.322  -8.406  -6.366  -7.682  -8.189  -8.721  -8.188   6.559  -0.265  -7.682  -0.324  -2.019  -7.948  -7.390  -5.840  -3.570  -6.228   2.011 
