#HLA-B9521

Last position-specific scoring matrix computed       
            A       R       N       D       C       Q       E       G       H       I       L       K       M       F       P       S       T       W       Y       V 
  1 A  -3.022  -1.050  -3.198  -5.920  -5.259  -1.472  -3.095  -5.085   1.579   0.016   0.484  -2.698   5.663   3.458  -7.561   0.695  -1.164   3.317   2.950  -2.196 
  2 A   3.559  -6.474  -6.794  -7.148  -6.215   2.406  -4.909  -5.987  -5.929  -0.133   1.221  -4.515   4.892  -5.034  -2.343   0.290  -0.101  -7.327  -6.485   1.464 
  3 A   0.154   3.227  -0.342  -6.997  -5.380  -1.363  -5.456  -6.823   1.310   0.820  -1.633   0.794   2.044   2.777  -6.535  -0.631  -3.695  -2.551   3.850  -1.133 
  4 A   0.935  -1.798   0.917   1.802  -1.511   1.365   1.601  -0.949   0.148  -4.892  -2.900  -0.088  -0.098  -1.266   1.628   1.775  -0.229  -0.216   0.861  -2.839 
  5 A   0.975   0.122  -1.474  -1.240  -2.273  -2.385  -2.322   1.425   2.689  -2.179  -0.590  -1.976  -1.429   0.999   0.142   2.487   0.472  -0.419   0.119  -1.882 
  6 A  -0.008  -0.918  -0.534  -1.722  -2.469  -4.006  -2.853   1.844  -0.690  -0.082  -1.279  -4.706  -1.096   0.490  -1.446   2.495   2.750   0.198  -0.820   0.202 
  7 A   0.329  -1.718   1.112  -5.018  -1.113  -0.022  -2.047  -0.082   1.055  -0.786   1.436  -2.902  -0.066  -0.890   0.141   2.750   1.283  -5.423  -1.841  -1.462 
  8 A   3.915  -5.115  -3.059  -6.055  -3.956  -3.421  -0.947  -2.297  -0.981  -3.001  -3.674  -3.717  -4.348  -3.235   4.810   2.369  -0.451  -7.892  -5.454   0.910 
  9 A  -7.100  -7.447  -7.643  -8.363  -7.670  -7.271  -7.595  -8.256  -4.874  -5.607  -4.310  -7.575   2.776   6.676  -8.332  -7.168  -6.944  -3.153   7.018  -6.007 
