#HLA-B5712

Last position-specific scoring matrix computed       
            A       R       N       D       C       Q       E       G       H       I       L       K       M       F       P       S       T       W       Y       V 
  1 A  -3.381   1.855  -3.817   2.421  -2.600  -4.586  -2.381  -5.552  -3.611  -0.755  -1.391   2.535   4.166   0.877   2.874   0.420  -2.177  -1.955  -0.336  -2.671 
  2 A  -0.818  -1.134  -3.349   1.294  -5.728  -5.078   1.711  -5.906  -3.604  -6.912  -7.155  -0.809  -4.481  -7.513  -6.195   4.781   5.117  -7.700  -6.190  -5.489 
  3 A   0.476  -4.871   0.338   0.083  -2.072  -2.782   1.052  -1.704  -2.364   0.082  -1.492  -3.551   3.407   2.799  -2.121   0.105  -1.708   0.486   3.781  -1.085 
  4 A   1.414  -1.969  -0.131   1.316  -2.553  -1.580   1.378   0.310  -0.287  -3.877  -2.337  -1.134  -1.696  -1.181   2.956   1.748  -0.081   2.354   0.351  -2.818 
  5 A  -0.771  -2.528  -0.613   0.804  -2.551  -1.257   1.659   0.204  -0.085  -1.342  -1.088  -1.118  -0.234   1.787  -0.684   0.259   1.249   1.671   0.864   0.356 
  6 A  -0.367  -0.403   1.079   1.442  -3.440  -1.092   0.884  -0.503   1.007  -2.005  -1.336  -0.335  -3.222   0.311   0.513   2.478   1.399  -0.459  -2.493  -2.123 
  7 A  -0.661  -3.738  -0.092   0.907  -2.569  -1.131   0.929  -2.246   2.620  -2.884  -1.098   0.460  -0.030   2.537  -0.599   0.374   1.082   1.791   0.967  -0.346 
  8 A   0.055  -0.915  -2.368   0.648  -3.751  -1.132   0.822  -1.259  -2.073  -1.930   0.447  -0.173  -1.222  -0.293   1.807   1.385   2.201  -1.955   0.284  -0.716 
  9 A  -6.225  -2.044  -0.810   1.221  -7.020  -2.377   1.056  -4.655  -6.825   4.074   1.939  -6.629   1.423   2.675  -2.195  -5.304  -5.434   1.036  -2.857  -2.276 
