#HLA-B1517

Last position-specific scoring matrix computed       
            A       R       N       D       C       Q       E       G       H       I       L       K       M       F       P       S       T       W       Y       V 
  1 A  -1.701   3.246  -5.986  -6.630  -2.551  -3.200  -6.068  -4.011  -1.682   0.990   0.589   2.974   3.845   0.927  -5.899  -0.753  -1.804   0.897   0.736  -0.984 
  2 A   0.848  -6.152  -4.799  -5.929  -6.109  -5.555  -5.689  -5.935  -6.526  -6.408  -6.835  -5.106  -6.124  -7.293  -6.075   5.631   5.779  -7.638  -6.876  -2.529 
  3 A   2.055  -3.200   0.812  -7.103  -5.852  -5.305  -6.268  -6.244  -0.217   0.941  -2.348  -5.526   1.210   3.217  -6.530   0.642  -1.431   0.709   5.054   0.436 
  4 A   2.610  -1.947  -0.085   0.350  -3.058  -1.707   0.904  -0.471   0.016  -3.429  -3.461  -0.352  -0.091  -0.341   2.249   2.030  -0.553   1.757  -0.629  -2.053 
  5 A   0.796  -0.823   0.564  -2.074  -1.130  -0.026  -1.525   1.124  -0.097  -2.148  -0.438  -3.145  -0.451   0.500   0.263   1.761   1.038   0.724   0.312   0.203 
  6 A   0.843  -2.961  -0.218  -1.474  -5.709  -1.833  -4.420   0.034  -0.569  -0.408   0.129  -3.780   0.290  -0.818  -0.339   3.001   2.624   0.545  -1.295   0.222 
  7 A   1.021  -3.120  -1.316  -4.095  -2.005  -1.015  -1.664  -2.332   1.823  -0.753   2.413  -3.855   0.452   0.727   0.545   1.330   0.958   0.023   0.049  -1.288 
  8 A  -1.054   0.174  -1.431  -3.939  -4.637  -0.318  -0.262  -0.456  -0.786  -1.169   0.902  -1.794  -1.855   0.734   1.908   2.551   1.484   0.016   0.457  -1.125 
  9 A  -7.203  -7.538  -7.824  -7.067  -7.716  -7.421  -7.077  -8.173  -5.455  -2.264  -1.810  -7.699   1.798   6.177  -8.606  -7.335  -7.003   7.570   5.710  -6.000 
