#HLA-B0810

Last position-specific scoring matrix computed       
            A       R       N       D       C       Q       E       G       H       I       L       K       M       F       P       S       T       W       Y       V 
  1 A  -2.367   0.208   1.005  -4.730  -2.527  -2.763  -2.529  -5.840   1.539  -2.508   0.858  -3.464   5.241   2.361  -7.337   1.969  -1.268   1.719   3.274  -2.991 
  2 A   0.943  -0.803  -3.530  -6.554  -5.026  -0.248  -6.846  -3.766  -3.229   1.021   3.688  -2.831   3.757   0.715   0.031  -2.343  -3.358  -0.935  -4.844  -1.221 
  3 A  -2.846   5.530  -2.748  -6.151  -7.793  -2.571  -3.922  -5.850  -0.040  -2.616  -0.561   4.493   1.299  -1.658  -6.903  -2.498  -4.094  -1.597  -1.860  -4.344 
  4 A   0.622   2.366  -0.168  -2.473  -1.693   1.719  -0.087  -3.593   0.810  -1.522  -0.094   2.274   1.669  -0.886  -1.129  -1.073  -0.265  -1.225   0.942  -2.265 
  5 A  -3.621   6.383  -2.700  -5.804  -8.047  -2.075  -4.554  -5.178   2.874  -2.938  -3.027   2.933  -2.033  -1.274  -4.582  -3.634  -2.987  -4.208   0.889  -4.359 
  6 A  -2.028   2.766   0.586  -4.695  -3.132  -0.577  -2.166  -2.631   1.145   0.143  -0.022  -1.304  -1.655   3.467  -1.619   0.487   0.174   1.063   0.571  -0.916 
  7 A   1.251   0.181   0.673  -5.196  -0.688  -0.017  -2.466  -2.306   0.858  -1.960   1.572  -1.037   1.229  -0.738  -1.146   0.992   0.381   0.406   1.520  -0.306 
  8 A   3.007  -2.922  -1.710  -2.134  -3.280  -1.511  -0.232  -4.003  -3.368  -2.338  -2.750  -2.851  -2.946  -0.830   4.154   3.119   0.937  -3.630  -1.903  -0.644 
  9 A   0.078  -7.370  -8.139  -8.432  -6.354  -7.117  -7.710  -8.100  -7.648   1.712   4.912  -7.344   3.013   0.224  -7.796  -6.098  -5.083  -6.852  -5.336   0.320 
