#HLA-B0750

Last position-specific scoring matrix computed       
            A       R       N       D       C       Q       E       G       H       I       L       K       M       F       P       S       T       W       Y       V 
  1 A   0.078   2.399  -2.819  -7.198  -4.666  -2.769  -5.360  -3.321   0.485   0.403   0.208  -1.957   4.018   1.763  -7.330   1.358  -1.785   4.234   2.888  -2.035 
  2 A  -0.105  -6.609  -6.942  -6.877  -7.176   2.267  -4.823  -7.146  -6.906  -2.005  -1.373  -2.684   2.411  -6.840   7.630  -4.531  -4.974  -6.059  -7.147  -0.359 
  3 A   0.661   4.985  -0.229  -5.825  -5.459   0.715  -2.565  -5.479   1.826  -1.222  -3.051  -1.790   1.102   1.420  -7.108  -0.230  -1.377   0.916   2.251  -1.956 
  4 A   1.444  -1.240   0.137   0.331  -0.857   1.052  -0.349  -1.695   2.375  -2.356  -1.135  -0.071   1.163  -0.886   1.118   1.192  -0.036   1.296   1.225  -2.383 
  5 A   0.912  -0.385   0.230  -1.547  -1.843  -1.782  -2.435   0.846   2.766  -0.950  -0.076  -1.511   0.906  -0.602   0.822   1.486   0.779  -0.675   0.314  -1.827 
  6 A   0.804   2.501  -0.716  -2.488  -2.280   0.364  -3.865   1.793   0.997  -3.135  -1.292  -0.705  -3.513  -1.117  -1.545   1.936   1.941  -0.225  -1.714  -1.261 
  7 A   0.511  -0.432   0.988  -2.912  -1.598  -1.499  -3.569  -0.440   0.617  -1.259  -0.508  -2.944   0.436  -3.417  -0.998   3.786   2.898  -5.522  -2.228  -1.022 
  8 A   3.923  -4.368  -4.267  -5.103  -5.568  -2.259  -1.076  -4.415  -3.457  -2.610  -2.860  -4.838  -2.215  -3.561   4.923   2.351   0.346  -3.706  -3.887   0.519 
  9 A  -6.267  -7.345  -8.165  -8.558  -6.576  -7.102  -7.822  -8.484  -7.322  -0.175   4.668  -7.454   5.517   3.515  -8.105  -7.304  -6.310  -6.281  -4.229  -1.095 
