#HLA-B1404

Last position-specific scoring matrix computed       
            A       R       N       D       C       Q       E       G       H       I       L       K       M       F       P       S       T       W       Y       V 
  1 A  -5.209  -4.001   1.150  -2.572  -2.605  -2.015  -0.117  -6.611   2.712  -3.329  -0.719  -6.561   3.645   5.047  -4.196  -0.076  -0.853   4.388   2.858  -3.569 
  2 A   0.445   0.509  -2.412  -4.538  -6.349   4.826  -1.776  -5.222   6.745  -4.989  -5.106  -0.855  -1.193  -4.710   1.589   2.014  -2.247  -2.433  -4.449  -5.548 
  3 A  -0.966  -4.556  -2.499  -1.981  -5.388  -2.437  -2.886  -4.914   0.193  -0.883  -0.010  -5.744   1.702   4.827  -3.236  -1.757  -2.093   3.024   5.403  -1.405 
  4 A   1.314  -0.847  -0.230  -0.714  -0.599   0.033   1.894  -0.314   0.134  -3.167  -1.126  -1.063  -0.168  -0.803   2.080   0.281  -0.006   3.468   1.655  -3.037 
  5 A  -0.469   0.114   1.866  -2.784  -2.309  -1.977  -3.913  -0.466   1.805  -0.709  -0.639  -1.623   0.366   2.758  -0.541  -0.486   0.560   1.587   2.679  -0.541 
  6 A   0.555   0.682   1.471  -1.538  -1.486  -0.245  -2.645  -0.698   1.515  -1.277  -0.627  -1.637  -2.343   1.897   0.712   1.180   0.813   1.779   0.296  -1.266 
  7 A   0.716  -1.546   0.691  -2.006  -0.448   0.514  -2.030  -3.459   3.229  -0.507  -0.487  -3.048   0.375   0.935  -1.360   1.112   0.663   2.004   2.183   0.232 
  8 A   2.736  -3.953  -2.625  -4.619  -5.026  -0.999  -1.527  -4.117  -2.863  -0.966  -2.150  -4.063  -1.978  -3.498   5.233   1.330   2.027  -4.514  -1.798   0.614 
  9 A  -6.241  -7.387  -6.803  -7.183  -6.445  -7.234  -6.740  -8.011  -7.755   0.210   5.721  -7.508   2.118  -0.349  -8.051  -7.471  -6.289  -5.206  -5.920  -0.940 
