#HLA-B4016

Last position-specific scoring matrix computed       
            A       R       N       D       C       Q       E       G       H       I       L       K       M       F       P       S       T       W       Y       V 
  1 A   1.399   4.515  -4.361  -6.821  -2.326  -2.218  -5.558   0.563  -0.607  -2.352  -2.450   0.796   1.856  -0.277  -7.001   1.366  -3.295   3.974   1.385  -4.243 
  2 A  -6.066  -5.140  -5.299   1.193  -8.528   4.461   7.153  -7.173  -5.203  -8.150  -7.745  -3.147  -1.277  -8.164  -6.451  -5.283  -6.052  -7.666  -6.992  -7.507 
  3 A  -0.992   3.552  -0.555  -7.143  -7.257  -0.844  -5.565  -6.964   0.665   0.415  -0.734  -1.079   4.182   3.014  -7.472  -0.884  -3.097   3.556   2.787  -2.878 
  4 A   0.947  -0.900   0.925   0.469  -0.589   1.344   0.941  -1.713   0.805  -1.715  -0.472  -1.059   1.241  -0.161  -0.057   0.819   0.059  -0.928   1.217  -1.725 
  5 A   1.210   0.339  -0.370  -3.854  -3.737  -2.983  -3.407   1.235   2.913  -0.494   0.617  -2.094   0.199   0.830  -0.955   0.868   0.408  -1.201   0.920  -1.662 
  6 A   1.388   2.229  -1.335  -2.675  -2.045   0.061  -4.164   0.595   0.918  -0.892  -0.522  -1.989  -1.723   1.587  -2.371   1.485   0.925   1.983  -2.019  -1.086 
  7 A  -1.054  -2.534   0.370  -3.124  -0.828   1.068  -1.438  -0.760   0.614  -0.286   0.860  -2.910  -0.176  -0.662   1.374   2.133   2.163  -2.387  -0.255  -0.303 
  8 A   3.117  -3.106  -4.205  -6.443  -6.495  -2.583  -1.073  -4.159  -2.853  -1.630  -3.553  -4.011  -1.824  -3.203   5.065   3.231   0.085  -4.547  -3.325   0.625 
  9 A  -1.625  -7.472  -8.182  -8.459  -6.376  -7.177  -7.814  -8.333  -7.703   3.284   4.262  -7.415   3.896   0.319  -7.883  -7.098  -5.345  -6.876  -5.321   1.246 
