#HLA-B5114

Last position-specific scoring matrix computed       
            A       R       N       D       C       Q       E       G       H       I       L       K       M       F       P       S       T       W       Y       V 
  1 A  -4.253  -6.556  -1.430  -4.783   1.060  -3.687  -1.390  -7.888   0.074   1.305   2.713  -6.956   3.851   3.252  -7.699  -2.291   0.289  -0.319   2.026  -0.428 
  2 A  -4.337  -7.182  -7.058  -6.768  -7.697  -6.591  -6.317  -7.201  -7.185  -7.945  -8.053  -6.144  -7.706  -8.878   9.077  -5.578  -5.758  -9.780  -7.779  -7.606 
  3 A   0.238  -4.876   0.748  -1.347  -4.648  -0.283  -0.345  -3.087  -0.054   0.609   0.370  -4.861   1.644   2.022  -2.272   0.184  -0.211   2.128   3.509   0.114 
  4 A   0.474  -2.543  -0.561   0.762  -1.140  -0.656   1.356  -2.087  -0.797   0.117   0.296  -1.915  -0.094   0.260   1.331   1.112   0.203   0.865  -0.921  -0.091 
  5 A   0.695  -1.189  -1.393  -0.990  -2.026  -0.795  -0.279  -2.107  -0.446   1.472  -0.180  -2.723   1.084   0.661   0.655   0.979   0.248   2.365  -0.125   0.640 
  6 A   1.232  -2.586  -1.038  -0.509  -1.442  -0.370  -2.823  -1.550  -0.223   0.286   0.517  -2.151  -1.309   1.551   0.549   1.141   0.892   1.032   0.276   0.389 
  7 A  -0.705  -3.734   0.859   0.561  -0.337   0.187   0.303  -3.520   1.733  -0.037   0.447  -3.798   0.302   1.355   1.363   0.194  -0.205  -0.184   0.744   0.540 
  8 A   0.181  -0.862  -0.447  -2.862  -2.253   1.029   0.084  -2.247  -0.932   0.470   0.362  -1.288   0.870  -0.164   1.690   1.314   1.072  -0.958  -0.823   0.294 
  9 A  -6.027  -8.035  -8.305  -8.408  -6.387  -7.679  -8.175  -8.706  -8.131   6.431  -0.007  -7.685  -0.219  -0.510  -7.964  -7.380  -5.199  -2.412  -6.059   2.016 
