#B3904

Last position-specific scoring matrix computed       
            A       R       N       D       C       Q       E       G       H       I       L       K       M       F       P       S       T       W       Y       V 
  1 A  -4.716  -6.101   0.164  -6.424  -4.844  -2.848  -2.075  -6.851   2.341  -5.133  -0.952  -6.157   3.701   5.370  -7.632  -1.177  -2.017   5.569   4.749  -4.896 
  2 A  -3.921   4.411  -4.584  -5.701  -7.903   5.590  -0.530  -6.189   6.697  -6.939  -4.977   0.313  -0.779  -5.903  -4.191  -3.129  -5.152  -5.090  -4.520  -6.032 
  3 A   1.285  -4.905   0.123   1.990  -4.337   0.062   0.737  -4.543   0.002  -0.736  -0.196  -5.228   2.884   1.668  -4.691  -0.216  -0.659   2.987   2.308  -0.886 
  4 A   1.472  -0.425  -0.909  -0.244  -1.232   0.952   2.095   0.157  -0.698  -3.006  -0.682  -1.331   0.230  -0.587   1.504   0.125  -0.194   1.470   0.712  -2.039 
  5 A   0.325  -1.335   0.277  -1.820  -2.336  -2.744  -2.071   1.083   2.019   0.673  -0.070  -2.345   0.729   1.923  -1.208   0.012   0.508  -0.277   0.848  -0.330 
  6 A   0.418   0.635   1.022  -0.188  -2.909  -0.038  -1.456   0.147   1.215  -1.219  -1.178  -1.451  -1.114   1.734  -0.385   0.776   1.232   2.632  -1.382  -0.820 
  7 A   0.875  -2.937   0.367  -1.507  -1.959  -0.803  -0.982  -3.691   2.360   0.066  -0.877  -3.564   0.182   2.704  -0.393  -0.594  -0.023   1.264   2.575   1.080 
  8 A   3.724  -4.433  -3.264  -5.215  -2.721  -1.404  -1.380  -2.958  -2.549  -0.207  -0.615  -4.176  -1.389  -2.925   4.217   0.392   0.782  -4.662  -2.716   0.608 
  9 A  -3.973  -7.087  -8.050  -8.353  -6.039  -6.921  -7.595  -8.283  -7.568   0.899   5.600  -7.174   1.472  -4.296  -7.660  -7.076  -5.863  -6.680  -5.913   0.784 
