#HLA-B5504

Last position-specific scoring matrix computed       
            A       R       N       D       C       Q       E       G       H       I       L       K       M       F       P       S       T       W       Y       V 
  1 A  -4.693  -1.834  -0.296  -7.596  -3.803  -5.428  -4.678  -7.830   0.242  -0.191   1.728  -6.045   4.688   4.447  -7.882  -1.418  -2.287   3.002   4.257  -3.333 
  2 A  -3.541  -7.182  -7.063  -6.772  -7.680  -6.590  -6.318  -7.185  -7.185  -7.921  -8.037  -6.145  -7.692  -8.866   9.063  -5.884  -6.140  -9.765  -7.773  -7.147 
  3 A   1.875  -0.572   0.593  -0.547  -4.593  -0.334  -1.940  -3.795   0.724  -0.776  -0.403  -3.429   2.450   1.098  -3.726   0.609   0.960   2.297   2.424  -0.500 
  4 A   0.947   0.351  -1.860  -0.980  -2.055  -0.663  -0.206  -0.499   1.126  -1.203   0.699  -1.222   0.928  -0.651   1.611   0.441  -0.723   2.450   0.170  -0.259 
  5 A  -0.413   1.637  -0.809  -2.818  -1.666  -0.007  -1.860  -1.593   1.565   0.983  -0.461   0.180  -0.289   0.621   0.368  -0.351  -0.667   1.035   1.137   0.973 
  6 A   0.835   1.958   0.020  -1.975  -2.060   0.665  -2.168   0.161   1.069  -1.076  -0.874  -0.618  -1.944   0.184   0.207   1.195   1.674  -0.002  -0.916  -1.425 
  7 A   1.355  -0.784   0.126  -2.701  -1.815  -2.140  -2.106  -2.166   1.675  -0.320   0.353  -4.158   0.726   1.507  -0.078   0.550   0.197   0.422   1.733   1.024 
  8 A   3.730  -2.950  -2.607  -5.046  -3.584  -0.964  -0.009  -3.147  -3.421  -0.941  -2.370  -3.831  -0.601  -2.203   4.023   1.776   1.096  -4.488  -3.550  -0.276 
  9 A   0.974  -7.421  -8.012  -8.283  -4.828  -7.102  -7.597  -7.876  -7.744   2.498   3.929  -7.281   2.187  -0.441  -7.636  -5.878  -3.473  -7.045  -6.042   2.783 
