#HLA-B5809

Last position-specific scoring matrix computed       
            A       R       N       D       C       Q       E       G       H       I       L       K       M       F       P       S       T       W       Y       V 
  1 A  -2.894   0.403  -2.601   1.580  -2.315  -2.233  -1.737  -3.249  -1.392   1.160   0.336   0.937   2.497   0.227   3.198  -1.375  -1.545   0.549  -0.245   0.001 
  2 A   3.129  -2.581  -1.156   1.841  -2.405  -5.351  -5.265  -4.399  -2.508  -6.438  -7.061   1.611  -2.773  -7.531  -4.842   4.378   3.105  -7.797  -6.964  -3.106 
  3 A   1.483  -3.178   0.447  -1.451  -2.502  -0.490   0.614  -1.088  -3.607   0.033   0.010  -0.709   0.541   1.027   0.664   0.808  -0.038   1.668   1.127  -0.895 
  4 A   1.552  -0.975  -0.743   0.621  -2.539  -0.126   0.935   0.516   0.012  -1.762  -1.359  -0.117  -1.155  -1.614   2.180   0.857  -0.585   1.528  -0.108  -1.093 
  5 A  -0.091  -0.442  -1.809   0.193  -1.151   1.389   0.798  -0.337  -1.208  -0.382  -0.276   1.113  -0.794  -0.700  -0.672   0.339   0.417   0.543  -1.301   0.768 
  6 A   0.861  -0.650  -0.898   0.250  -2.282  -0.282   1.187  -0.201  -0.533  -0.989  -0.510  -0.074  -1.748  -0.310   0.672   1.130   0.855   0.190  -0.440  -0.315 
  7 A   0.278  -1.099  -1.457  -0.722  -2.810  -0.944  -0.249  -0.684   1.000  -1.101   0.949   1.344  -0.639   1.427   0.191  -0.334  -0.275   1.438   1.303  -1.027 
  8 A  -0.817   0.335  -0.730   1.470  -3.121   1.147   0.043  -0.032  -0.518  -0.891   0.356   0.022  -1.544  -0.001  -0.510   0.802   0.694  -0.202   0.437  -1.206 
  9 A  -6.137  -7.009  -1.888   0.789  -8.389  -4.110   2.240  -5.059  -6.256  -7.365  -6.919  -6.802  -6.587   1.955  -1.091  -4.434  -5.028  10.852  -1.039  -7.466 
