#B3919

Last position-specific scoring matrix computed       
            A       R       N       D       C       Q       E       G       H       I       L       K       M       F       P       S       T       W       Y       V 
  1 A  -6.012  -6.659   0.657  -5.550  -5.639  -3.108  -1.387  -7.373   1.619  -5.496  -1.864  -6.654   3.581   5.582  -7.715  -2.100  -1.723   5.803   4.915  -5.566 
  2 A  -1.602   3.689  -4.350  -5.527  -7.758   5.192   1.660  -5.977   6.683  -5.920  -5.071  -0.776  -1.034  -5.252  -2.096  -2.086  -4.543  -4.515  -4.149  -4.748 
  3 A   1.327  -5.268  -0.241   2.652  -4.395  -0.150   1.147  -4.281  -0.729  -0.270  -0.639  -5.551   2.318   1.635  -3.970  -0.400  -1.065   3.426   2.368  -1.454 
  4 A   1.052  -0.159  -1.295  -0.065  -0.836   1.291   2.288   0.063  -0.868  -2.588  -0.448  -1.303   0.002  -0.976   1.198   0.271  -0.063   1.707   0.402  -1.979 
  5 A   0.881  -2.392   0.337  -2.032  -1.541  -2.003  -1.994   1.307   1.853   0.496  -0.277  -3.517   0.549   1.917  -0.900  -0.124   0.506   0.163   0.766  -0.279 
  6 A   0.559   0.272   0.784  -0.047  -3.556  -0.266  -2.093  -0.037   1.162  -1.060  -0.791  -1.923  -1.198   2.266   0.105   0.816   0.905   2.303  -1.569  -0.594 
  7 A   0.472  -4.090   0.038  -0.548  -1.426  -0.786  -1.384  -4.898   2.639   0.203  -0.748  -3.718   0.000   3.047   0.097  -1.057  -0.248   1.701   2.654   0.941 
  8 A   3.709  -4.584  -3.284  -4.931  -2.903  -1.234  -1.664  -3.533  -2.852  -0.338  -0.659  -4.196  -1.415  -2.785   4.362   0.543   0.803  -3.715  -2.623   0.572 
  9 A  -4.318  -7.108  -8.056  -8.360  -6.071  -6.924  -7.614  -8.309  -7.557   1.289   5.498  -7.187   2.327  -3.396  -7.687  -7.096  -5.881  -6.679  -5.892   0.619 
