#HLA-B1513

Last position-specific scoring matrix computed       
            A       R       N       D       C       Q       E       G       H       I       L       K       M       F       P       S       T       W       Y       V 
  1 A  -3.805  -1.433  -4.528  -6.929  -2.501  -3.085  -4.124  -5.155   1.986   1.103   1.379  -1.874   5.856   3.195  -7.600  -0.142  -0.889   1.092   1.958  -2.014 
  2 A   4.966  -6.460  -6.143  -6.579  -6.000  -1.072  -5.282  -5.041  -6.665  -3.284  -3.664  -5.890   3.073  -7.008   0.872   3.555   1.109  -7.643  -6.802  -0.645 
  3 A   0.006  -0.216  -0.034  -6.803  -6.074  -2.556  -6.322  -6.995   0.266   1.195  -1.134  -2.033   1.862   4.418  -7.591  -1.150  -2.974   1.545   4.752  -0.618 
  4 A   2.029  -3.111   0.389   0.390  -1.141  -0.283   0.870  -1.544  -0.289  -2.629  -2.362  -0.311   0.481  -0.032   2.246   1.775  -0.170   1.150  -0.004  -1.520 
  5 A   1.044   0.207  -0.167  -1.718  -1.634  -0.775  -1.770   0.794   0.373  -1.179  -0.583  -2.992  -0.564   0.724  -0.350   2.116   0.866  -0.664   0.455  -0.051 
  6 A   1.265  -2.881  -1.160  -1.342  -1.406  -5.140  -4.302   0.484  -1.764   0.074  -0.705  -5.039  -1.203   0.306  -0.837   2.464   3.025  -0.441  -1.162   0.906 
  7 A   0.498  -2.430   0.646  -4.597  -0.079  -0.264  -2.581  -2.282   1.315  -2.131   1.755  -2.943   0.331   1.275  -0.353   2.924   0.950  -2.362  -1.736  -1.192 
  8 A   1.504  -1.721  -2.392  -5.044  -3.630  -1.401  -1.073  -2.319   0.678  -0.985  -1.373  -2.441  -2.122  -1.260   2.909   3.224   1.992  -2.964  -2.017   1.073 
  9 A  -7.244  -7.613  -7.755  -8.437  -7.783  -7.582  -7.729  -8.235  -5.146  -4.144  -4.800  -7.787  -1.842   7.026  -8.547  -7.305  -7.074   4.742   6.383  -6.139 
