#HLA-B4429

Last position-specific scoring matrix computed       
            A       R       N       D       C       Q       E       G       H       I       L       K       M       F       P       S       T       W       Y       V 
  1 A   1.238   1.416  -1.187  -6.724  -2.507   0.145  -3.473   0.443  -2.443  -0.458  -0.283   0.739   2.086   0.259  -6.977   1.677  -0.518   2.001   2.077  -1.659 
  2 A  -6.015  -5.296  -5.467  -3.370  -8.678  -2.703   8.048  -7.324  -5.190  -8.409  -8.022  -4.407  -7.073  -8.172  -6.361  -5.260  -6.108  -7.651  -7.061  -7.611 
  3 A   0.538  -5.996  -0.530  -4.698  -4.530  -1.180  -4.302  -7.251  -2.078   2.154   0.935  -6.672   4.059   1.891  -7.419   1.182  -1.759   4.136   2.480  -0.027 
  4 A   2.212  -3.940   0.407   1.173  -1.292   1.015   2.056  -1.301  -0.759  -1.315  -1.003  -1.921  -0.990  -2.272  -1.096   2.073   0.138  -0.983  -0.988  -1.598 
  5 A   1.062  -3.160  -3.871  -0.570  -1.121  -1.015   0.349  -0.517  -0.804   0.560   1.012  -4.049   1.034   1.987  -2.567  -0.245   0.315   0.053   1.456   0.192 
  6 A   2.851  -3.430  -1.470  -2.345  -1.231  -0.210  -3.701   0.010  -4.182   0.464   0.395  -3.359  -2.235  -0.120  -0.338   1.846   1.434  -0.013  -2.337  -0.150 
  7 A  -0.206  -3.909  -2.402  -1.345  -2.291   0.742   1.056  -4.271   0.198  -0.378   1.242  -2.144   0.330   2.559   1.861  -1.284   0.023   1.327   1.663  -0.334 
  8 A   0.683  -0.094  -0.766  -2.445  -4.169   1.474   0.924  -0.441  -1.193  -2.513   0.849  -1.377  -0.545  -1.309   1.947   1.639   0.931   0.544  -0.644  -1.476 
  9 A  -5.437  -7.617  -8.108  -8.506  -7.025  -7.407  -7.871  -8.339  -6.680   3.479   1.925  -7.640   3.341   4.150  -8.369  -7.388  -6.514   7.071   2.466  -3.104 
