#B3912

Last position-specific scoring matrix computed       
            A       R       N       D       C       Q       E       G       H       I       L       K       M       F       P       S       T       W       Y       V 
  1 A  -5.265  -4.891   1.466  -4.363  -5.190  -3.499  -1.456  -6.376   2.661  -4.731  -0.883  -5.985   4.042   4.731  -7.505  -1.403  -2.560   4.831   5.204  -5.245 
  2 A  -4.604   5.336  -5.058  -5.774  -7.933   5.790  -0.379  -6.266   5.209  -6.893  -4.279   0.062  -0.911  -3.583  -6.635  -4.662  -5.477  -0.605  -3.217  -6.638 
  3 A   0.169  -2.911   0.323  -0.494  -3.599   0.733  -1.546  -4.406  -0.180   0.895   1.375  -2.331   3.342   2.244  -6.299  -1.497  -1.816   3.560   1.511  -0.588 
  4 A   0.888   0.416  -0.657  -2.051  -0.721   1.138   1.716  -1.582   0.880  -1.860  -0.421  -0.108   0.868  -0.646   0.612   0.783   0.357   0.604   1.065  -1.765 
  5 A  -0.513   1.580   0.328  -3.544  -2.130  -1.825  -2.771   0.744   2.772  -0.335  -0.300   0.235  -0.249   2.034  -3.196  -0.915  -0.721   0.533   2.425  -0.932 
  6 A  -0.731   1.667   0.584  -1.604  -5.365  -0.276  -1.344  -1.766   1.739  -0.971  -0.211  -1.091  -1.846   2.607  -0.338   0.339   0.962   2.773   0.269  -0.618 
  7 A   0.247  -2.230  -0.078  -2.253  -1.696  -0.933  -2.183  -4.498   2.227   0.417   0.232  -3.573   0.351   2.702  -0.792  -0.704  -0.231   2.939   2.976   0.706 
  8 A   3.463  -3.822  -4.242  -5.370  -3.418  -1.064  -0.976  -3.578  -1.302  -0.631  -1.189  -4.564  -1.657  -2.048   4.238   1.332   1.150  -5.259  -1.918   0.616 
  9 A  -3.419  -7.069  -8.025  -8.332  -6.035  -6.899  -7.571  -8.238  -7.539   0.769   5.593  -7.154   1.668  -3.681  -7.641  -7.033  -5.467  -6.659  -5.883   0.631 
