#HLA-B5409

Last position-specific scoring matrix computed       
            A       R       N       D       C       Q       E       G       H       I       L       K       M       F       P       S       T       W       Y       V 
  1 A  -3.628  -2.555  -0.222  -4.718  -2.799  -3.155  -1.519  -5.622  -1.789   0.820   1.500  -6.312   4.154   3.681  -7.714  -1.245  -0.653   3.130   4.110  -1.809 
  2 A  -1.420  -7.164  -7.053  -6.774  -7.595  -6.569  -6.308  -7.096  -7.171  -7.874  -7.981  -6.138  -6.501  -8.809   8.980  -5.810  -5.730  -9.677  -7.743  -7.489 
  3 A   1.602  -2.702   1.126  -1.476  -2.470  -0.035  -0.542  -2.906  -1.345   0.297  -0.629  -4.135   1.631   1.080  -3.280   0.708   0.786   2.549   1.299   1.032 
  4 A   0.754  -1.520  -0.682   0.286  -2.293   1.330   0.608   0.412   0.291  -1.504  -1.076  -1.346   0.588  -0.073   1.538   0.610   0.285   1.287  -0.161  -0.254 
  5 A   0.438  -2.469  -0.537  -1.765  -0.565  -0.715  -0.862  -0.191   0.756   0.638   0.775  -1.982   0.732   1.105  -0.299  -0.015   0.320   2.455  -0.552   0.424 
  6 A   0.765   0.475  -0.408  -0.710  -2.043   0.125  -2.416   0.871   0.453  -1.308  -0.857  -2.324  -1.102   0.624   0.074   1.413   1.757   1.158  -0.499  -0.202 
  7 A   0.916  -1.853  -0.088  -1.495  -0.837  -1.566  -0.338  -1.167   1.783  -0.042   0.680  -3.509   0.029   1.368   0.057   0.083   0.531   1.182   1.358  -0.112 
  8 A   3.349  -3.557  -1.776  -3.576  -1.765  -1.528   0.649  -2.131  -3.752  -1.201  -0.579  -3.151  -0.945  -1.258   2.810   1.438   0.843  -2.967  -2.054   0.459 
  9 A  -4.358  -7.341  -7.651  -8.303  -7.328  -5.743  -7.530  -8.187  -2.009  -1.941  -0.116  -7.431   4.740   6.053  -8.200  -6.601  -6.242  -1.277   6.035  -4.083 
