#HLA-B1821

Last position-specific scoring matrix computed       
            A       R       N       D       C       Q       E       G       H       I       L       K       M       F       P       S       T       W       Y       V 
  1 A  -0.845   0.063  -1.797  -3.583  -2.533  -1.683  -1.351  -1.997   1.090   0.394  -0.289  -2.036   3.966   2.425  -7.313   1.252  -0.323   3.671   3.147  -2.419 
  2 A  -2.196  -5.500  -5.744  -4.267  -8.261   1.367   7.081  -7.180  -5.509  -8.093  -7.788  -3.057  -2.009  -8.208   4.281  -5.071  -5.686  -5.785  -7.112  -7.429 
  3 A   0.475   1.808  -0.119  -5.404  -4.637  -0.110  -3.436  -6.142  -0.061   1.568  -0.568  -2.441   2.510   2.094  -7.307   0.210  -1.965   1.592   3.080   0.593 
  4 A   0.933  -1.815   0.549   0.683  -0.470   1.742   1.666  -0.726   1.411  -3.146  -1.568  -0.748   0.569  -0.372   0.085   1.620  -0.957   0.556   0.578  -1.792 
  5 A   1.411  -1.019   0.926  -0.038  -2.273  -1.923  -1.067   1.469   1.734  -1.783  -0.118  -2.266  -0.135   0.049  -0.758   1.164   0.503  -1.238   0.234  -1.606 
  6 A   0.965   0.785  -0.683  -1.115  -2.503  -0.420  -3.478   1.419   1.055  -1.877  -0.103  -2.534  -0.946   0.959  -1.813   1.410   1.503   1.541  -1.108  -0.597 
  7 A   0.040  -1.460   0.065  -3.122  -1.442   0.637  -1.674  -0.654   0.916   0.111   0.722  -2.888  -0.398  -0.600   0.078   2.526   2.213  -1.584  -0.719  -1.173 
  8 A   3.742  -4.855  -3.637  -5.409  -6.404  -2.988  -0.647  -3.866  -4.689  -2.115  -2.887  -3.575  -2.192  -4.424   4.885   1.975   0.162  -7.902  -4.609   1.486 
  9 A  -5.424  -7.347  -7.753  -8.352  -7.159  -7.068  -7.607  -8.236  -4.103  -2.285   0.864  -7.445   5.710   5.984  -8.212  -7.090  -5.773  -3.786   5.128  -2.677 
