#HLA-B2712

Last position-specific scoring matrix computed       
            A       R       N       D       C       Q       E       G       H       I       L       K       M       F       P       S       T       W       Y       V 
  1 A  -0.552   5.391  -2.634  -6.764  -3.225  -2.986  -5.383  -1.174   0.693  -4.235  -3.014   1.659   1.850  -0.557  -7.073   0.781  -4.264   3.294   2.915  -5.792 
  2 A  -6.584   8.015  -5.573  -6.681  -8.503   1.584  -5.099  -7.462  -5.441  -8.224  -7.337  -2.868  -5.679  -8.057  -7.145  -5.832  -6.230  -7.493  -6.893  -7.609 
  3 A  -2.285  -2.019  -1.633  -6.596  -5.358  -0.529  -5.745  -7.301  -0.502   1.068   1.186  -3.750   2.878   4.441  -7.954  -2.344  -3.855   5.983   3.597  -2.041 
  4 A   1.552   1.091   0.569  -1.868  -1.849   0.777  -0.977   0.771  -0.076  -1.421  -0.312  -0.980   0.427  -2.310   0.078   1.076   0.248   1.416   0.683  -2.192 
  5 A  -0.302   1.366  -0.593  -2.698  -4.187  -0.587  -1.633   0.019   1.197   0.438   1.170  -0.793   0.580   1.155  -3.115  -0.497   0.480   0.745   0.979  -0.649 
  6 A   1.162   2.094   0.097  -3.813  -3.059  -0.154  -2.230  -0.749  -0.429  -0.965   0.906  -1.301  -1.497   0.842   0.259   1.207   0.741   1.977  -2.418  -1.607 
  7 A   0.267  -1.411  -1.046  -1.855  -0.559  -0.438  -1.114  -1.396   0.188  -0.489   1.316  -2.623  -0.147   0.417  -0.445   1.073   1.096   1.041   1.576   0.530 
  8 A   2.515  -1.160  -1.560  -4.597  -3.643  -0.329  -0.948  -1.211  -2.808  -1.980   0.428  -2.150  -1.218  -2.350   3.277   1.706   1.372  -2.437  -0.778  -0.285 
  9 A  -1.536  -3.119  -7.916  -8.319  -6.579  -5.650  -7.537  -7.188  -3.261   1.757   4.526  -2.551   3.357   2.181  -7.866  -6.559  -4.896  -3.287   0.095  -1.220 
