#HLA-B4501

Last position-specific scoring matrix computed       
            A       R       N       D       C       Q       E       G       H       I       L       K       M       F       P       S       T       W       Y       V 
  1 A   2.505   2.537  -1.108  -6.782  -0.965  -0.555  -5.118   0.547  -0.542  -0.772  -0.013  -0.414   2.728  -1.560  -6.909   1.011  -0.959   1.287  -0.946  -1.768 
  2 A  -6.013  -5.298  -5.471  -3.687  -8.680  -3.320   8.062  -7.328  -5.190  -8.410  -8.023  -4.407  -7.077  -8.170  -6.360  -5.260  -6.109  -7.650  -7.061  -7.611 
  3 A   1.073  -2.821   0.248  -6.564  -3.676  -0.544  -3.494  -6.093  -0.099   1.833   1.386  -1.250   4.246   1.272  -7.302   0.477  -3.432   2.387   1.738  -1.022 
  4 A   2.079  -1.439   0.236   0.545  -0.317   1.242   0.763  -0.716  -0.411  -1.815  -0.391  -2.397  -0.232  -1.601  -0.654   1.317   0.520  -1.605  -0.658  -0.387 
  5 A   1.322  -1.220  -4.417  -1.918  -2.250  -2.697  -1.165   0.019   0.179   0.273   1.432  -2.924   0.432   2.803  -2.275  -1.558   0.021   0.074   1.754  -0.454 
  6 A   1.555   0.110  -0.134  -2.915  -1.111   0.037  -2.364  -0.605  -0.553  -0.405  -0.006  -3.147  -0.640   1.983  -2.223   1.871   0.639   0.215  -0.957   0.310 
  7 A  -0.277  -4.428  -1.189  -3.761  -0.095   0.217  -0.266  -3.597   0.612   0.582   1.900  -4.923   0.922   2.385  -0.028  -0.531   0.078   1.800   1.529  -0.133 
  8 A   2.869  -3.861  -1.783  -3.410  -3.312   0.064   0.907  -2.569  -1.235  -1.981   0.246  -1.903  -1.717  -0.853   3.585   0.833  -0.227  -0.713  -1.442  -0.004 
  9 A   6.102  -6.902  -7.043  -7.206  -5.753  -6.282  -6.398  -5.431  -7.111   0.750  -3.305  -6.283  -0.301  -6.758  -6.366  -3.839  -1.642  -7.606  -6.025   1.892 
