#HLA-B3525

Last position-specific scoring matrix computed       
            A       R       N       D       C       Q       E       G       H       I       L       K       M       F       P       S       T       W       Y       V 
  1 A  -4.604  -3.838   0.541  -3.287  -2.540  -2.679  -0.140  -5.842  -0.153   0.578   0.986  -6.196   4.907   3.349  -7.608  -2.425   0.736   2.677   3.693  -2.317 
  2 A   2.054  -7.074  -6.989  -6.784  -7.232  -5.344  -6.256  -6.073  -6.130  -7.590  -7.702  -6.106  -4.011  -7.634   8.530  -4.320  -5.278  -9.269  -7.577  -6.375 
  3 A   1.732  -4.149   0.800  -1.256  -2.473  -0.193  -0.383  -3.445  -0.637   0.390  -0.185  -4.790   1.403   1.579  -4.600   0.834   0.159   2.203   2.138   0.569 
  4 A   1.099  -1.520  -0.903   0.497  -1.315   0.356   0.995   0.291  -0.191  -2.309  -0.983  -0.961   0.581  -0.364   1.500   0.785   0.195   2.268   0.154  -0.798 
  5 A   0.773  -3.387  -0.372  -0.012  -0.100  -0.427  -0.212   0.309   1.054  -0.461   0.297  -1.877  -0.092   1.092  -0.775   0.334   0.409   1.773  -0.289   0.039 
  6 A   1.093  -0.558  -0.317   0.328  -2.039  -0.004  -0.968   0.747   0.620  -2.150  -1.689  -2.517  -2.188  -0.514   0.396   1.636   2.509   0.862  -0.731  -0.410 
  7 A   0.709  -1.854   0.284  -1.662  -0.563  -0.800  -0.341  -2.040   0.987   0.456   1.434  -3.815   0.423   0.887   0.056  -0.187   0.841   0.222   0.735  -0.418 
  8 A   3.765  -3.577  -2.632  -3.605  -1.559  -2.088   0.289  -2.424  -4.198  -0.506  -1.318  -3.291  -1.737  -2.416   2.985   1.024   1.254  -3.007  -4.146   0.775 
  9 A  -6.287  -7.338  -7.653  -8.336  -7.428  -7.073  -7.545  -8.231  -3.132  -4.472  -0.747  -7.449   4.885   6.150  -8.247  -7.105  -6.303  -0.411   6.422  -5.234 
