#HLA-B5510

Last position-specific scoring matrix computed       
            A       R       N       D       C       Q       E       G       H       I       L       K       M       F       P       S       T       W       Y       V 
  1 A  -4.873  -3.417  -0.502  -7.098  -2.062  -6.080  -5.264  -6.986   0.212  -0.109   2.353  -6.190   4.515   4.557  -7.923  -2.652  -1.618   1.968   3.515  -1.997 
  2 A  -5.443  -7.189  -7.066  -6.769  -7.720  -6.598  -6.321  -7.224  -7.189  -7.960  -8.067  -6.147  -7.722  -8.894   9.100  -5.916  -6.154  -9.805  -7.787  -7.632 
  3 A   1.590  -2.998   0.077   0.193  -4.129  -1.016  -1.976  -4.278  -0.498   0.207  -0.378  -4.612   2.412   1.901  -3.769   0.550   0.145   3.429   3.133  -0.436 
  4 A   0.950  -0.350  -1.383  -0.605  -1.642  -0.253  -0.021  -0.258  -0.808  -0.196   0.927  -2.571   1.339  -0.720   1.325   0.582  -1.268   2.077  -0.427   0.054 
  5 A  -0.418   0.003  -1.954  -3.626  -3.368  -1.359  -1.952  -1.323   0.071   1.868   0.484  -1.033   0.597   2.063   0.694  -0.641  -0.864   1.042   0.442   1.248 
  6 A   1.431   0.787  -0.499  -2.013  -2.253   0.189  -2.233   0.192  -0.006  -0.756  -0.512  -2.325  -2.534   1.396   0.136   1.214   1.101   0.724  -0.771   0.129 
  7 A   0.811  -2.632  -0.226  -0.947  -0.828  -2.168  -1.428  -2.978   1.325   0.628   0.438  -4.659   0.885   1.886  -0.378   0.020  -0.102   0.257   2.327   0.992 
  8 A   3.215  -2.468  -2.252  -4.835  -4.012  -1.080   0.288  -3.225  -3.423  -0.040  -0.693  -4.042   0.176  -1.523   3.899   1.064   0.686  -2.020  -2.224  -0.214 
  9 A   4.105  -7.264  -7.506  -7.711  -4.670  -6.084  -6.532  -6.410  -7.543   2.995   0.410  -6.823   0.410  -2.589  -7.005  -3.823  -2.069  -7.404  -5.763   3.538 
