#HLA-B4050

Last position-specific scoring matrix computed       
            A       R       N       D       C       Q       E       G       H       I       L       K       M       F       P       S       T       W       Y       V 
  1 A   0.243   5.552  -3.808  -6.737  -3.942  -3.424  -5.367  -0.334   0.438  -4.648  -3.924   1.467   0.382   0.001  -7.020   1.104  -4.701   3.287   2.003  -5.178 
  2 A  -6.200   1.046  -5.058   3.596  -8.530   5.136   6.094  -7.051  -5.285  -8.235  -7.886  -4.013  -4.686  -8.279  -5.966  -5.329  -6.064  -7.778  -7.078  -7.641 
  3 A  -2.339  -1.156  -3.352  -5.834  -6.025  -0.879  -6.084  -7.823  -1.513   0.887   1.745  -2.892   4.860   3.230  -7.002  -2.647  -3.019   6.245   2.783  -1.668 
  4 A   1.621  -0.421   0.876   0.161   0.104   0.723   0.606  -0.191   0.115  -1.845   0.357  -1.132   0.909  -0.757  -0.669   0.324  -0.145   0.194  -0.262  -2.485 
  5 A   0.371   0.464  -1.327  -3.143  -3.364  -3.236  -2.330  -0.165   1.121   0.825   1.416  -0.838   1.111   1.096  -2.420  -0.359  -0.380   0.044   1.350   0.257 
  6 A   0.966   1.646  -1.056  -3.940  -2.258  -1.108  -4.115  -0.771   0.439  -0.075   1.150  -1.817  -1.784   2.540  -1.847   0.815   0.046   1.889  -1.638  -0.447 
  7 A  -0.262  -2.051  -1.157  -3.119  -0.207  -0.132  -1.425  -3.442   0.782   0.612   0.621  -3.131   0.237   1.592   0.855  -0.066   1.432   2.012   2.629   0.278 
  8 A   2.957  -3.691  -1.945  -4.484  -4.037  -0.240  -0.290  -2.109  -3.379  -2.793  -1.671  -3.095  -2.938  -2.453   4.665   2.655   1.066  -3.656  -1.788  -1.062 
  9 A  -2.153  -7.486  -8.272  -8.538  -6.347  -7.259  -7.882  -8.448  -7.882   3.060   4.971  -7.464   1.682  -3.072  -7.898  -6.726  -4.554  -7.052  -6.211   0.945 
