#B3814

Last position-specific scoring matrix computed       
            A       R       N       D       C       Q       E       G       H       I       L       K       M       F       P       S       T       W       Y       V 
  1 A  -5.913  -3.309  -1.773  -7.411  -2.647  -4.045  -3.182  -7.084   1.580  -5.239  -1.694  -6.310   3.663   5.493  -7.824  -1.830  -2.167   5.769   5.529  -5.565 
  2 A  -2.559   5.054  -5.025  -4.766  -7.915   3.491   1.326  -6.090   6.755  -7.137  -6.809  -1.684  -1.126  -5.475  -1.378  -0.840  -4.758  -2.653  -3.005  -6.859 
  3 A   0.346  -5.308   0.534   2.847  -4.505   0.123   0.259  -4.190  -0.119  -1.026  -0.957  -5.743   3.347   1.462  -4.383   0.261  -1.499   4.366   2.818  -1.918 
  4 A   1.112  -0.411  -1.231  -1.225  -1.589   0.815   1.890  -1.824  -0.533  -1.658   0.005  -0.978  -1.312  -0.545   1.771   1.066   0.834   1.881  -0.370  -1.225 
  5 A  -0.237  -1.379   0.214  -1.115  -0.673  -1.343  -1.320   0.284   1.070   1.099  -0.200  -3.012   1.262   2.061  -2.405  -0.309   0.179   1.455   1.094   0.338 
  6 A   1.238   0.313   0.390  -0.617  -2.952  -0.843  -2.905  -1.006   0.916  -0.297  -0.749  -2.190  -3.332   2.203   0.266   0.992   1.287   2.437  -1.097  -0.439 
  7 A  -0.188  -4.132  -0.245   0.087  -1.509  -0.157  -0.746  -6.195   2.280  -0.676  -0.173  -3.999  -0.290   2.685   0.065  -0.257  -1.549   3.610   3.456   0.604 
  8 A   1.909  -2.682  -2.190  -5.597  -3.189   0.478  -0.628  -3.065  -2.217   0.327   1.215  -2.235  -0.602  -1.971   2.656   0.887   1.868  -2.676  -1.268   0.315 
  9 A  -6.260  -7.459  -8.175  -8.367  -6.165  -7.261  -7.876  -8.519  -7.788   4.795   4.617  -7.387  -1.162  -2.807  -7.784  -7.293  -5.881  -5.109  -5.968  -0.594 
