#HLA-B3516

Last position-specific scoring matrix computed       
            A       R       N       D       C       Q       E       G       H       I       L       K       M       F       P       S       T       W       Y       V 
  1 A  -1.936  -0.061  -3.142  -7.709  -2.757  -4.135  -6.080  -5.171  -1.862   1.064   1.569  -1.950   5.922   2.923  -7.668  -1.533  -2.131   2.234   2.929  -1.553 
  2 A   3.967  -6.898  -6.796  -6.876  -6.520  -5.216  -6.279  -4.487  -7.025  -3.288  -3.646  -6.143   1.785  -6.829   6.696  -0.274  -0.679  -8.296  -7.128  -0.516 
  3 A   1.149  -0.139   2.001  -3.044  -3.037  -1.206  -2.507  -4.123  -0.382   0.358   0.071  -3.924   3.232   1.394  -4.642   0.854  -0.963   1.576   2.459  -0.019 
  4 A   1.727  -1.345  -0.405   0.016  -1.655   0.664   0.120  -0.768   0.476  -1.954  -1.589  -0.775   0.493  -1.382   1.880   1.572  -0.076   2.080   1.103  -1.230 
  5 A   1.304  -1.817  -0.554  -1.028  -0.835  -0.587  -0.695   0.092   2.358  -1.117  -0.060  -2.286  -0.107   1.196  -0.592   1.584   0.338   0.016  -0.279  -0.455 
  6 A   0.660  -1.484  -0.793  -0.693  -3.339  -1.308  -2.538   1.638   0.269  -1.844  -1.215  -3.422  -3.157   0.564  -0.117   2.629   2.807  -0.443  -1.402  -0.603 
  7 A   0.365  -2.761   0.040  -4.144  -0.959  -1.895  -1.709  -3.221   0.594   0.509   2.661  -4.691   0.307   0.986   0.852  -0.360   0.688  -1.206   0.412  -0.222 
  8 A   3.938  -3.408  -4.043  -4.579  -3.210  -1.795   0.123  -4.289  -4.188  -1.628  -1.264  -4.030  -2.588  -2.990   3.686   1.935   0.630  -3.665  -3.850   0.787 
  9 A  -7.069  -7.414  -7.638  -8.353  -7.631  -7.206  -7.574  -8.245  -4.905  -5.320  -4.375  -7.535   3.620   6.554  -8.314  -7.147  -6.907  -1.104   6.953  -5.954 
