#HLA-B4807

Last position-specific scoring matrix computed       
            A       R       N       D       C       Q       E       G       H       I       L       K       M       F       P       S       T       W       Y       V 
  1 A   0.392   4.303  -4.563   0.340  -4.891  -1.765  -2.103  -0.541  -0.880  -2.965  -3.471   1.137   0.621  -0.879   3.377  -0.739  -3.209   2.923   0.067  -3.250 
  2 A  -4.177  -4.565  -1.317  -4.268   0.153   7.905   2.003  -2.951  -5.295  -2.718  -4.190  -2.704   1.046  -6.378  -6.110  -4.183  -0.097  -7.394  -3.261  -1.248 
  3 A   0.107  -3.439  -2.139  -0.135  -4.186  -0.115   0.480  -0.990  -0.406  -0.336   0.794  -4.028   3.391   2.161  -0.711  -0.847  -0.817   2.727   2.226  -0.695 
  4 A   1.027  -1.677  -0.525   1.061  -1.498   0.374   1.903   0.818  -0.185  -1.151  -1.038  -0.661  -0.864  -1.006   1.071   0.434  -0.536   0.188  -0.027  -1.343 
  5 A   0.367  -1.093  -0.922  -0.094  -0.579  -0.403   0.834   1.516  -0.106  -0.433   0.115  -1.830  -0.433  -0.287  -0.859   0.486  -0.257  -0.434  -0.011   0.284 
  6 A   0.475   0.086  -0.905   0.602  -2.537   0.345   0.149   0.615   0.367  -0.218  -0.120  -0.958  -0.220   0.486  -0.136   0.736  -0.049   1.533  -1.793  -0.843 
  7 A  -0.605  -0.928  -0.638  -0.191  -2.071   0.411   1.078  -0.827   0.101  -0.499   0.181  -0.797   0.198   0.972   1.283  -0.137   0.532  -0.935   0.102   0.440 
  8 A   2.439  -1.301  -1.811   0.646  -3.343  -0.478   0.114  -1.100  -3.372  -1.221  -1.135  -1.414  -1.440  -1.556   3.363   1.320   0.642  -2.028  -2.246  -0.467 
  9 A  -5.962   2.445  -4.420  -0.721  -6.771  -4.431  -1.281  -8.271  -7.142   0.010   5.158  -4.740   0.412  -3.558  -7.753  -6.971  -6.262  -7.092  -6.347  -2.122 
