#HLA-B4410

Last position-specific scoring matrix computed       
            A       R       N       D       C       Q       E       G       H       I       L       K       M       F       P       S       T       W       Y       V 
  1 A   0.685   1.500  -1.787  -6.975  -1.853  -1.175  -5.524  -0.342  -1.158  -0.616   0.207   0.981   2.537   1.942  -4.628   0.911  -0.730   2.396   2.662  -2.406 
  2 A  -6.017  -5.299  -4.522  -3.695  -8.676  -2.900   8.042  -7.321  -5.182  -8.404  -8.018  -4.411  -7.072  -8.131  -6.364  -5.260  -6.107  -7.627  -5.637  -7.609 
  3 A   0.477  -6.871   0.400  -1.650  -3.675  -1.168  -3.525  -5.594  -2.765   2.234   1.127  -6.616   4.267   1.175  -5.524   0.851  -1.949   3.878   2.029  -0.726 
  4 A   2.207  -3.293  -0.159   0.054  -0.698   0.796   2.429  -1.006  -0.909  -1.640  -0.374  -2.492  -1.757  -1.624   0.573   0.844   0.788  -0.463  -1.596  -0.810 
  5 A   0.430  -4.481  -2.804   0.097  -0.319  -1.370   0.170   0.442  -1.912   0.710   1.306  -4.938   1.039   2.396  -4.676  -0.722   0.077  -1.486   1.260  -0.073 
  6 A   1.963  -2.365  -0.800  -1.498  -0.417  -0.202  -1.884  -0.193  -1.253   0.784   0.286  -3.640  -1.175   0.405   0.139   1.590   0.938   1.010  -2.118  -0.231 
  7 A  -1.118  -4.899  -2.570  -1.011  -3.433   0.019   0.876  -6.658   0.470  -0.705   1.083  -3.593   0.506   3.473   1.853  -2.024  -0.645   1.926   2.599   0.373 
  8 A   0.673  -1.620  -1.557  -1.973  -3.371   1.131   0.975  -0.765  -1.712  -1.076   1.454  -1.810  -0.744   0.058   1.873   0.771   1.027  -0.956  -0.934  -0.810 
  9 A  -5.210  -7.106  -8.303  -8.481  -6.500  -6.638  -6.365  -8.612  -7.850   5.150   3.366  -7.602   1.150   0.461  -8.057  -7.420  -6.098   3.143  -5.676   0.438 
