#HLA-B1595

Last position-specific scoring matrix computed       
            A       R       N       D       C       Q       E       G       H       I       L       K       M       F       P       S       T       W       Y       V 
  1 A  -1.960   3.684  -6.331  -6.983  -2.333  -4.023  -5.756  -4.464  -2.751   1.273   0.302   4.385   2.893  -0.477  -7.034  -2.900  -3.347  -2.892  -1.688  -0.474 
  2 A   1.186  -6.153  -5.101  -5.911  -6.100  -5.542  -5.664  -5.874  -6.495  -6.169  -6.880  -5.647  -5.421  -7.309  -6.060   5.810   5.525  -7.649  -6.879  -3.083 
  3 A   1.542  -2.770   1.250  -6.530  -5.933  -2.918  -6.648  -5.462  -0.204   0.584  -1.077  -6.130   1.952   3.273  -6.575   0.964  -2.070   1.872   5.084  -1.146 
  4 A   2.511  -1.201  -0.272   0.165  -3.371  -1.862   0.416  -1.029   0.007  -2.394  -2.899  -0.662  -0.639  -0.342   2.783   2.070  -0.378   1.754  -1.170  -1.582 
  5 A   0.557  -2.237  -0.860  -2.219  -0.964   0.304  -2.366   0.560  -0.685  -0.757  -0.344  -2.837  -0.421   0.727   0.198   1.826   1.599   1.981  -0.398   0.981 
  6 A   1.070  -2.364  -0.431  -1.266  -2.703  -1.462  -4.049  -0.604  -0.458  -0.075   0.238  -3.970   0.115   0.265   0.613   2.261   2.190   1.152  -1.516   0.414 
  7 A  -0.958  -2.459  -0.817  -3.716  -3.344  -0.125  -2.298  -3.793   1.717  -0.614   2.565  -3.524   0.543   1.011   1.190   1.586   1.725   0.733  -0.270  -1.881 
  8 A  -1.126   0.352  -1.015  -4.632  -4.635   0.579  -1.371  -1.891   0.627  -1.138   1.394  -2.330  -1.804   1.221   1.285   2.341   1.421   0.034   1.087  -1.207 
  9 A  -7.129  -7.679  -8.049  -8.536  -7.473  -7.574  -7.851  -8.222  -6.235   2.417  -0.591  -7.787   1.491   5.367  -8.674  -7.469  -6.830   8.518   3.586  -4.981 
