#HLA-B3522

Last position-specific scoring matrix computed       
            A       R       N       D       C       Q       E       G       H       I       L       K       M       F       P       S       T       W       Y       V 
  1 A  -5.752  -6.573  -0.944  -7.703  -3.780  -3.996  -2.858  -7.981  -1.307   0.035   1.926  -7.078   5.396   4.538  -7.959  -3.548  -1.540   3.272   3.807  -2.854 
  2 A  -1.420  -7.166  -7.055  -6.774  -7.599  -6.571  -6.307  -7.096  -7.172  -7.885  -7.995  -6.138  -7.644  -8.819   8.986  -5.812  -6.112  -9.687  -7.747  -7.498 
  3 A   1.555  -3.245   0.593   0.302  -2.759   0.382  -0.751  -3.564   0.486  -0.670  -0.521  -4.966   2.184   1.517  -2.713   0.418   0.459   1.802   2.625   0.050 
  4 A   1.085  -0.627  -1.451   0.182  -1.669   0.138   0.845  -0.901  -0.094  -1.308   0.083  -2.154   0.176   0.511   2.171   0.048  -0.607   3.004   0.467  -0.951 
  5 A   0.822  -0.894  -0.730  -0.918  -1.128  -0.340  -0.375  -1.115   1.318   0.831  -0.038  -2.202   0.307   0.619  -1.055   0.286   0.194   1.301   0.542   0.859 
  6 A   1.218  -0.155   0.036   0.572  -3.389   0.475  -1.084  -0.111   1.200  -2.003  -1.769  -1.401  -1.786   0.780   0.148   1.235   2.156   0.714  -1.123  -0.657 
  7 A   1.219  -2.161   0.478  -1.517  -1.622  -2.837  -1.575  -4.655   2.266   0.189   0.990  -4.031   0.892   1.233   0.309   0.033   0.101  -0.640   1.044   1.038 
  8 A   3.613  -4.137  -2.366  -4.131  -2.169  -1.185   0.496  -3.293  -4.634  -0.189  -1.703  -4.229  -0.344  -2.297   3.627   1.021   1.316  -4.480  -3.834   0.384 
  9 A  -0.382  -7.369  -8.037  -8.376  -5.571  -7.082  -7.666  -8.086  -7.465   1.295   4.218  -7.340   4.226   2.317  -7.825  -6.428  -3.557  -5.077  -3.578   1.487 
