#HLA-B1306

Last position-specific scoring matrix computed       
            A       R       N       D       C       Q       E       G       H       I       L       K       M       F       P       S       T       W       Y       V 
  1 A  -1.259   0.461  -1.538  -5.862  -1.675  -1.360  -5.165  -1.381  -0.382  -0.753   0.580  -1.097   3.299   3.500  -2.799   0.193  -0.638   3.678   3.215  -2.154 
  2 A  -4.898  -5.183  -4.225  -1.243  -5.999   3.583   7.507  -6.458  -5.186  -8.185  -7.476  -4.208  -4.238  -8.139  -6.417  -4.765  -5.345  -5.646  -6.202  -6.081 
  3 A  -0.300  -6.453  -0.976  -1.963  -5.919  -1.421  -3.922  -5.477  -2.974   1.325   1.095  -5.670   4.462   3.095  -4.812   0.003  -2.669   4.674   3.187  -1.209 
  4 A   1.903  -2.995  -0.457   1.110  -1.153   0.913   2.794  -0.461  -0.895  -1.831  -0.668  -2.475  -1.980  -0.337   0.732   0.835  -0.350  -0.457  -1.440  -1.940 
  5 A   0.220  -2.636  -1.063  -1.009  -0.445  -1.482  -0.470   0.843  -0.319   0.296   0.684  -3.903   1.529   2.274  -2.939  -0.663  -0.069   0.601   1.557   0.203 
  6 A   1.832  -2.253   0.300  -1.415  -0.818  -0.718  -2.076  -0.084  -0.021  -0.020   0.350  -3.229  -1.181   1.662  -1.044   1.006   1.066   1.542  -1.724  -0.370 
  7 A  -0.771  -4.389  -1.618  -1.214  -1.487  -0.281   0.512  -4.454   1.334  -0.282   0.496  -3.430   0.880   2.830   1.354  -1.042  -0.286   2.121   2.683   0.632 
  8 A   1.288  -2.316  -1.458  -2.282  -4.095   0.455  -0.011  -1.474  -2.808  -0.787   0.550  -2.261  -0.913  -0.367   3.186   1.413   1.763  -1.609  -1.310  -0.312 
  9 A  -5.174  -7.079  -8.219  -5.398  -6.458  -6.572  -4.515  -8.613  -7.885   5.171   3.461  -7.535   1.090  -0.474  -7.984  -7.367  -6.047   0.871  -5.936   0.829 
