#HLA-B1555

Last position-specific scoring matrix computed       
            A       R       N       D       C       Q       E       G       H       I       L       K       M       F       P       S       T       W       Y       V 
  1 A  -3.593  -2.284  -2.928  -6.909  -5.246  -2.516  -3.152  -6.143   0.722  -0.227   0.964  -3.516   6.125   3.501  -7.665  -0.328  -0.409   3.739   3.302  -3.193 
  2 A   4.347  -6.600  -6.695  -7.061  -6.098   0.947  -6.219  -4.475  -6.870  -0.604   0.098  -6.147   4.431  -5.950  -0.247   0.990   0.425  -7.448  -6.615   1.215 
  3 A   0.846   0.737   0.038  -6.191  -4.147  -1.240  -4.873  -6.798  -0.065   1.061   0.228  -1.795   2.938   3.242  -6.014   0.120  -3.322   1.098   3.071  -0.170 
  4 A   1.469  -2.837  -0.024   1.340   0.291   0.169   1.202  -0.221   0.033  -3.274  -1.531  -0.360   0.562  -0.688   1.119   1.307  -0.832   1.769   1.155  -2.505 
  5 A   1.668  -0.889  -0.767  -0.969  -1.131  -1.305  -1.292   0.131   2.087  -1.313  -0.071  -2.283  -2.540   2.066  -0.943   1.757   0.203  -0.642   0.369  -1.348 
  6 A   0.606  -1.596  -0.396  -1.546  -2.463  -3.477  -3.237   1.676  -0.568  -0.923  -1.460  -4.947  -1.756   1.485  -0.930   2.745   2.733  -0.948  -1.779  -0.115 
  7 A   0.849  -2.249   0.711  -4.229  -0.553  -0.910  -1.579  -1.815   1.121   0.460   1.343  -3.380   0.425   1.463  -0.445   1.016   0.890  -2.322   0.205  -0.297 
  8 A   4.304  -4.856  -4.294  -5.084  -5.539  -3.412  -0.259  -4.072  -3.812  -2.813  -2.869  -4.615  -3.231  -3.227   4.798   1.618   0.667  -7.866  -5.003   0.254 
  9 A  -7.146  -7.556  -7.721  -8.393  -7.623  -7.469  -7.709  -8.250  -5.207  -5.494  -3.797  -7.715   2.892   7.146  -8.443  -7.227  -6.964  -2.718   6.191  -5.948 
