#HLA-B2708

Last position-specific scoring matrix computed       
            A       R       N       D       C       Q       E       G       H       I       L       K       M       F       P       S       T       W       Y       V 
  1 A  -0.686   5.905  -3.061  -6.733  -5.631  -2.894  -5.574  -1.517   0.454  -4.468  -3.360   1.966   1.573  -1.932  -7.037   0.238  -4.749   2.553   2.566  -6.152 
  2 A  -6.599   8.081  -5.580  -6.710  -8.514   0.586  -5.152  -7.477  -5.455  -8.242  -7.347  -2.970  -6.510  -8.053  -7.158  -5.846  -6.241  -7.495  -6.905  -7.623 
  3 A  -2.523  -2.580  -1.453  -7.169  -5.336  -0.918  -7.124  -7.830  -0.766   1.251   1.438  -4.517   2.955   4.521  -8.008  -2.457  -3.855   6.057   3.208  -1.751 
  4 A   1.908   1.376   0.277  -2.063  -2.045   0.419  -1.116   0.882  -0.406  -1.736  -0.069  -1.163   0.068  -2.328  -0.194   1.112   0.549   1.013   0.202  -2.415 
  5 A  -0.185   0.936  -0.740  -2.372  -3.382  -0.426  -2.608  -0.125   0.618   0.518   1.243  -0.752   0.587   0.931  -3.318  -0.202   0.568   0.232   1.190   0.046 
  6 A   1.401   2.211   0.151  -3.171  -3.736   0.210  -2.120  -0.840  -0.797  -1.171   0.979  -1.575  -1.334   0.534   0.553   0.970   0.545   1.648  -3.566  -1.271 
  7 A   0.414  -0.904  -1.492  -2.268  -0.967  -0.280  -2.191  -1.640   0.094  -0.159   1.448  -2.847   0.157   0.427  -0.220   0.948   1.225   1.183   1.841   0.209 
  8 A   2.262  -1.153  -1.192  -4.825  -2.453   0.197  -0.757  -0.631  -2.800  -2.373   0.817  -1.970  -1.206  -2.107   2.882   1.726   1.245  -2.431  -0.881  -0.652 
  9 A  -0.900  -1.450  -7.558  -8.041  -6.665  -5.436  -7.181  -5.734  -0.999   1.322   3.961  -0.345   3.111   2.067  -6.859  -4.841  -4.158  -1.815   1.120  -0.233 
