#HLA-B5137

Last position-specific scoring matrix computed       
            A       R       N       D       C       Q       E       G       H       I       L       K       M       F       P       S       T       W       Y       V 
  1 A  -4.784  -6.677  -2.344  -7.890  -0.681  -5.121  -3.956  -8.082  -1.760   2.079   2.935  -7.161   4.784   3.209  -7.854  -3.009  -0.652   1.228   2.067  -0.656 
  2 A  -3.536  -7.174  -7.044  -6.762  -7.672  -6.581  -6.310  -7.172  -7.177  -7.935  -8.042  -6.140  -7.690  -8.862   9.051  -4.561  -6.123  -9.754  -7.769  -7.585 
  3 A   0.103  -3.468   1.252  -3.720  -3.063  -0.832  -1.159  -3.808  -0.847   0.562   0.296  -5.732   2.112   2.510  -5.513  -0.039  -0.378   2.901   3.933   0.341 
  4 A   0.907  -1.879  -0.415   0.423  -2.520  -0.542   1.560  -1.722  -0.414  -0.370  -0.674  -1.153   0.077   0.048   1.249   1.429  -0.029   1.287  -0.158  -0.115 
  5 A   0.030  -0.778  -2.134  -1.011  -1.456  -0.362  -0.857  -1.471  -1.568   1.300   0.398  -2.137   1.292   1.680  -0.084   0.459   0.495   2.625  -0.738   0.530 
  6 A   1.783  -2.045  -2.199  -0.683  -1.798  -1.229  -2.949  -0.834  -0.227  -0.529   0.186  -2.631  -1.039   1.169   0.325   1.462   1.679   1.425   0.116   0.315 
  7 A  -0.577  -3.147   0.008  -1.518  -0.439  -0.920  -0.747  -3.008   1.374   0.088   1.835  -4.641   0.837   1.508   0.644   0.259   0.406   0.580   0.565   0.372 
  8 A   1.035  -1.470  -0.594  -4.874  -2.227   0.385  -0.837  -2.080  -0.817   0.714   0.521  -1.919   0.486   0.112   1.838   1.481   1.395  -1.258  -1.399   0.120 
  9 A  -6.090  -7.664  -7.980  -8.405  -6.970  -7.381  -7.843  -8.437  -6.142   4.378  -0.257  -7.586   2.751   4.340  -8.171  -7.288  -6.378   3.647   4.815  -0.731 
