#HLA-B0712

Last position-specific scoring matrix computed       
            A       R       N       D       C       Q       E       G       H       I       L       K       M       F       P       S       T       W       Y       V 
  1 A   0.215   3.104  -1.686  -7.047  -4.173  -3.114  -5.906  -2.281   0.027   0.432   0.604  -0.524   2.706   0.835  -7.196   1.027  -0.424   2.206   2.387  -1.206 
  2 A  -4.661  -7.188  -7.068  -6.773  -7.700  -6.597  -6.323  -7.214  -7.190  -7.395  -8.034  -6.149  -7.695  -8.869   9.080  -5.907  -6.148  -9.783  -7.778  -6.774 
  3 A   2.722   2.615   0.103  -4.590  -5.129   0.551  -1.407  -2.401   0.938  -0.765  -1.980  -3.165   0.835  -0.289  -2.836   0.804   0.476  -0.666   0.518   0.294 
  4 A   1.103  -0.630  -0.276  -0.454  -2.285   1.471  -1.073  -0.512   0.930  -2.318  -1.054   0.228   1.031  -1.004   2.049   1.193   0.746   1.530  -0.623  -1.129 
  5 A   1.263  -0.121   0.522  -0.891  -1.296  -0.965  -2.427   1.174   1.257  -0.997  -0.442  -1.576   0.970  -1.492   1.334   0.951   0.779  -0.449  -0.451  -1.043 
  6 A   0.923   2.698  -1.109  -1.620  -3.785  -0.203  -2.600   2.248   0.004  -2.864  -1.180  -0.541  -1.817  -1.379  -0.266   1.058   1.856  -0.230  -2.047  -2.345 
  7 A   0.646   0.755   0.753  -2.843  -2.473  -1.641  -2.233   0.422   0.363  -0.950   0.937  -2.404  -0.412  -2.456  -0.268   2.529   1.664  -5.468  -1.601  -0.821 
  8 A   3.806  -3.243  -3.396  -4.319  -3.946  -1.523   0.218  -3.719  -2.361  -1.978  -3.247  -4.373  -1.446  -3.921   3.851   2.088   0.711  -4.509  -3.316   1.278 
  9 A  -3.011  -7.311  -8.121  -8.499  -6.502  -7.040  -7.753  -8.353  -7.395  -0.016   4.712  -7.382   5.413   2.758  -7.997  -6.673  -4.895  -6.454  -5.275  -0.540 
