#B3932

Last position-specific scoring matrix computed       
            A       R       N       D       C       Q       E       G       H       I       L       K       M       F       P       S       T       W       Y       V 
  1 A  -6.005  -6.627   0.861  -4.555  -4.891  -3.883  -0.503  -6.888   1.591  -5.188  -1.621  -6.599   3.783   5.537  -7.685  -2.759  -2.313   5.625   4.740  -5.163 
  2 A  -1.977   3.431  -4.318  -5.634  -7.751   5.404   0.506  -6.312   6.967  -5.562  -4.500  -0.365  -0.503  -5.594  -1.787  -2.831  -4.299  -5.086  -4.044  -4.722 
  3 A   1.235  -4.945   0.287   1.772  -4.318  -0.042  -0.036  -4.460  -0.310   0.141  -0.355  -5.291   3.197   1.866  -4.289  -0.120  -0.189   3.073   1.911  -1.016 
  4 A   1.470  -0.716  -1.256   0.064  -0.243   1.048   2.302   0.031  -0.437  -2.867  -0.261  -1.759   0.285  -0.993   1.043  -0.088  -0.449   1.598   0.596  -1.879 
  5 A   0.544  -1.482  -0.020  -2.354  -2.164  -2.269  -2.031   1.028   1.598   0.543  -0.192  -1.924   0.438   2.172  -1.101  -0.145   0.307  -0.537   1.172   0.128 
  6 A   0.421   0.742   1.057   0.073  -3.548  -0.204  -2.173  -0.128   0.704  -1.262  -1.156  -1.762  -1.032   2.179  -0.171   0.812   1.097   2.488  -1.092  -0.585 
  7 A   0.832  -4.312   0.298  -1.303  -1.705  -0.936  -1.338  -4.105   2.522   0.361  -0.777  -3.888   0.304   2.933  -0.933  -0.911  -0.519   1.401   2.916   1.073 
  8 A   3.739  -4.576  -3.579  -4.909  -2.727  -1.410  -1.301  -3.384  -2.295  -0.398  -0.630  -4.628  -1.582  -2.251   4.262   0.423   0.859  -4.655  -2.593   0.567 
  9 A  -3.176  -7.083  -8.026  -8.328  -6.029  -6.899  -7.567  -8.227  -7.563   0.865   5.502  -7.154   1.833  -4.620  -7.635  -7.013  -5.835  -6.702  -5.935   1.159 
