#HLA-B5410

Last position-specific scoring matrix computed       
            A       R       N       D       C       Q       E       G       H       I       L       K       M       F       P       S       T       W       Y       V 
  1 A  -4.502  -5.408  -0.181  -7.027  -2.782  -6.745  -4.730  -6.936  -0.515  -0.389   2.484  -6.605   4.577   4.499  -7.869  -1.790  -0.729   1.753   3.464  -2.603 
  2 A  -5.931  -7.190  -7.067  -6.769  -7.726  -6.599  -6.321  -7.231  -7.190  -7.964  -8.070  -6.147  -7.726  -8.898   9.106  -5.921  -6.156  -9.811  -7.789  -7.639 
  3 A   2.002  -2.464   0.894  -0.164  -3.316  -0.346  -1.522  -4.363  -0.772   0.744  -0.955  -4.509   2.617   0.408  -2.529   1.035   0.559   1.784   1.576   0.433 
  4 A   0.856  -0.635  -1.019  -0.417  -1.832   0.131   0.384  -0.581  -0.318   0.126   0.549  -3.262   1.334  -0.796   0.868   1.169  -0.295   0.715  -0.087  -0.152 
  5 A   0.218  -0.148  -1.443  -3.777  -3.351  -1.724  -1.684  -1.668   0.166   1.628   0.460  -1.426   1.425   1.689   0.852  -0.368  -0.726   0.738   0.216   1.267 
  6 A   1.328   1.360  -0.635  -2.545  -1.826  -0.254  -2.805   0.735  -0.110  -0.710  -0.362  -2.215  -1.894   1.325  -0.279   1.214   1.100  -0.941  -1.116  -0.004 
  7 A   0.688  -3.133   0.137  -0.613  -0.694  -1.709  -0.979  -2.415   1.627   0.091   0.306  -4.029   0.484   1.486  -0.965   0.720   0.329  -0.604   2.493   0.775 
  8 A   3.347  -2.689  -2.231  -4.331  -3.619  -1.069   0.420  -2.990  -2.823  -0.635  -0.886  -3.259  -0.827  -1.441   3.812   1.488   0.491  -2.018  -1.898  -0.425 
  9 A   4.502  -7.266  -7.459  -7.637  -5.229  -6.062  -6.957  -6.590  -7.524   3.662  -1.294  -6.760  -0.080  -3.779  -6.907  -4.456  -1.865  -7.495  -6.522   3.174 
