#HLA-B4811

Last position-specific scoring matrix computed       
            A       R       N       D       C       Q       E       G       H       I       L       K       M       F       P       S       T       W       Y       V 
  1 A   0.907   5.251  -4.819  -2.448  -4.898  -1.825  -4.121   0.555  -0.480  -3.327  -4.026   1.935   0.781  -1.179  -1.689  -0.786  -3.369   3.340   0.371  -4.259 
  2 A  -5.272  -4.474  -3.783  -4.325  -5.840   7.499   5.343  -5.286  -5.090  -6.016  -5.365  -2.908   0.871  -7.228  -6.575  -5.281  -3.173  -7.467  -5.385  -4.933 
  3 A   0.768  -1.857  -1.850  -1.739  -5.918   0.361  -1.665  -4.411   0.018  -0.065   1.334  -3.559   4.148   2.280  -4.101  -0.380  -1.999   3.723   2.486  -1.018 
  4 A   1.524  -1.699   0.074   1.018  -1.491   0.087   1.250   0.685  -0.286  -1.623  -0.719  -1.348  -0.153  -0.121   1.022   0.243  -0.539   0.008   0.875  -2.148 
  5 A   0.654  -1.206  -1.567  -1.521  -1.118  -2.655  -1.585   1.427   0.830   0.024   0.539  -2.995   0.218   0.525  -1.476   0.586   0.414  -1.920   0.386   1.185 
  6 A   1.071   0.436  -0.056  -0.835  -1.848   0.519  -1.349   0.562   1.192  -0.687   0.276  -1.965  -1.531   1.149  -0.516   0.808   0.369   1.767  -1.891  -1.233 
  7 A  -0.109  -2.040  -0.679  -1.945  -1.461   0.237  -0.790  -1.846   0.272  -0.124   1.016  -2.977   0.497   1.560   1.605   0.071   0.985   0.739   0.685   0.502 
  8 A   3.299  -2.818  -2.189  -2.059  -4.468  -1.288   0.090  -1.830  -3.747  -1.321  -1.917  -3.526  -3.850  -2.440   3.937   2.081   0.777  -2.486  -2.444   0.190 
  9 A  -5.930  -2.756  -8.127  -3.795  -6.468  -6.309  -3.848  -8.597  -7.718   0.973   5.609  -7.249   1.292  -2.874  -7.968  -7.377  -6.245  -6.975  -6.187  -0.496 
