#HLA-B2726

Last position-specific scoring matrix computed       
            A       R       N       D       C       Q       E       G       H       I       L       K       M       F       P       S       T       W       Y       V 
  1 A  -0.516   5.821  -3.230  -6.740  -5.630  -3.121  -5.602  -0.919   0.618  -4.860  -3.726   1.894   1.331  -1.719  -7.044   0.278  -5.023   3.018   2.665  -6.190 
  2 A  -6.595   8.063  -5.579  -6.704  -8.509   0.869  -5.140  -7.474  -5.452  -8.231  -7.337  -2.975  -5.689  -8.050  -7.155  -5.843  -6.238  -7.493  -6.901  -7.615 
  3 A  -2.287  -2.471  -1.751  -7.198  -6.083  -1.023  -7.150  -7.829  -0.901   1.230   1.409  -5.498   3.194   4.532  -8.015  -2.358  -4.045   6.107   3.130  -1.625 
  4 A   1.962   1.091   0.333  -1.776  -1.647   0.832  -1.107   1.159  -0.186  -1.686  -0.560  -1.038  -0.143  -2.346  -0.495   1.174   0.468   0.711   0.124  -2.200 
  5 A   0.126   0.790  -0.813  -2.838  -3.379  -0.261  -2.495   0.023   0.697   0.450   1.122  -0.867   0.662   0.890  -3.108  -0.105   0.608   0.745   1.191  -0.096 
  6 A   1.508   2.302  -0.125  -3.800  -3.370   0.215  -2.018  -0.741  -0.931  -1.240   0.805  -1.348  -1.508   0.290   0.666   1.242   0.783   1.407  -4.209  -1.440 
  7 A   0.328  -0.835  -1.784  -2.161  -1.277  -0.198  -2.087  -1.341  -0.008  -0.012   1.416  -2.617   0.155   0.464   0.125   1.160   1.129   0.581   1.482   0.145 
  8 A   2.399  -1.227  -1.106  -4.351  -3.302   0.265  -0.877  -0.855  -3.373  -2.740   0.776  -2.143  -1.065  -2.004   3.075   1.845   1.183  -2.437  -1.106  -0.788 
  9 A   0.146  -2.935  -7.630  -8.065  -6.557  -5.054  -7.263  -5.953  -1.015   1.969   3.785  -1.479   3.458   1.693  -6.831  -4.792  -3.739  -1.839   0.641   0.144 
