#HLA-B9507

Last position-specific scoring matrix computed       
            A       R       N       D       C       Q       E       G       H       I       L       K       M       F       P       S       T       W       Y       V 
  1 A  -0.082   0.987  -4.365  -7.189  -6.943  -0.778  -6.324  -1.790  -0.878  -0.254   0.502   0.809   3.895   2.175  -7.250   1.106  -1.441   2.657   2.999  -0.912 
  2 A   1.530  -5.297  -5.999  -6.376  -6.882   6.968  -3.538  -6.396  -5.753  -3.568  -0.404  -4.989   5.898  -6.699  -6.788   0.589  -1.888  -7.242  -6.413  -3.007 
  3 A   0.098  -0.489   0.444  -5.838  -3.716  -1.381  -5.226  -5.930   0.210   1.737   0.527  -3.168   3.694   2.866  -5.560  -0.066  -2.887   1.090   2.866   0.300 
  4 A   1.516  -3.570   0.109   1.968  -0.344   0.182   1.562  -0.097  -0.752  -3.712  -2.320  -0.601   0.102  -2.813   2.121   1.657  -0.125   0.177   0.253  -2.622 
  5 A   0.995  -2.586  -0.687  -0.591  -2.028  -2.793  -1.163   0.738   0.997  -1.464   0.085  -3.491  -0.935   1.031  -1.236   2.237   1.237   0.231   1.579  -0.622 
  6 A   0.274  -3.634   0.219  -2.296  -2.228  -2.858  -2.304   1.263  -0.338   0.225  -0.648  -5.606  -2.081   1.837  -1.139   2.560   2.023  -0.422  -1.211   0.370 
  7 A   0.006  -3.389  -0.132  -2.196  -1.456   0.249  -0.482  -3.867   1.783   0.201   1.060  -4.319  -0.156   1.683   0.549   1.746   1.648  -0.174   0.569  -1.314 
  8 A   2.932  -3.934  -2.590  -5.347  -3.994  -2.244  -0.314  -3.926  -0.966  -2.215  -0.940  -4.631  -2.851  -1.944   4.277   2.509   1.447  -5.608  -1.908   0.581 
  9 A  -6.781  -7.723  -7.922  -8.472  -7.400  -7.796  -7.933  -8.265  -6.144  -4.687   0.088  -7.940   3.441   7.594  -8.604  -7.347  -6.922  -1.042   2.730  -5.419 
