#HLA-B5145

Last position-specific scoring matrix computed       
            A       R       N       D       C       Q       E       G       H       I       L       K       M       F       P       S       T       W       Y       V 
  1 A  -5.439  -5.770  -1.102  -5.124  -0.984  -5.481  -2.504  -7.468  -1.058   1.583   1.998  -7.050   5.290   3.782  -7.877  -3.680  -0.990   2.831   3.008  -1.639 
  2 A  -0.280  -7.125  -6.990  -6.756  -7.487  -6.527  -6.284  -6.990  -7.144  -7.797  -7.906  -6.122  -5.644  -8.723   8.848  -3.437  -4.091  -9.549  -7.698  -7.371 
  3 A   1.179  -3.088   1.897  -1.371  -3.043   0.449  -0.213  -3.214  -0.609   0.272  -0.706  -5.461   1.512   1.450  -5.817   0.966   0.510   1.574   2.524   0.289 
  4 A   1.610  -2.373  -0.347  -0.015  -2.054   0.367   1.592  -1.070   0.294  -1.838  -1.012  -1.142   0.058  -0.371   1.381   1.221   0.019   1.974  -0.423  -0.405 
  5 A   0.105  -1.827  -0.719  -0.422  -0.447  -0.335   0.249  -0.635   0.084   0.583  -0.323  -1.775   0.856   0.896   0.126   0.623   0.773   2.700  -0.874   0.316 
  6 A   1.729  -2.033  -1.167  -0.224  -2.228  -0.707  -3.181  -0.388   0.443  -1.088  -0.058  -2.832  -1.526   0.729   0.388   1.443   1.941   1.162   0.104   0.140 
  7 A   0.375  -3.095   0.445  -1.486  -0.979  -0.348  -0.602  -2.414   1.986  -0.836   1.530  -3.657   0.415   0.884   0.430   0.621   0.917   1.431   0.556  -0.415 
  8 A   1.226  -1.720  -1.108  -3.932  -1.431  -0.011   0.376  -2.373  -0.567   0.247   0.216  -2.077  -0.398  -0.298   1.502   1.854   1.605  -1.981  -1.988   0.618 
  9 A  -7.054  -7.563  -7.872  -8.446  -7.446  -7.401  -7.745  -8.258  -5.672   1.225  -1.002  -7.666   3.147   5.987  -8.465  -7.311  -6.804   6.291   5.310  -4.932 
