#HLA-B5404

Last position-specific scoring matrix computed       
            A       R       N       D       C       Q       E       G       H       I       L       K       M       F       P       S       T       W       Y       V 
  1 A  -5.526  -7.165  -0.577  -7.112  -2.291  -6.828  -3.929  -7.967  -0.283  -0.477   2.354  -7.184   4.597   4.868  -7.979  -3.137  -1.382   2.359   3.639  -2.790 
  2 A  -5.931  -7.190  -7.067  -6.769  -7.726  -6.599  -6.321  -7.231  -7.190  -7.964  -8.070  -6.147  -7.726  -8.898   9.106  -5.921  -6.156  -9.811  -7.789  -7.639 
  3 A   1.786  -2.825   0.498   0.076  -3.703   0.112  -1.286  -4.079  -0.072   0.096  -0.903  -4.314   2.449   1.096  -1.951   0.743   0.667   2.295   2.351  -0.035 
  4 A   0.744  -0.460  -1.194   0.037  -1.844  -0.166   0.579  -0.503  -0.432  -0.053   0.847  -2.780   0.715  -0.326   1.150   0.510  -1.197   1.538   0.004  -0.124 
  5 A  -0.045  -0.371  -1.745  -3.304  -3.030  -1.612  -1.693  -1.806  -0.464   2.040   0.421  -1.738   0.347   1.689   0.997  -0.425  -0.542   1.431   0.064   1.489 
  6 A   1.431   0.340  -0.578  -2.127  -1.625  -0.265  -2.694   0.086   0.268  -0.245  -0.203  -2.078  -1.684   1.192  -0.066   1.033   0.999  -0.200  -0.779   0.598 
  7 A   0.985  -2.871   0.283  -0.449  -0.977  -1.471  -1.260  -2.678   1.138   0.303   0.099  -4.047   0.484   1.994  -0.225  -0.104  -0.313  -0.360   2.431   0.956 
  8 A   3.065  -2.027  -1.783  -3.747  -2.699  -0.672   0.650  -2.153  -3.735  -0.018  -1.161  -3.391  -0.026  -0.942   3.586   0.971   0.644  -2.011  -1.889  -0.455 
  9 A   3.928  -7.338  -7.568  -7.761  -5.254  -6.144  -7.092  -6.498  -7.648   3.575  -0.325  -6.884  -0.483  -3.931  -7.048  -4.621  -2.065  -7.482  -6.495   3.796 
