#B3705

Last position-specific scoring matrix computed       
            A       R       N       D       C       Q       E       G       H       I       L       K       M       F       P       S       T       W       Y       V 
  1 A  -0.753  -1.434  -0.921  -6.393  -1.640  -1.307  -3.397  -2.613  -0.783  -1.292   0.391  -3.796   4.496   1.961  -6.707   3.087   0.742   3.790   1.808  -1.555 
  2 A  -5.345  -4.893  -4.908   0.642  -8.216  -0.383   7.761  -6.814  -4.785  -7.949  -7.600  -4.020  -6.642  -7.750  -5.943  -4.823  -5.663  -7.256  -6.657  -7.193 
  3 A   0.871  -2.683   0.617  -3.763  -5.429  -1.260  -4.039  -5.004  -0.097   1.674   0.507  -4.750   3.810   2.271  -3.155  -0.270  -1.852   2.464   3.644  -1.168 
  4 A   1.042  -0.126  -0.315  -1.462  -0.450   0.775   0.795  -2.684  -0.168  -1.309   1.485  -0.816   1.266   0.607  -1.522   0.287  -0.488   0.085   0.799  -1.303 
  5 A  -0.056   0.741  -0.351  -2.015  -1.482  -1.666  -1.808  -0.648   1.520   0.244   0.409  -0.114  -0.364   2.364  -0.649  -0.996  -0.035  -0.033   1.808  -0.552 
  6 A  -0.006   0.772  -0.247  -3.098  -3.766  -0.938  -3.562  -0.805   0.758   0.099   0.179  -1.184  -1.772   2.982  -1.963   1.363   0.694   1.748   0.230  -0.238 
  7 A   0.630  -3.681  -0.827  -0.812  -2.395  -0.523  -1.387  -4.438   0.843   0.349   1.152  -2.163   1.536   1.469  -0.182  -0.235   0.438  -1.183   1.762   1.102 
  8 A   2.505  -5.379  -2.673  -3.879  -4.558  -2.471  -1.177  -4.860  -3.376  -0.930  -0.566  -3.848  -0.871  -3.108   5.304   1.262   1.659  -5.269  -3.568   0.623 
  9 A  -0.985  -7.087  -7.718  -7.956  -5.879  -6.749  -7.356  -7.824  -7.357   4.018   3.662  -6.954   3.598  -1.074  -7.373  -6.114  -5.500  -6.607  -5.645   1.976 
