#HLA-B4815

Last position-specific scoring matrix computed       
            A       R       N       D       C       Q       E       G       H       I       L       K       M       F       P       S       T       W       Y       V 
  1 A   1.124   5.434  -5.932  -6.289  -4.346  -1.923  -5.572  -0.212  -1.787  -3.264  -2.560   2.765   1.013  -1.637  -5.712  -0.509  -3.497   2.078  -0.269  -3.318 
  2 A  -4.106  -4.116  -5.264  -5.474  -7.717   8.201   0.464  -7.078  -4.685  -4.937  -1.121   0.080   4.424  -6.706  -6.787  -5.483  -5.847  -7.297  -5.755  -5.587 
  3 A  -0.084   1.896  -1.626  -6.226  -7.148  -0.419  -4.526  -5.666   1.428  -0.806   0.125  -0.474   3.359   3.052  -5.108  -0.597  -2.820   2.757   4.005  -1.299 
  4 A   1.723  -1.413   0.203   1.461  -2.084  -0.352   1.173   0.833   0.034  -3.100  -1.928  -0.158  -0.085  -1.081   1.299   0.834  -0.774  -0.210   1.032  -2.783 
  5 A   0.632   0.106  -0.856  -2.339  -2.505  -2.620  -2.991   2.071   1.378  -0.790   0.017  -1.770  -0.672   0.328  -1.052   1.168  -0.147   0.397   0.777   0.490 
  6 A   0.706   0.593  -0.171  -1.911  -2.507  -0.874  -2.246   0.786   1.780   0.231  -0.302  -2.247  -1.371   0.889  -1.144   1.581   0.780   1.162  -0.568  -0.601 
  7 A  -0.039  -1.025  -0.865  -3.491  -1.813   0.625  -2.356  -1.055   0.834  -0.225   0.871  -3.161   0.224   0.063   1.800   1.867   1.763  -2.388  -0.916   0.257 
  8 A   2.980  -2.942  -2.310  -3.559  -5.018  -1.289  -0.150  -2.198  -2.136  -1.044  -1.583  -3.118  -3.167  -2.570   4.168   2.341   1.260  -2.491  -3.051  -0.039 
  9 A  -5.437  -6.857  -8.360  -7.835  -6.418  -7.281  -7.290  -8.650  -7.824   1.442   5.538  -7.522   1.537  -0.684  -8.031  -7.457  -6.234  -6.872  -5.978   0.043 
