#HLA-B1570

Last position-specific scoring matrix computed       
            A       R       N       D       C       Q       E       G       H       I       L       K       M       F       P       S       T       W       Y       V 
  1 A   0.356   2.611  -6.268  -6.488  -4.655  -1.859  -6.074  -1.508  -0.081  -0.554   0.677   1.562   3.295   1.195  -7.058   2.046  -2.344   1.051   1.401  -2.092 
  2 A  -0.210  -6.024  -6.644  -7.077  -6.591   5.078  -5.698  -7.321  -6.440   0.035   1.976  -5.490   6.359  -5.916  -7.162  -0.256  -0.029  -7.131  -6.337   0.350 
  3 A   0.739   3.469   0.126  -6.953  -7.134  -3.074  -5.821  -6.733   0.824   1.300  -2.557   0.339   2.614   2.767  -6.506  -0.216  -3.660  -4.717   3.295  -1.371 
  4 A   1.386  -1.696   1.913   1.644  -2.568   1.123   0.695  -1.138   0.590  -5.369  -4.016   0.325  -0.320  -1.919   1.629   1.461   0.214   0.378   1.347  -2.848 
  5 A   0.156  -0.273   0.632  -1.141  -4.200  -2.049  -1.275   0.847   2.372  -3.199  -0.437  -1.973  -0.472   1.057  -0.202   2.117   1.447   0.743   1.446  -2.398 
  6 A  -0.978  -1.694  -0.551  -2.542  -3.313  -2.012  -4.126   1.323  -0.578   0.707  -0.506  -5.859  -0.907   1.007  -1.456   2.339   3.088  -0.943  -1.131   0.563 
  7 A   0.058  -2.296   0.489  -3.670  -1.270  -0.153  -0.461  -0.384   1.728  -1.165   1.427  -3.844  -0.630  -2.423  -0.925   3.397   1.533  -4.333  -1.186  -1.843 
  8 A   2.572  -3.083  -2.972  -5.230  -4.037  -2.536   0.264  -2.047   1.044  -3.135  -2.690  -4.559  -3.234  -2.336   4.485   3.186   0.433  -4.498  -3.013   0.633 
  9 A  -7.124  -7.469  -7.641  -8.366  -7.705  -7.314  -7.605  -8.260  -4.364  -5.409  -4.721  -7.602   1.950   6.746  -8.347  -7.183  -6.972  -3.125   7.067  -6.049 
