#HLA-B1812

Last position-specific scoring matrix computed       
            A       R       N       D       C       Q       E       G       H       I       L       K       M       F       P       S       T       W       Y       V 
  1 A  -1.807  -0.356  -0.109  -2.186  -1.848  -2.840  -2.915  -1.738  -1.017   0.731   1.047  -1.436   3.077   1.886  -7.359   1.099  -0.606   2.736   3.211  -0.837 
  2 A  -6.013  -5.284  -5.469  -3.701  -8.675  -1.628   8.033  -7.323  -5.186  -8.405  -8.015  -4.401  -7.059  -8.174  -6.362  -5.260  -6.106  -7.647  -7.054  -7.607 
  3 A  -0.484  -2.411  -0.673  -3.881  -2.749  -0.016  -4.081  -4.670  -1.206   1.727   1.609  -3.976   2.848   2.111  -4.782  -0.563  -1.228   3.989   2.615   0.339 
  4 A   0.727  -2.048   0.248   1.007  -0.474   0.856   2.353   0.228   0.312  -1.984  -1.237  -1.606  -0.272  -0.638   0.777   1.099  -1.261   0.867   0.289  -1.537 
  5 A   0.991  -1.875  -0.529  -0.449  -2.497  -2.479  -1.059   0.301   0.616   0.685   0.730  -3.267  -0.063   1.662  -1.266  -0.099   0.040  -0.625   1.544  -0.094 
  6 A   0.440  -0.462  -0.572  -0.333  -2.053  -0.615  -2.254   0.369   0.695  -0.181   0.415  -1.699  -1.497   2.377  -1.158   0.857   0.408   0.038   0.372  -0.597 
  7 A   0.174  -2.363  -0.417  -2.460  -2.056   0.367  -0.503  -3.942   1.396   1.063   0.027  -3.675   0.225   2.183   1.483  -0.609   0.267   1.204   2.572  -0.019 
  8 A   2.585  -3.511  -0.187  -2.930  -5.093  -0.155   0.551  -1.863  -2.091  -1.957  -0.989  -2.751  -2.617  -2.269   3.865   1.514   1.249  -2.969  -0.582   0.082 
  9 A  -5.061  -7.530  -7.912  -8.446  -7.147  -7.413  -7.794  -8.279  -5.404  -1.370   1.934  -7.668   4.280   6.474  -8.350  -6.754  -6.683   0.273   3.717  -3.114 
