#B3942

Last position-specific scoring matrix computed       
            A       R       N       D       C       Q       E       G       H       I       L       K       M       F       P       S       T       W       Y       V 
  1 A  -4.926  -6.118   0.003  -6.470  -5.560  -2.862  -2.329  -6.873   2.156  -4.863  -0.921  -5.799   3.907   5.455  -7.660  -1.185  -2.134   5.605   4.606  -4.870 
  2 A  -2.623   4.167  -4.628  -5.766  -7.791   5.540  -0.981  -6.173   6.736  -5.565  -4.158  -0.172  -0.366  -5.034  -2.702  -2.969  -5.143  -4.484  -4.491  -5.145 
  3 A   1.540  -5.089   0.093   2.284  -4.924  -0.475   0.482  -4.426  -0.355  -0.616  -0.471  -5.255   2.872   1.555  -4.817  -0.187  -0.730   3.104   2.471  -0.941 
  4 A   1.599  -0.603  -1.386  -0.339  -1.052   0.755   2.116   0.268  -1.005  -2.879  -0.563  -1.069   0.179  -0.948   1.131   0.305  -0.116   1.667   0.740  -1.879 
  5 A   0.436  -1.474   0.034  -1.984  -2.338  -2.449  -2.186   1.225   2.071   0.536  -0.211  -2.352   0.591   2.074  -1.329   0.035   0.474  -0.276   0.916  -0.212 
  6 A   0.379   0.699   1.215  -0.258  -3.076  -0.169  -1.931   0.127   1.023  -1.191  -1.212  -1.258  -1.464   1.656  -0.614   0.886   1.489   2.792  -1.539  -0.804 
  7 A   0.962  -3.095   0.081  -1.703  -1.731  -0.682  -1.123  -3.689   2.507   0.043  -0.619  -3.652   0.201   2.615  -0.528  -0.317   0.112   1.107   2.534   0.963 
  8 A   3.936  -4.440  -3.691  -5.234  -3.033  -1.546  -1.742  -3.422  -2.553  -0.165  -0.643  -4.391  -1.393  -3.197   4.179   0.495   0.803  -4.668  -2.723   0.383 
  9 A  -4.127  -7.098  -8.048  -8.349  -6.041  -6.926  -7.600  -8.289  -7.572   1.155   5.533  -7.178   1.627  -4.047  -7.663  -7.077  -5.854  -6.685  -5.908   0.928 
