#HLA-B5815

Last position-specific scoring matrix computed       
            A       R       N       D       C       Q       E       G       H       I       L       K       M       F       P       S       T       W       Y       V 
  1 A  -1.801   1.517  -3.792  -0.198  -1.869  -2.027  -3.286  -2.081  -0.940   1.162   0.270   2.277   2.241   0.179   1.279  -0.571  -0.931   0.385  -0.152   0.108 
  2 A   3.772  -3.865  -2.593  -0.477  -4.287  -5.044  -5.528  -4.667  -3.360  -5.900  -6.338   0.070  -2.048  -7.380  -5.180   4.691   3.617  -7.714  -6.892  -2.321 
  3 A   1.754  -4.293   1.086  -2.859  -4.573  -0.180   0.108  -1.531  -2.483   0.337   0.365  -2.128   0.642   1.296  -1.695   0.999   0.207   2.096   1.193  -0.318 
  4 A   1.837  -1.348  -0.819   0.416  -2.524  -0.136   0.334   0.273   0.540  -1.896  -1.272  -0.310  -0.615  -1.102   2.365   1.252  -0.460   1.862  -1.303  -1.293 
  5 A   0.152  -1.184  -1.161  -0.463  -1.298   1.420   0.239  -0.254  -0.545  -0.493  -0.105   0.045  -0.783  -0.682  -0.942   0.966   0.856   1.284  -0.724   0.976 
  6 A   1.009  -0.917  -0.220   0.057  -2.773   0.003  -0.128  -0.122  -0.001  -1.029  -0.242  -0.415  -1.239  -0.309   1.070   1.103   1.232   0.188  -0.832  -0.345 
  7 A   0.574  -1.517  -1.114  -1.417  -2.790  -0.409  -0.584  -1.223   1.392  -1.143   1.183   0.144  -0.625   1.369   0.433   0.244   0.315   1.443   1.641  -1.213 
  8 A  -0.313   0.241  -0.538   0.103  -2.802   1.193   0.246  -0.413  -0.292  -1.188   0.620  -0.654  -1.695   0.114  -0.062   1.119   1.194  -0.423   0.577  -1.090 
  9 A  -7.023  -7.293  -3.054  -1.037  -8.447  -5.595   0.372  -6.779  -6.442  -6.838  -6.755  -7.313  -6.484   2.247  -3.465  -5.984  -7.199  11.443  -1.599  -7.453 
