#HLA-B1318

Last position-specific scoring matrix computed       
            A       R       N       D       C       Q       E       G       H       I       L       K       M       F       P       S       T       W       Y       V 
  1 A   0.915   1.767  -2.140  -7.069   0.823  -1.547  -5.307  -0.683  -0.903  -0.299   0.492   0.165   2.663   2.325  -7.188   0.777  -0.927   1.803   1.830  -2.609 
  2 A  -3.808  -5.043  -4.467   5.554  -8.423   3.160   5.690  -6.480  -5.543  -8.175  -8.053  -4.093  -2.463  -8.251  -3.568  -2.433  -5.663  -8.035  -7.367  -7.711 
  3 A  -0.386  -5.681  -1.074  -5.361  -6.951  -1.317  -5.099  -5.069  -2.886   1.149   0.563  -6.047   4.502   3.833  -7.688  -0.141  -3.920   4.346   4.246  -1.739 
  4 A   1.547  -1.520   0.124   0.747  -0.988   0.308   2.065  -2.271  -0.769  -0.982   0.796  -2.112  -1.527  -1.218  -0.121   1.383  -0.397  -0.695  -0.455  -1.560 
  5 A   0.096  -1.890  -1.146  -1.606  -0.443  -2.683  -0.644   0.059  -1.382   1.061   0.411  -3.577   0.729   2.852  -1.173   0.872   0.184   1.323   0.841  -0.709 
  6 A   1.704  -1.188  -1.048  -2.467  -1.103  -0.053  -2.187  -0.207  -0.580   0.260   1.113  -2.733  -3.168   1.342  -2.088   0.904   1.165   1.160  -2.216   0.214 
  7 A  -1.331  -4.493  -0.121   1.037  -0.864   0.271   1.268  -3.416   0.791  -1.170  -0.042  -1.942  -0.200   1.803   1.007   0.113   0.229   0.749   1.686   0.841 
  8 A   0.013  -2.302  -0.455  -4.171  -4.125   1.015  -0.591  -1.275  -1.085  -0.401   1.386  -1.603   0.043   0.597   2.474   1.026   1.808  -0.954  -1.385  -0.879 
  9 A  -5.337  -8.184  -8.362  -8.388  -6.374  -7.791  -8.288  -8.778  -8.287   7.053  -1.872  -7.721  -3.685  -5.375  -7.946  -7.449  -5.839  -7.446  -6.433   0.766 
