#HLA-B1574

Last position-specific scoring matrix computed       
            A       R       N       D       C       Q       E       G       H       I       L       K       M       F       P       S       T       W       Y       V 
  1 A   0.922   2.235  -5.878  -6.991  -5.234  -0.132  -5.678  -0.507  -0.650   0.362  -0.080   2.023   2.776   0.626  -7.046   0.714  -1.955   1.558   1.079  -0.449 
  2 A  -1.325  -4.629  -5.818  -6.175  -7.398   7.547  -2.976  -6.626  -5.478  -5.289  -1.299   1.972   5.818  -6.998  -6.800  -3.077  -5.434  -7.259  -6.405  -4.268 
  3 A   0.570   1.384   0.313  -6.167  -7.077  -0.905  -5.686  -6.157   1.434   0.438  -1.029  -2.195   2.459   3.328  -6.636  -0.863  -2.219   1.133   4.412  -0.404 
  4 A   1.455  -1.635   1.032   1.558  -1.323  -0.500   1.306  -0.404   0.132  -4.132  -2.098   0.198   0.200  -2.536   1.779   1.684   0.124  -2.938   0.327  -2.624 
  5 A   0.433  -0.814  -0.102  -1.311  -2.517  -1.661  -1.599   0.708   1.628  -2.127   0.070  -1.914  -0.689   0.908   0.383   2.111   0.964   0.895   1.535  -1.606 
  6 A   0.676  -2.057  -0.052  -1.996  -1.809  -1.462  -2.390   1.768  -0.956   0.212  -1.077  -4.141  -1.553   0.752  -0.760   1.927   2.207   0.378  -1.526   0.335 
  7 A  -0.125  -1.864   0.069  -4.280  -1.113   1.032  -0.991  -1.409   0.914  -0.647   1.209  -1.644  -0.504  -1.576   0.565   2.853   2.125  -2.941  -2.728  -1.187 
  8 A   2.190  -1.930  -1.856  -3.409  -4.502  -2.225   0.167  -3.365  -0.238  -1.421  -1.070  -3.541  -2.834  -2.405   4.052   2.210   1.160  -2.037  -2.592   1.339 
  9 A  -7.064  -7.624  -7.910  -8.442  -7.281  -7.582  -7.874  -8.249  -6.298  -3.526   0.173  -7.813   5.138   7.355  -8.535  -7.285  -6.807  -0.560   1.671  -5.472 
