#HLA-B3527

Last position-specific scoring matrix computed       
            A       R       N       D       C       Q       E       G       H       I       L       K       M       F       P       S       T       W       Y       V 
  1 A  -4.268  -4.955   0.635  -2.386  -2.291  -2.496   0.054  -6.106  -1.136   0.613   0.985  -6.197   4.852   3.207  -7.571  -2.040   0.703   2.243   3.688  -1.697 
  2 A   1.757  -7.090  -6.984  -6.776  -7.263  -6.485  -6.267  -6.417  -7.121  -7.599  -7.753  -6.112  -6.333  -8.572   8.585  -3.803  -4.260  -9.333  -7.619  -5.591 
  3 A   1.773  -4.594   1.307  -1.396  -2.221  -0.272  -0.437  -3.210  -1.510   0.649  -0.101  -4.782   1.345   0.682  -3.074   0.741   0.474   1.436   1.484   1.090 
  4 A   1.075  -2.062  -0.900   0.619  -2.072   0.547   1.221   0.021   0.203  -2.148  -1.451  -0.960   0.495  -0.369   1.769   0.684   0.195   2.446   0.003  -0.421 
  5 A   1.165  -3.573  -0.788   0.079  -0.204  -0.892  -0.267   0.313   0.603  -0.368   0.160  -2.330   0.376   0.891  -0.140   0.417   0.538   1.539  -0.997   0.272 
  6 A   1.091  -1.244  -0.742   0.095  -2.031  -0.588  -1.060   0.849   0.689  -0.734  -1.347  -2.897  -1.585  -0.079   0.449   1.526   2.111   0.709  -0.930   0.019 
  7 A   0.735  -2.607   0.183  -1.044  -0.206  -1.327   0.230  -1.829   0.988   0.475   1.100  -4.787   0.232   1.152   0.598  -0.232   0.766   0.576   0.800  -0.550 
  8 A   3.327  -3.093  -1.883  -3.575  -1.763  -1.653   0.758  -2.450  -3.117  -0.827  -0.802  -3.147  -1.725  -1.351   2.759   1.220   1.187  -2.978  -2.789   0.741 
  9 A  -6.296  -7.284  -7.579  -8.307  -7.537  -6.979  -7.467  -8.217  -2.719  -5.225  -2.455  -7.381   4.730   5.915  -8.207  -7.069  -6.808   0.444   7.057  -5.838 
