#HLA-B3531

Last position-specific scoring matrix computed       
            A       R       N       D       C       Q       E       G       H       I       L       K       M       F       P       S       T       W       Y       V 
  1 A  -5.505  -4.570  -1.096  -7.619  -5.310  -4.277  -2.080  -7.936  -0.865   0.051   1.780  -6.996   4.968   4.458  -7.940  -2.445  -1.801   4.164   3.974  -2.801 
  2 A  -2.108  -7.172  -7.060  -6.775  -7.629  -6.578  -6.313  -7.133  -7.177  -7.888  -7.615  -6.142  -6.510  -8.823   9.013  -5.843  -6.124  -9.709  -7.754  -7.524 
  3 A   1.282  -2.575   0.140  -0.170  -3.050   0.250  -0.530  -3.854   0.645  -0.566   0.068  -4.328   2.098   1.740  -3.518   0.253   0.576   2.302   2.567  -0.044 
  4 A   1.016  -0.502  -1.183  -0.155  -2.069   0.337   0.308  -0.370   0.106  -1.306   0.186  -1.732   0.841   0.563   1.452   0.332  -0.605   3.213   0.605  -1.247 
  5 A   0.637  -0.037  -1.400  -1.367  -0.561  -0.520  -1.181  -1.127   0.757   1.160   0.365  -1.773   0.577   0.341  -0.966   0.111  -0.147   1.543  -0.130   1.161 
  6 A   1.321   0.317  -0.037   0.045  -2.516   0.404  -1.977   0.165   1.387  -1.702  -0.898  -1.205  -0.966   1.179  -0.348   0.860   1.531   0.387  -0.773  -0.867 
  7 A   1.199  -2.274   0.224  -2.369  -1.807  -3.063  -2.323  -3.497   1.931   0.482   1.117  -3.879   0.823   1.271   0.542   0.395   0.286  -0.638   1.097   0.797 
  8 A   3.555  -4.585  -2.362  -4.563  -2.656  -1.419   0.373  -2.516  -4.178  -0.234  -1.122  -4.243  -0.338  -1.740   3.549   1.417   1.091  -4.464  -3.812  -0.035 
  9 A  -1.092  -7.360  -8.052  -8.406  -4.960  -6.345  -7.696  -8.168  -7.398   1.092   4.364  -7.365   4.531   2.835  -7.897  -5.209  -4.590  -6.476  -3.494   0.580 
