#B3701

Last position-specific scoring matrix computed       
            A       R       N       D       C       Q       E       G       H       I       L       K       M       F       P       S       T       W       Y       V 
  1 A  -0.425  -1.663  -0.341  -6.388  -1.783  -1.399  -3.167  -2.743  -0.873  -1.394   0.438  -3.641   4.396   1.726  -6.728   2.892   0.786   3.817   2.323  -1.697 
  2 A  -5.387  -4.944  -4.885   1.443  -8.239  -0.236   7.681  -6.815  -4.829  -7.972  -7.641  -4.074  -6.683  -7.783  -5.978  -4.852  -5.690  -7.305  -6.705  -7.233 
  3 A   0.620  -2.836   0.117  -3.786  -5.486  -0.917  -4.185  -5.460  -0.276   1.527   0.436  -4.539   3.842   2.525  -2.335  -0.440  -1.811   2.513   4.058  -1.319 
  4 A   1.047  -0.510  -0.284  -0.316  -0.180   0.070   1.136  -2.742  -0.279  -1.383   1.535  -0.816   1.043   0.269  -1.329   0.324  -0.619   0.277   0.833  -1.603 
  5 A  -0.056   0.816  -0.569  -2.113  -1.125  -1.811  -1.541  -0.984   1.490   0.240   0.479  -0.494  -0.483   2.929  -1.278  -1.151  -0.517   0.955   2.045  -0.920 
  6 A   0.318   0.385  -0.658  -3.129  -3.292  -1.399  -4.066  -1.227   1.030   0.127   0.058  -1.428  -1.957   3.235  -2.050   1.259   0.596   1.950   0.944  -0.041 
  7 A   0.718  -3.419  -0.524  -0.607  -1.759  -0.310  -1.297  -4.264   1.152  -0.052   0.877  -2.680   1.429   1.882   0.447  -0.608   0.163  -0.409   2.050   0.805 
  8 A   1.944  -4.562  -1.482  -3.848  -3.200  -1.878  -0.677  -4.825  -3.188  -0.813   0.331  -3.343  -0.500  -2.219   4.925   1.278   1.610  -4.034  -2.493   0.226 
  9 A  -2.367  -7.214  -7.807  -8.028  -5.915  -6.898  -7.486  -8.025  -7.491   4.477   3.476  -7.071   2.708  -1.010  -7.463  -6.268  -5.516  -6.665  -5.671   2.335 
