#HLA-B1575

Last position-specific scoring matrix computed       
            A       R       N       D       C       Q       E       G       H       I       L       K       M       F       P       S       T       W       Y       V 
  1 A   0.264   1.866  -5.501  -7.032  -5.203  -0.840  -6.141  -1.638  -1.678  -0.038   1.105   1.548   3.396   1.443  -7.094   1.999  -2.455   0.907   1.252  -1.778 
  2 A   0.069  -5.966  -6.603  -7.029  -6.614   5.250  -5.616  -7.253  -6.371  -0.540   2.170  -5.732   6.370  -5.927  -7.143   0.341  -1.315  -7.124  -6.334  -0.231 
  3 A   0.872   2.845   0.918  -6.891  -6.017  -2.715  -6.249  -6.052   0.809   1.960  -1.963   0.317   2.499   2.331  -6.498  -0.122  -4.411  -6.224   2.698  -0.521 
  4 A   1.632  -2.307   1.327   1.258  -1.490   0.443   0.367  -1.418  -0.043  -4.123  -2.938   0.271   0.011  -1.575   1.511   1.850   0.309  -0.198   1.933  -2.451 
  5 A   0.668  -1.013   0.352  -0.869  -3.747  -2.924  -1.501   0.720   1.900  -3.109  -0.531  -2.554  -0.476   1.015   0.081   2.707   1.684   0.032   1.390  -3.297 
  6 A  -0.416  -2.611  -0.110  -3.161  -2.459  -1.722  -2.870   1.069  -0.228   0.202  -0.394  -5.861  -0.653   1.123  -1.238   2.562   2.694  -0.668  -0.587   0.495 
  7 A   0.309  -3.852   0.479  -3.690  -1.099  -0.576  -0.362  -1.578   1.121  -0.717   1.329  -3.291  -0.496  -1.645  -1.020   3.161   2.130  -3.542  -1.561  -0.616 
  8 A   2.771  -3.393  -2.838  -4.711  -4.482  -3.590   0.505  -3.297   1.112  -2.597  -2.415  -4.802  -3.203  -2.192   4.324   2.914   0.633  -5.629  -2.051   0.855 
  9 A  -7.211  -7.731  -7.846  -8.434  -7.537  -7.795  -7.895  -8.236  -5.855  -5.305  -3.720  -7.942   3.487   7.783  -8.625  -7.312  -6.984  -4.331   3.876  -5.841 
