#HLA-B2711

Last position-specific scoring matrix computed       
            A       R       N       D       C       Q       E       G       H       I       L       K       M       F       P       S       T       W       Y       V 
  1 A   0.202   5.383  -1.678  -6.700  -3.948  -2.426  -5.358  -0.957   1.316  -4.999  -3.358   1.511   1.006  -0.091  -7.041   0.439  -3.515   3.019   2.514  -5.594 
  2 A  -6.522   7.721  -5.538  -5.369  -8.482   3.491  -1.880  -7.406  -5.391  -8.201  -7.351  -2.498  -5.644  -8.091  -7.081  -5.769  -6.193  -7.497  -6.866  -7.585 
  3 A  -1.257  -1.077  -2.140  -4.572  -6.063  -0.249  -4.525  -6.109   0.122   0.963   1.405  -3.368   3.155   3.417  -4.867  -1.462  -2.495   5.766   3.333  -1.775 
  4 A   1.448   0.577  -0.049  -0.941  -0.847   1.094  -0.127   0.450   0.294  -1.278  -0.035  -1.115  -0.023  -2.576   0.142   0.687   0.288   1.533   0.132  -1.360 
  5 A  -0.302   1.302  -1.690  -3.120  -3.074  -1.083  -1.648  -0.095   1.060   0.969   0.741  -0.331   0.581   1.160  -2.929  -0.956   0.218   1.046   1.302   0.337 
  6 A   1.331   1.198  -1.236  -4.794  -2.482  -1.570  -2.756  -1.276   0.071   0.658   1.445  -1.446  -2.154   1.282  -0.010   0.399   0.494   2.274  -1.579  -0.665 
  7 A   0.577  -0.895  -0.400  -1.941  -1.292   0.038  -0.971  -2.039   0.625  -0.783   0.914  -2.711   0.403   0.895   0.707   0.123   0.879   1.561   1.807   0.372 
  8 A   2.515  -0.943  -1.100  -3.590  -3.667  -0.014  -1.134  -0.897  -1.548  -1.969   0.062  -2.134  -0.958  -2.256   3.624   1.824   0.873  -2.010  -1.108  -1.184 
  9 A  -3.890  -7.518  -8.386  -8.643  -6.370  -7.345  -7.983  -8.628  -7.954   2.987   5.314  -7.542  -0.050  -4.163  -7.982  -7.419  -6.155  -7.053  -6.248   0.410 
