#HLA-B2737

Last position-specific scoring matrix computed       
            A       R       N       D       C       Q       E       G       H       I       L       K       M       F       P       S       T       W       Y       V 
  1 A  -0.690   5.802  -3.601  -6.755  -4.437  -3.113  -5.278  -2.047   1.383  -4.452  -2.524   2.046   0.639  -1.809  -7.046   0.112  -4.086   2.796   2.729  -5.868 
  2 A  -6.604   8.098  -5.584  -6.721  -8.513   0.203  -5.170  -7.483  -5.460  -8.235  -7.337  -3.090  -5.697  -8.044  -7.163  -5.852  -6.245  -7.494  -6.907  -7.620 
  3 A  -1.671  -3.955  -2.323  -6.689  -5.300  -1.477  -6.667  -7.780  -1.669   1.034   1.168  -5.855   3.672   4.487  -7.982  -1.977  -3.177   6.203   3.260  -1.288 
  4 A   2.042   0.767   0.522  -1.072  -2.268   0.831  -0.492   0.637  -0.288  -1.412  -0.225  -1.669   0.255  -2.079  -0.342   0.958  -0.084   0.716   0.617  -1.969 
  5 A   0.054   1.236  -1.223  -3.271  -2.277  -0.107  -2.733  -0.125   0.623  -0.183   1.120  -1.105   0.812   1.476  -2.749  -0.350   0.265   1.900   1.505  -0.184 
  6 A   1.140   1.945   0.355  -3.039  -3.364   0.642  -2.663  -0.750  -1.538  -0.428   1.248  -2.172  -1.307   0.587  -0.359   1.234   0.667   1.151  -3.311  -1.294 
  7 A   0.639  -1.604  -2.689  -3.791  -1.110  -1.141  -2.238  -1.651  -0.560   0.389   1.698  -3.144   0.442   1.029   0.426   0.875   0.773   0.904   1.763   0.263 
  8 A   2.212  -0.741  -1.025  -4.131  -2.732   0.269  -0.410  -0.071  -2.791  -2.877   0.810  -1.713  -0.802  -1.799   3.165   1.420   0.676  -1.620  -1.223  -1.403 
  9 A   0.690   1.662  -6.715  -7.261  -6.884  -4.022  -6.121  -5.422  -1.106   0.682   2.678   3.656   2.586  -0.293  -5.848  -4.073  -3.058  -3.479  -1.955  -0.793 
