#HLA-B4421

Last position-specific scoring matrix computed       
            A       R       N       D       C       Q       E       G       H       I       L       K       M       F       P       S       T       W       Y       V 
  1 A   1.749   1.400  -1.551  -6.703  -1.450  -0.663  -2.362   0.874  -3.961  -0.337  -0.393  -0.714   2.648   0.091  -6.281   2.026  -0.509   1.891   1.470  -2.400 
  2 A  -6.016  -5.300  -5.463  -3.080  -8.679  -2.898   8.045  -7.323  -5.192  -8.409  -8.024  -4.410  -7.076  -8.172  -6.362  -5.261  -6.109  -7.653  -7.064  -7.613 
  3 A   0.565  -5.578  -0.673  -6.742  -5.086  -0.166  -4.730  -6.856  -2.298   2.436   0.652  -4.565   4.246   1.800  -7.422   0.972  -2.044   4.276   2.122   0.019 
  4 A   1.890  -3.585   0.632   0.929  -1.290   0.735   1.549  -2.650   0.024  -1.383   0.311  -1.550   0.085  -0.903  -3.001   2.084  -0.060  -0.958  -0.265  -1.879 
  5 A   0.240  -1.457  -4.186  -1.493  -1.455  -1.383  -1.236  -0.539  -1.085   0.972   1.654  -3.184   1.057   2.547  -2.287  -0.692  -0.281   0.609   1.703  -0.020 
  6 A   2.283  -1.860  -1.315  -3.741  -1.410   0.011  -3.932  -0.694  -1.946   0.454   1.340  -3.515  -0.242   1.314  -2.370   1.157   1.623   0.724  -1.751  -0.863 
  7 A  -0.457  -3.747  -2.664  -1.695  -1.298   0.164  -0.290  -2.635  -0.207  -0.962   1.731  -2.078   0.345   2.540   1.049   0.339   0.797   0.916   1.616  -0.568 
  8 A   0.601   0.058  -0.227  -2.559  -4.684   1.804   0.450   0.353  -1.332  -3.154   0.745  -1.107  -0.440  -0.303   1.911   1.781   0.018  -0.001  -0.261  -2.449 
  9 A  -4.976  -7.500  -7.868  -8.381  -7.077  -7.187  -7.697  -8.355  -3.747   3.494   0.615  -7.471   3.329   4.062  -8.141  -7.212  -6.472   4.133   5.675  -2.122 
