#HLA-B0828

Last position-specific scoring matrix computed       
            A       R       N       D       C       Q       E       G       H       I       L       K       M       F       P       S       T       W       Y       V 
  1 A  -2.919  -0.252   0.647  -4.840  -2.794  -3.028  -2.698  -6.592   0.662  -1.044   1.168  -3.697   5.277   3.073  -6.711   1.231  -2.520   1.839   3.458  -2.643 
  2 A   1.077  -1.921  -4.385  -6.370  -6.730  -1.543  -6.723  -3.836  -6.095   0.530   1.929  -4.278   3.013   0.380   5.235  -2.794  -2.193  -0.463  -3.121   0.272 
  3 A  -1.743   5.580  -1.717  -6.332  -3.958  -1.518  -4.318  -5.187  -0.711  -1.378  -0.520   2.880   1.494   0.151  -6.411  -3.240  -3.397   0.023   0.586  -2.250 
  4 A   0.181   1.351  -0.494  -2.628  -1.012   1.489  -0.763  -3.618   1.962  -1.031   0.361   1.489   2.042  -1.382  -1.140  -0.317   0.273   1.043   2.115  -2.149 
  5 A  -2.204   5.752  -1.853  -5.173  -6.538  -0.830  -5.155  -3.679   3.519  -2.840  -2.166   2.293  -0.615  -0.853  -3.077  -2.019  -1.841  -2.337   0.905  -2.439 
  6 A  -1.561   3.930  -1.528  -4.252  -2.850  -0.448  -2.323  -0.565   0.937  -1.217  -0.545  -0.958  -2.310   2.705  -1.165   0.393   0.938   0.899  -0.312  -1.222 
  7 A   0.324   0.792   0.344  -5.246   0.217  -0.415  -2.719  -1.826   1.628  -0.969   1.504  -1.816   1.168  -0.786  -3.092   1.130   0.334  -0.894   2.076   0.160 
  8 A   3.100  -3.383  -1.538  -3.217  -2.432  -1.778   0.048  -4.652  -2.571  -1.936  -2.878  -3.662  -2.448  -1.894   4.718   2.806   0.389  -4.522  -3.553  -0.132 
  9 A  -3.022  -1.141  -7.682  -8.259  -6.140  -7.156  -6.971  -7.586  -2.451  -1.728   1.571  -4.047   3.509   6.516  -8.216  -6.601  -6.652  -4.930   3.415  -2.620 
