#HLA-B5708

Last position-specific scoring matrix computed       
            A       R       N       D       C       Q       E       G       H       I       L       K       M       F       P       S       T       W       Y       V 
  1 A  -0.656   2.908  -5.812  -4.328  -1.674  -2.539  -5.484  -2.538  -1.705   1.344  -0.297   3.837   2.240  -1.467  -3.476  -0.885  -0.920  -0.959  -0.954   0.144 
  2 A   3.227  -5.841  -5.058  -3.981  -6.047  -5.640  -5.749  -5.103  -6.576  -4.962  -5.397  -3.927  -1.155  -7.214  -6.119   5.108   4.744  -7.642  -6.862  -1.422 
  3 A   0.698  -1.776   0.689  -5.703  -4.137   0.214  -3.649  -2.607  -1.642   0.462   0.912  -4.055   1.818   2.673  -3.580   0.414  -0.375   3.370   3.007  -0.536 
  4 A   2.128  -1.508  -0.906  -0.391  -2.513   0.224   0.372  -0.254   0.854  -1.891  -1.423  -0.561   0.043  -0.646   2.305   1.445  -0.632   1.971  -0.719  -1.447 
  5 A   0.173  -0.928  -0.442  -1.910  -1.136   1.451  -0.749  -1.111   0.102  -0.622   0.373  -1.234  -0.077   1.025  -0.862   1.050   0.960   2.089   0.413   0.361 
  6 A   0.860  -1.097   0.054  -0.651  -2.756  -0.105  -1.595  -0.203   0.365  -0.227   0.168  -2.579  -1.875   0.462   0.609   1.378   1.388   1.657  -0.140  -0.205 
  7 A   0.537  -0.821  -1.391  -2.141  -2.528  -0.028  -0.544  -2.195   2.280  -1.352   0.984  -2.300   0.801   1.993   0.052   0.024   0.173   2.477   2.157  -0.913 
  8 A  -0.804   0.736  -0.553  -1.883  -3.777   1.719  -0.385  -1.328  -0.505  -1.286   0.710  -1.179  -1.672   0.662   0.261   1.652   1.386   0.034   1.572  -1.032 
  9 A  -7.578  -7.594  -7.280  -5.462  -8.282  -7.518  -4.422  -7.858  -6.480  -5.068  -4.712  -7.842  -2.691   4.194  -7.114  -7.638  -7.340  11.315   0.362  -7.051 
