#B3558

Last position-specific scoring matrix computed       
            A       R       N       D       C       Q       E       G       H       I       L       K       M       F       P       S       T       W       Y       V 
  1 A  -2.870  -3.315  -1.050  -5.135  -3.027  -1.290  -0.782  -6.064   0.480   0.201   1.488  -5.153   5.416   2.334  -7.210  -0.279  -0.217   2.990   3.330  -1.293 
  2 A   2.657  -6.677  -6.586  -6.546  -6.531  -5.466  -5.998  -5.137  -6.764  -3.179  -3.407  -5.847   1.094  -6.705   7.636  -0.805  -2.608  -8.331  -6.958  -1.073 
  3 A   1.597   1.068   1.112  -5.310  -3.354  -1.815  -4.705  -4.671   0.262   0.961  -1.031  -1.374   2.425   1.887  -6.855  -0.268  -1.015   0.133   2.899   0.928 
  4 A   1.582  -1.362  -0.030   0.280  -1.820   0.249   0.514  -0.297   0.790  -3.353  -2.095   0.283  -0.251  -0.762   1.575   1.426   0.528   1.380   0.819  -1.593 
  5 A   0.858  -0.325  -0.866  -0.486  -1.148  -0.490  -1.359   0.085   2.809  -1.221  -0.800  -1.848  -1.232   0.910   0.375   1.005   0.709   1.097   0.870  -0.238 
  6 A   0.226  -0.301  -0.662  -0.140  -2.026  -1.134  -2.359   1.849   0.394  -1.097  -1.959  -1.973  -1.650  -0.079  -0.347   1.806   2.564   0.770  -0.431  -0.523 
  7 A   0.908  -0.834   0.325  -4.125  -1.169  -0.520  -1.538  -0.620   1.089  -0.428   1.211  -2.751   0.973  -0.492   0.515   1.619   1.682  -0.898  -1.701  -1.060 
  8 A   3.545  -4.923  -2.798  -4.005  -3.634  -3.082  -0.573  -2.067  -1.416  -1.778  -2.323  -3.313  -1.866  -2.752   4.587   2.116   0.073  -5.357  -3.178   0.494 
  9 A  -6.656  -6.998  -7.290  -7.999  -7.198  -6.714  -7.188  -7.906  -4.605  -4.862  -3.061  -7.100   4.852   6.171  -7.912  -6.761  -6.484  -2.357   6.869  -5.486 
