#HLA-B7801

Last position-specific scoring matrix computed       
            A       R       N       D       C       Q       E       G       H       I       L       K       M       F       P       S       T       W       Y       V 
  1 A  -5.717  -7.096  -0.376  -6.492  -2.274  -5.489  -1.996  -7.959  -0.788  -0.050   2.809  -7.074   4.959   4.425  -7.911  -2.881  -1.529   1.739   2.538  -2.909 
  2 A  -5.931  -7.190  -7.067  -6.769  -7.726  -6.599  -6.321  -7.231  -7.190  -7.964  -8.070  -6.147  -7.726  -8.898   9.106  -5.921  -6.156  -9.811  -7.789  -7.639 
  3 A   1.253  -1.587   0.523  -1.776  -4.631  -0.532  -1.817  -4.842   0.736   0.246  -0.455  -4.000   2.458   2.447  -2.416  -0.057  -0.007   1.931   3.492  -0.319 
  4 A   0.742  -0.872  -1.005   0.368  -1.867  -0.466   1.299  -0.853   0.463  -1.090   0.130  -1.647   0.524  -0.219   2.009   0.521  -0.852   2.535   0.384  -1.000 
  5 A  -0.075   0.245  -1.804  -2.722  -3.381  -0.357  -1.729  -1.853   0.839   1.076  -0.187  -1.691  -0.502   1.621   1.754   0.223  -0.052   1.889   0.756   1.127 
  6 A   0.804   0.068  -0.930  -1.055  -1.462   0.248  -2.667  -0.709   0.991  -0.561  -0.750  -2.363  -1.886   2.171  -0.284   1.208   1.589   1.176   0.154   0.134 
  7 A   0.865  -1.587   1.046  -1.753  -0.830  -0.904  -1.988  -3.609   2.227  -0.203   0.812  -5.001   1.223   1.046   0.597   0.284   0.194  -0.173   1.253   0.614 
  8 A   2.937  -2.828  -2.355  -4.585  -2.433  -0.778  -0.114  -3.226  -2.127  -0.404  -1.397  -3.871   0.597  -1.014   3.985   1.707   0.805  -3.596  -1.332  -0.085 
  9 A   2.323  -7.418  -7.774  -8.022  -4.247  -6.973  -7.368  -7.012  -7.734   3.251   1.453  -7.110   2.450  -1.332  -7.373  -5.229  -2.208  -7.264  -6.221   4.034 
