#HLA-B1802

Last position-specific scoring matrix computed       
            A       R       N       D       C       Q       E       G       H       I       L       K       M       F       P       S       T       W       Y       V 
  1 A  -3.015  -2.835   0.981   1.285  -2.829  -2.747   0.966  -4.415   0.148  -0.360   0.692  -4.363   3.890   1.934  -7.311   0.482  -0.384   2.812   3.078  -2.016 
  2 A  -5.087  -5.298  -5.475  -3.394  -8.647  -1.639   8.001  -7.306  -5.199  -8.391  -8.009  -4.414  -7.060  -8.174  -4.277  -5.257  -6.102  -7.657  -7.059  -7.595 
  3 A  -0.440  -1.685  -0.208  -5.199  -4.121  -0.151  -3.091  -5.245  -1.059   1.805   1.593  -2.111   2.735   1.996  -4.759  -0.353  -1.535   3.363   2.340   0.370 
  4 A   0.801  -2.265  -0.144   1.191  -0.235   0.242   2.021   0.385   0.560  -1.827  -0.929  -1.078  -0.374  -0.184   0.267   0.845  -1.349   1.767   0.442  -1.527 
  5 A   0.736  -0.254  -0.029  -0.619  -2.771  -2.457  -1.564  -0.040   0.994   0.848   0.369  -2.517  -0.280   1.598  -1.065  -0.102  -0.160  -0.626   1.591   0.073 
  6 A   0.315   0.554  -0.311  -0.733  -2.790  -0.344  -2.245  -0.145   0.702  -0.110   0.258  -1.376  -1.040   2.472  -1.060   0.688   0.363   0.236   0.581  -0.772 
  7 A   0.245  -1.859  -0.547  -2.832  -1.465   0.231  -1.266  -3.095   1.512   1.094   0.383  -4.001  -0.373   1.828   1.002  -0.023   0.569   0.440   2.533   0.090 
  8 A   2.838  -2.918  -0.010  -2.455  -4.523  -0.488  -0.094  -1.187  -3.366  -1.576  -1.218  -2.334  -1.978  -2.425   3.935   1.643   0.950  -4.457  -1.641  -0.384 
  9 A  -4.374  -6.860  -7.770  -8.366  -7.285  -5.860  -7.054  -8.224  -3.682  -2.441   0.924  -7.552   4.060   6.394  -8.283  -7.152  -6.731  -1.020   5.333  -3.328 
