#HLA-B4608

Last position-specific scoring matrix computed       
            A       R       N       D       C       Q       E       G       H       I       L       K       M       F       P       S       T       W       Y       V 
  1 A  -2.602   0.579  -6.414  -3.460  -7.001  -5.669  -6.768  -6.163  -1.991   0.350   1.254  -0.394   4.819   3.520  -5.641  -0.198  -3.564   1.516   4.026  -0.853 
  2 A   3.500  -6.487  -5.996  -3.814  -6.067  -2.245  -4.183  -5.400  -6.826  -2.742  -1.581  -6.018   3.123  -6.719  -3.518   2.854   4.500  -7.503  -6.726   0.903 
  3 A   0.703   0.169  -0.147  -4.055  -6.949  -4.151  -4.099  -6.914  -0.253   1.772  -0.561  -4.266   3.109   3.731  -4.770  -1.002  -2.117   0.990   4.106  -0.975 
  4 A   1.197  -1.261   0.288   0.430  -2.535  -0.049   0.801  -1.504  -1.848  -2.280  -2.812  -0.299   0.023  -0.726   3.142   1.791  -0.020   2.351  -0.446  -0.684 
  5 A   1.008  -2.046   0.456  -3.025  -3.039  -3.235  -1.903  -0.126   1.834  -0.998   0.102  -3.652  -0.204   1.935   1.370   1.729   0.964  -0.400   0.568  -0.568 
  6 A  -0.946  -1.701  -1.165  -2.127  -4.583  -4.398  -3.456   1.538  -0.127  -0.026   0.347  -4.812  -0.527   1.903   0.256   2.406   2.204  -0.655  -0.464  -0.586 
  7 A  -0.298  -2.498   0.831  -3.554  -2.736  -1.487  -2.558  -2.532   1.719  -0.196   2.685  -5.386   0.116   1.098   0.301   0.867   0.369  -2.315   0.421  -0.289 
  8 A   1.905  -3.795  -2.929  -4.034  -5.675  -3.483  -1.328  -4.527  -0.145  -1.970  -0.467  -4.148  -2.515  -1.067   4.195   2.033   1.318  -3.589  -0.853   2.259 
  9 A  -7.076  -7.553  -7.007  -5.078  -7.441  -7.426  -5.170  -8.218  -5.730  -3.561  -1.334  -7.687   4.394   7.186  -6.026  -7.204  -6.850  -2.462   4.593  -5.679 
