#HLA-B2706

Last position-specific scoring matrix computed       
            A       R       N       D       C       Q       E       G       H       I       L       K       M       F       P       S       T       W       Y       V 
  1 A   0.423   5.503  -2.602  -6.658  -4.383  -2.750  -5.017  -0.999   1.432  -4.471  -3.911   1.742   1.269  -0.756  -6.974   0.987  -4.227   2.865   1.662  -6.119 
  2 A  -6.482   7.498  -5.509  -3.919  -8.456   4.269  -2.018  -7.357  -5.372  -8.158  -7.340  -1.165  -4.487  -8.107  -7.037  -5.730  -6.165  -7.504  -6.848  -7.558 
  3 A  -1.848   1.609  -2.367  -6.992  -6.164  -1.147  -6.714  -5.852   0.811   0.160   1.076  -2.059   3.046   3.566  -6.246  -2.022  -3.171   5.480   3.797  -1.975 
  4 A   1.365   1.097  -0.049  -1.154  -0.452   0.362  -0.721  -0.120   0.632  -1.644   0.169  -0.236   0.978  -2.705   0.561   1.009   0.108   0.549   0.278  -1.969 
  5 A  -0.265   1.824  -0.262  -3.379  -2.803  -1.061  -2.703   0.022   1.679   0.547   0.537   0.137   0.642   0.918  -1.268  -0.765   0.079   0.410   1.031  -0.496 
  6 A   1.564   2.360  -1.777  -5.331  -3.344  -0.872  -4.695  -1.048  -0.445  -0.019   1.102  -1.600  -1.997   0.419  -0.285   0.870   1.162   2.271  -1.359  -0.827 
  7 A   0.182   0.033   0.043  -3.318  -0.974   0.863  -1.946  -0.855   0.456  -0.955   1.065  -2.059   0.484  -0.710   0.259   1.477   1.359   0.206   0.444  -0.055 
  8 A   2.752  -1.239  -1.267  -4.804  -4.025  -1.292  -1.434  -1.986  -1.241  -1.956  -0.368  -2.862  -1.255  -2.397   3.794   2.524   1.096  -2.024  -1.910  -0.534 
  9 A  -3.885  -7.486  -8.354  -8.621  -6.371  -7.283  -7.949  -8.601  -7.902   2.894   5.221  -7.508   1.908  -3.946  -7.973  -7.382  -6.143  -7.035  -6.232   0.436 
