#HLA-B5002

Last position-specific scoring matrix computed       
            A       R       N       D       C       Q       E       G       H       I       L       K       M       F       P       S       T       W       Y       V 
  1 A   1.618   3.533  -1.758  -6.877  -1.476  -2.129  -5.104   0.248  -0.410  -0.729   0.043   0.912   2.950  -0.799  -7.024   0.292  -2.378   1.423   0.157  -1.855 
  2 A  -6.013  -5.298  -5.471  -3.687  -8.680  -3.320   8.062  -7.328  -5.190  -8.410  -8.023  -4.407  -7.077  -8.170  -6.360  -5.260  -6.109  -7.650  -7.061  -7.611 
  3 A  -0.017  -2.378   0.442  -6.236  -6.972  -0.653  -4.254  -6.242   0.666   1.089   0.835  -2.835   3.877   2.683  -7.525  -0.406  -4.082   3.684   4.157  -1.246 
  4 A   1.859  -0.839   0.677   0.269  -0.569   1.301   1.139  -0.757  -0.079  -1.653  -0.526  -1.825  -0.707  -2.777  -0.916   1.846   0.225  -0.708  -0.874  -0.913 
  5 A   1.034  -2.910  -3.505  -2.412  -3.035  -3.348  -1.468   0.538   0.351  -0.019   1.562  -3.483  -0.239   3.036  -0.979  -0.447   0.751   0.439   1.135  -1.090 
  6 A   1.225  -0.586  -0.783  -1.838   0.019  -0.276  -2.703   0.625  -0.219  -0.696   0.173  -3.054  -2.064   1.752  -1.142   2.290  -0.173   0.566  -0.759  -0.103 
  7 A  -0.883  -3.992  -0.120  -3.724  -0.563  -0.831  -0.951  -3.126   1.046   0.781   1.741  -3.743   0.178   1.237   1.929  -0.170   0.946   0.738   0.747   0.386 
  8 A   2.337  -4.519  -1.678  -4.529  -4.067  -0.494   0.653  -3.621  -0.702  -1.205  -0.531  -2.362  -2.341  -1.842   4.566   1.227   0.645  -2.487  -3.243   0.824 
  9 A   4.858  -7.135  -7.357  -7.559  -5.933  -6.586  -6.818  -6.081  -7.343   2.363  -0.414  -6.645   1.620  -2.374  -6.806  -4.325  -1.772  -7.374  -4.400   2.974 
