#HLA-B7803

Last position-specific scoring matrix computed       
            A       R       N       D       C       Q       E       G       H       I       L       K       M       F       P       S       T       W       Y       V 
  1 A  -5.284  -5.354   0.567  -4.500  -1.681  -3.677  -2.353  -7.743   0.478  -1.574   1.281  -6.950   5.312   5.138  -7.914  -2.035  -1.983   3.199   2.540  -3.404 
  2 A  -0.137  -2.083  -5.593  -5.778  -7.434   2.078  -4.417  -5.436   1.106  -5.606  -4.436  -0.998   1.353  -8.049   7.807  -1.731  -3.344  -8.653  -7.040  -6.302 
  3 A   0.270  -4.039   0.039  -2.216  -5.309  -2.056  -2.706  -6.202   0.912   0.245  -0.829  -4.788   3.166   3.986  -4.144  -0.707  -1.577   2.619   4.808  -1.539 
  4 A   1.041  -0.805  -0.558   0.121  -1.162  -0.625   2.031  -0.531   0.472  -1.647   0.015  -2.314   0.068  -0.805   1.691   0.341  -1.060   2.778   0.768  -1.381 
  5 A   0.339  -0.439  -1.832  -4.164  -2.506  -3.100  -2.256  -1.086   0.978   1.094  -0.318  -3.275  -0.389   2.790   1.750  -0.033   0.268   2.945   0.739   0.542 
  6 A   0.906  -0.905  -1.367  -1.864  -0.973  -0.053  -3.698  -0.758   1.378  -0.165  -0.668  -2.844  -3.623   2.539  -0.442   1.314   1.474   1.440   0.392   0.541 
  7 A   0.152  -2.356   1.386  -1.656   0.008  -0.900  -2.074  -6.304   3.320   0.124  -0.142  -5.286   0.795   1.412  -0.082   0.321   0.658  -0.153   2.032   0.971 
  8 A   2.626  -3.971  -2.383  -5.441  -4.499  -1.330  -0.902  -3.998  -3.803  -0.404  -1.452  -4.266   0.060  -1.747   5.254   1.344   1.084  -4.501  -2.622   0.208 
  9 A   0.153  -7.555  -8.077  -8.314  -5.410  -7.205  -7.679  -7.524  -7.958   3.487   2.996  -7.362   1.255  -2.659  -7.669  -6.334  -4.581  -5.451  -6.263   4.084 
