#HLA-B1535

Last position-specific scoring matrix computed       
            A       R       N       D       C       Q       E       G       H       I       L       K       M       F       P       S       T       W       Y       V 
  1 A   0.852   3.045  -6.241  -6.919  -5.959  -1.812  -5.937  -2.021  -1.347  -0.221   0.735   2.400   3.200   0.381  -6.969   1.851  -3.547  -0.413  -0.060  -1.943 
  2 A   0.028  -6.311  -6.903  -7.327  -6.494   4.109  -6.093  -7.004  -6.704   0.598   2.777  -6.101   6.090  -5.718  -7.263  -0.581  -0.189  -7.116  -6.333   0.499 
  3 A  -0.155   4.311   0.080  -6.931  -7.296  -3.695  -5.735  -6.158   0.598   1.145  -2.724   0.834   2.271   2.542  -5.941  -0.971  -3.693  -6.080   3.160  -1.403 
  4 A   1.549  -1.602   1.568   1.103  -1.682   1.170   0.337  -2.068   1.036  -4.487  -3.331   0.650  -0.304  -1.315   1.346   1.510   0.391   0.011   1.772  -2.721 
  5 A   0.227   0.229  -0.017  -1.287  -4.674  -1.882  -1.485   0.392   2.885  -4.111  -0.380  -1.703   0.059   0.769   0.144   2.545   1.512  -0.407   0.974  -2.485 
  6 A  -0.745  -1.688  -0.912  -2.781  -3.318  -1.595  -3.748   1.435  -0.233   0.204  -0.423  -5.251  -0.532   1.230  -1.570   2.595   2.615  -0.937  -0.894   0.606 
  7 A   0.056  -2.088   0.530  -3.870  -1.104  -0.008  -0.939  -1.176   1.189  -0.982   1.615  -3.689  -0.379  -2.688  -0.495   3.343   1.861  -3.559  -1.867  -1.572 
  8 A   2.528  -3.384  -2.400  -4.451  -4.041  -2.712   0.471  -2.697   1.431  -2.449  -2.682  -5.018  -3.902  -3.009   4.413   3.112   0.432  -4.489  -2.227   0.745 
  9 A  -6.777  -7.593  -7.743  -8.395  -7.597  -7.534  -7.746  -8.236  -4.790  -5.215  -4.256  -7.762   3.203   7.321  -8.481  -7.236  -6.963  -3.358   5.733  -5.915 
