#HLA-B9508

Last position-specific scoring matrix computed       
            A       R       N       D       C       Q       E       G       H       I       L       K       M       F       P       S       T       W       Y       V 
  1 A  -2.546  -1.357  -1.861  -4.704  -4.759  -1.140  -2.171  -4.056   2.245  -0.551  -0.056  -3.474   4.771   3.818  -7.680  -1.033  -0.725   5.386   3.268  -2.438 
  2 A   1.084  -0.184  -5.347  -5.514  -7.336   5.680  -2.607  -6.393   3.659  -5.361  -2.812   3.197   4.793  -7.107  -0.250  -1.442  -3.972  -5.507  -6.082  -5.112 
  3 A   1.153  -2.390   0.312  -4.616  -6.017  -2.044  -3.842  -6.355   1.186  -0.372  -1.561  -3.477   1.998   4.304  -7.389   0.483  -1.551   1.978   4.610  -1.293 
  4 A   1.414  -2.115   0.784   1.507  -1.168  -0.408   1.965   0.250  -0.614  -4.514  -2.904  -0.191   0.278  -3.121   1.850   1.584  -0.285   0.701   0.396  -2.650 
  5 A  -0.126  -0.702   0.797  -0.884  -2.313  -1.086  -1.374   2.004   2.004  -1.895  -0.689  -3.300  -2.177   1.251  -0.290   1.174   0.317   1.792   2.130  -2.037 
  6 A   0.458  -0.940   0.899  -1.124  -2.757  -0.762  -1.824   1.474   0.281  -1.417  -2.138  -2.238  -2.655  -0.154  -0.048   2.467   2.494   0.860  -1.552  -0.489 
  7 A   0.447  -2.521   1.083  -1.862  -1.116   0.395  -2.405  -1.336   1.562  -1.280   1.167  -3.013  -0.404  -1.042   0.879   2.932   1.379  -5.402  -0.728  -1.663 
  8 A   3.130  -4.216  -3.510  -4.709  -4.936  -2.659  -1.481  -4.799  -3.890  -0.481  -2.021  -4.138  -2.562  -4.600   4.906   0.904   0.735  -7.897  -5.005   2.435 
  9 A  -6.934  -7.406  -7.810  -8.406  -7.239  -7.196  -7.681  -8.272  -5.733  -4.542   1.162  -7.544   5.408   6.368  -8.317  -7.186  -6.712  -1.049   4.930  -5.019 
