#HLA-B1304

Last position-specific scoring matrix computed       
            A       R       N       D       C       Q       E       G       H       I       L       K       M       F       P       S       T       W       Y       V 
  1 A  -0.546   1.311  -3.749  -7.322   0.212  -3.207  -6.103  -1.883  -1.219   0.888   1.274   1.112   4.005   2.000  -7.325  -0.149  -1.299   0.765   1.465  -0.850 
  2 A   0.230  -5.259  -5.275   2.348  -7.812   5.353   5.604  -6.728  -5.424  -7.120  -7.238  -2.919   1.609  -7.914  -3.112   0.157  -4.836  -5.671  -6.923  -7.031 
  3 A  -3.726  -5.800  -1.657  -7.938  -6.145  -4.371  -7.317  -7.939  -2.525   0.780  -0.102  -5.931   4.777   4.689  -8.049  -2.373  -5.304   5.110   5.382  -2.256 
  4 A   1.648  -2.608   0.546   1.635  -0.219   0.105   1.763  -2.017  -0.514  -1.325  -0.633  -1.695  -1.443  -1.090   1.213   1.747  -0.389  -0.456  -0.370  -2.359 
  5 A   0.099  -2.185  -2.139  -2.278  -1.128  -2.033  -1.371  -0.648  -0.320  -0.058   0.819  -3.906   0.237   3.093  -1.073   1.262   0.653   1.694   1.493  -0.137 
  6 A   1.821  -3.491  -2.232  -2.172  -0.800  -2.361  -3.973  -0.279  -0.467   0.420  -0.043  -4.458  -2.949   2.125  -1.352   1.512   2.063   2.090  -0.623   0.573 
  7 A  -1.333  -3.508  -0.662  -1.410  -1.479   1.263   0.122  -6.139   1.738  -0.782   1.535  -2.408   0.247   1.579   0.540   0.707   0.840   1.568   1.826  -0.379 
  8 A  -0.027  -2.401  -0.699  -4.533  -5.850   1.024  -0.932  -2.216  -0.432  -1.329   0.687  -2.341  -1.050  -0.754   3.296   2.360   2.473  -2.407  -0.354  -0.735 
  9 A  -5.343  -7.955  -8.237  -8.466  -6.769  -7.769  -8.131  -8.508  -7.486   5.465   0.354  -7.805   1.009   4.449  -8.264  -7.450  -6.265   4.859  -4.122  -0.919 
