#HLA-B5411

Last position-specific scoring matrix computed       
            A       R       N       D       C       Q       E       G       H       I       L       K       M       F       P       S       T       W       Y       V 
  1 A  -5.293  -5.432  -0.311  -7.078  -1.858  -6.793  -4.106  -7.942  -0.177  -0.230   2.353  -6.658   4.515   4.733  -7.952  -3.127  -1.300   2.171   3.612  -2.694 
  2 A  -5.931  -7.190  -7.067  -6.769  -7.726  -6.599  -6.321  -7.231  -7.190  -7.964  -8.070  -6.147  -7.726  -8.898   9.106  -5.921  -6.156  -9.811  -7.789  -7.639 
  3 A   1.765  -3.112   0.447   0.208  -4.595  -0.038  -1.441  -4.239   0.029   0.095  -0.900  -4.757   2.449   1.517  -1.469   0.635   0.377   2.560   2.462  -0.142 
  4 A   0.797  -0.896  -1.284   0.033  -2.046  -0.332   0.419  -0.461  -0.325  -0.121   1.086  -2.688   0.480  -0.325   1.195   0.509  -1.052   1.537  -0.244  -0.049 
  5 A   0.029  -0.794  -1.640  -3.154  -2.738  -2.029  -1.781  -1.547  -0.582   2.005   0.095  -1.910   0.672   1.719   0.998  -0.044  -0.596   1.035   0.213   1.685 
  6 A   1.451   0.158  -0.577  -1.844  -1.279  -0.349  -2.816   0.222   0.358  -0.499  -0.262  -2.176  -1.357   1.158  -0.067   1.002   0.891   0.562  -0.480   0.592 
  7 A   0.862  -2.382   0.337  -0.447  -1.132  -1.234  -1.256  -2.503   1.270   0.058  -0.058  -4.403   0.479   2.047  -0.154  -0.059  -0.259  -0.138   2.466   1.022 
  8 A   3.054  -2.030  -2.001  -3.928  -2.977  -0.672   0.723  -2.230  -3.400   0.060  -1.312  -3.686   0.167  -1.097   3.566   1.032   0.605  -1.632  -2.047  -0.185 
  9 A   3.465  -7.418  -7.682  -7.868  -5.279  -6.222  -7.218  -6.688  -7.744   3.866  -0.028  -6.990  -0.575  -4.101  -7.165  -5.255  -2.752  -7.474  -6.478   3.988 
