#HLA-B5146

Last position-specific scoring matrix computed       
            A       R       N       D       C       Q       E       G       H       I       L       K       M       F       P       S       T       W       Y       V 
  1 A  -6.185  -6.666  -2.746  -7.891  -0.828  -5.118  -3.447  -8.117  -0.449   1.584   2.911  -7.176   4.587   3.707  -7.902  -3.564  -0.604   1.728   2.582  -1.162 
  2 A  -5.026  -7.187  -7.065  -6.769  -7.713  -6.597  -6.320  -7.217  -7.188  -7.956  -8.063  -6.146  -7.718  -8.890   9.095  -5.910  -6.152  -9.799  -7.785  -7.625 
  3 A   0.981  -4.172   0.706  -1.278  -4.617  -0.283  -0.859  -2.961   0.043   0.054   0.563  -5.642   2.011   1.705  -3.545   0.072   0.139   2.221   3.435   0.009 
  4 A   0.971  -2.111  -1.270   0.443  -1.842  -0.663   1.171  -2.015  -0.433  -0.102   0.455  -2.004   0.290   0.366   1.652   0.664   0.006   1.653  -0.502  -0.311 
  5 A   0.775  -0.707  -1.306  -1.422  -1.819  -0.601  -0.081  -1.697  -0.562   1.389  -0.154  -2.391   0.947   0.031   0.374   0.653   0.247   1.878   0.097   1.024 
  6 A   1.669  -2.229  -0.505  -0.435  -1.809  -0.524  -2.444  -1.130  -0.328  -0.456  -0.045  -2.032  -0.914   1.049   0.971   1.328   1.331   0.876  -0.216   0.214 
  7 A  -0.225  -3.756   0.576  -1.343  -0.443  -0.276  -0.668  -3.790   2.314  -0.179   0.933  -3.695   1.230   1.403   0.804   0.102  -0.311   0.034   0.936   1.188 
  8 A   0.788  -0.936  -0.796  -3.750  -2.479   0.817   0.258  -2.644  -1.221   0.700  -0.355  -1.884   0.630  -0.231   2.112   1.458   1.543  -1.259  -0.725   0.267 
  9 A  -6.086  -7.887  -8.312  -8.470  -6.427  -7.590  -8.118  -8.676  -7.986   5.750   2.237  -7.662   0.931   0.669  -8.009  -7.405  -5.971  -0.677  -5.821   1.643 
