#HLA-B4005

Last position-specific scoring matrix computed       
            A       R       N       D       C       Q       E       G       H       I       L       K       M       F       P       S       T       W       Y       V 
  1 A   0.760   4.606  -5.268  -6.839  -2.340  -2.317  -5.452  -0.144   0.127  -0.953  -1.857   2.491   2.513  -0.624  -6.995  -0.048  -3.178   2.538  -0.068  -2.793 
  2 A  -5.515  -4.966  -5.405  -2.073  -8.494   5.177   7.138  -7.187  -5.141  -8.130  -7.682  -1.709  -1.581  -8.175  -6.434  -5.267  -6.023  -7.602  -6.902  -7.453 
  3 A  -1.317   1.184  -0.273  -7.423  -7.204  -1.495  -6.287  -7.116   0.349   0.224  -0.131  -3.130   4.211   4.143  -7.717  -1.596  -4.190   3.912   4.289  -2.254 
  4 A   1.627  -1.198   0.712   0.386  -1.307   0.232   0.899  -0.724   0.127  -2.570  -0.876  -1.266   0.663  -0.173   0.674   1.138   0.114  -0.424   0.995  -1.228 
  5 A   0.754  -0.466  -1.363  -2.942  -3.053  -1.971  -2.095   1.135   2.131  -0.467   0.457  -2.212   0.294   1.290  -0.867   1.017   0.493   0.232   1.147  -0.476 
  6 A   1.354   0.896  -1.072  -1.496  -0.828  -0.423  -4.180   0.685   0.763  -0.459  -0.614  -2.143  -3.706   1.322  -1.683   1.923   1.300   1.417  -2.052  -0.448 
  7 A  -0.939  -2.310   0.031  -4.628  -1.632   1.443  -1.301  -2.969   0.844   0.054   1.284  -2.807   0.332   0.035   1.687   1.390   1.837  -0.935   0.319   0.108 
  8 A   2.649  -3.555  -2.083  -5.980  -6.610  -0.774  -0.517  -3.799  -1.752  -1.263  -3.289  -3.838  -1.469  -3.192   5.133   2.524   0.820  -3.045  -3.069   0.625 
  9 A  -1.642  -7.481  -8.190  -8.481  -6.438  -7.230  -7.837  -8.331  -7.629   3.018   4.417  -7.454   3.515   1.667  -7.935  -7.136  -5.110  -1.890  -5.078   0.324 
