#HLA-B9524

Last position-specific scoring matrix computed       
            A       R       N       D       C       Q       E       G       H       I       L       K       M       F       P       S       T       W       Y       V 
  1 A  -2.189   0.079   0.447  -2.756  -3.885  -0.151   0.606  -2.904   1.778  -2.213  -1.646  -2.669   3.277   2.681  -7.353   0.486   0.066   5.288   3.907  -3.379 
  2 A  -5.090  -2.872  -5.406  -4.224  -8.476   5.756   6.898  -7.165  -1.101  -8.167  -7.711  -2.015  -3.406  -8.175  -4.640  -5.271  -6.019  -7.563  -6.037  -7.472 
  3 A   1.184  -4.955  -0.514  -3.038  -5.140  -0.155  -2.689  -6.418   0.120   1.268   0.378  -6.539   3.431   2.847  -5.999   0.003  -0.732   2.742   3.096  -0.182 
  4 A   1.451  -1.961   0.154   1.173  -1.899   1.113   2.249   2.317  -0.169  -4.414  -2.478  -2.003  -1.221  -1.121   1.119   0.135  -1.977   1.407  -0.035  -3.367 
  5 A   1.213  -3.018   0.637  -0.384  -2.488  -1.606  -2.510   1.683   0.364  -0.186   0.257  -4.223  -0.528   0.533  -1.835   0.215  -0.535  -0.915   1.325   1.010 
  6 A   0.934  -0.806   0.802   0.366  -2.524   0.267  -1.474   0.741   1.067  -1.339  -0.906  -1.976  -0.712   0.533   0.264   1.162   0.995   1.537  -0.497  -0.828 
  7 A   0.772  -3.587  -0.822  -2.578  -1.627   0.669  -1.806  -2.033   1.125   0.545   0.830  -4.179   0.411   0.890   1.449   0.724   0.957   0.410   1.395   0.084 
  8 A   3.596  -3.800  -2.643  -4.857  -6.456  -3.222  -0.658  -2.114  -4.685  -1.279  -1.525  -5.405  -2.879  -4.374   4.770   1.310   1.024  -4.542  -3.617   0.754 
  9 A  -6.006  -7.354  -8.266  -8.649  -6.541  -7.187  -7.877  -8.562  -7.422  -1.901   5.364  -7.501   4.108   2.641  -8.104  -7.406  -6.356  -4.952  -2.401  -1.593 
