#HLA-B4606

Last position-specific scoring matrix computed       
            A       R       N       D       C       Q       E       G       H       I       L       K       M       F       P       S       T       W       Y       V 
  1 A  -1.287   3.332  -5.150  -4.015  -5.365  -5.193  -6.249  -2.554  -3.684  -0.577  -1.343   0.290   3.378   1.985  -4.678   1.516  -1.883   2.246   4.562  -1.554 
  2 A   4.192  -6.028  -6.197  -4.248  -6.041   0.686  -5.342  -5.848  -6.831  -1.209  -2.630  -4.861   2.136  -6.263  -4.306   1.717   3.891  -7.534  -6.710   1.598 
  3 A  -0.012  -6.254  -4.224  -4.018  -6.702  -3.519  -5.216  -7.230  -1.963   2.659   1.139  -6.583   3.420   2.867   0.977  -3.188  -2.440   3.663   1.818   1.473 
  4 A   2.523  -2.917   0.068   0.246  -1.143   0.270  -0.030   1.192  -1.206  -2.706  -3.384  -2.155   0.004  -0.742   2.727   1.148  -1.250   3.854  -1.990  -2.352 
  5 A   1.971  -5.156   2.072  -4.114  -1.778  -5.104  -3.286   0.496  -0.113   0.001  -0.254  -4.593  -0.534   0.006  -1.928   2.126   1.222  -2.887  -0.341   0.951 
  6 A   0.283  -3.196  -2.728  -1.790  -4.107  -3.352  -4.398   1.558   0.969  -0.091   0.986  -5.746  -0.501   2.800  -0.873   2.119   1.061   0.231  -1.012  -1.282 
  7 A   0.046  -4.798  -1.581  -3.233  -3.072  -3.964  -2.646  -4.027   2.269   0.753   1.408  -5.144   0.278   4.301  -0.115  -1.883  -1.121   1.834   2.365  -0.440 
  8 A   3.160  -6.263  -3.662  -4.210  -4.459  -4.323  -0.285  -3.967  -2.842  -2.344  -0.527  -4.986  -3.739   0.295   4.366   1.377   1.246  -1.268  -0.091   0.560 
  9 A  -6.819  -7.429  -7.929  -4.373  -6.914  -7.229  -5.482  -8.337  -6.780  -2.025   3.382  -7.556   5.529   5.945  -8.274  -7.256  -6.548  -4.383  -0.611  -4.138 
