#HLA-B4602

Last position-specific scoring matrix computed       
            A       R       N       D       C       Q       E       G       H       I       L       K       M       F       P       S       T       W       Y       V 
  1 A  -3.306  -1.403  -7.196  -2.558  -6.035  -5.976  -7.041  -6.580  -2.613   0.418   1.263  -2.925   4.648   4.462  -4.889  -0.623  -4.408   1.302   4.675  -1.513 
  2 A   2.944  -6.369  -5.620  -3.084  -6.074  -5.251  -3.418  -6.093  -6.733  -3.833  -3.879  -5.569   1.818  -6.972  -6.255   3.775   5.423  -7.551  -6.800  -0.095 
  3 A   2.291   0.929   1.924  -3.018  -6.725  -3.392  -3.374  -6.006   0.315   1.918  -4.419  -2.753   2.487   1.011  -3.965   1.326  -0.437  -4.052   2.378  -0.203 
  4 A   1.575  -1.939   0.578   0.304  -3.772  -0.129   0.581  -1.742  -1.663  -3.110  -3.504  -0.074  -0.764   0.370   3.074   1.725   0.173   1.867  -0.336  -0.362 
  5 A   0.541  -2.262   0.345  -2.434  -2.465  -2.647  -1.575  -1.379   0.525   0.467   0.591  -3.528  -0.159   1.286   0.434   1.600   1.238  -1.913   0.266   0.914 
  6 A  -1.887  -1.354  -0.352  -1.255  -5.149  -3.253  -2.857   0.935  -0.451   0.299  -0.143  -4.530   0.287   0.462   0.918   2.092   2.875   0.201  -0.418   0.221 
  7 A   1.064  -3.090   1.294  -1.977  -2.712  -1.203  -1.963  -1.179   1.498  -1.262   1.847  -4.953  -0.849  -0.512  -1.340   2.431   1.311  -3.501  -0.814  -0.575 
  8 A   1.293  -3.763  -2.774  -3.650  -5.077  -1.823   0.102  -3.127   0.606  -1.094  -0.086  -3.356  -2.471   0.185   2.876   1.820   0.606  -2.353   1.170   2.102 
  9 A  -7.021  -7.431  -5.892  -4.324  -7.463  -7.203  -4.385  -8.202  -5.423  -4.160  -1.130  -7.527   4.476   6.738  -5.482  -7.125  -6.812  -2.908   5.639  -5.724 
