#B3923

Last position-specific scoring matrix computed       
            A       R       N       D       C       Q       E       G       H       I       L       K       M       F       P       S       T       W       Y       V 
  1 A  -1.845   1.923  -1.561  -6.357  -1.851  -1.731  -5.729  -2.413   1.122  -2.891  -0.787  -1.963   3.011   3.597  -7.217   0.713  -2.008   5.474   4.353  -3.620 
  2 A  -5.220   1.504  -4.930  -3.775  -7.910   7.962   2.727  -6.258   2.492  -7.525  -6.142   0.209  -1.846  -7.760  -6.305  -5.002  -5.597  -7.075  -5.280  -6.996 
  3 A  -0.269  -4.635  -1.121  -0.538  -4.899   0.865  -1.034  -4.852   0.004   0.473   1.143  -3.725   3.731   1.769  -5.029  -1.205  -1.608   4.063   3.728  -0.841 
  4 A   1.101  -0.604  -0.499  -0.134   0.209   0.792   2.298  -0.443   0.354  -2.448  -0.440  -1.341   0.567  -1.370   2.073   0.218  -0.704   0.382   0.448  -2.386 
  5 A   0.418  -1.522  -0.565  -2.113  -1.150  -2.325  -2.552   0.938   0.986   0.176   1.039  -2.946   0.354   1.951  -1.556   0.376   0.133  -0.154   1.268  -0.176 
  6 A   0.836  -0.154   0.505  -0.381  -1.964  -0.674  -2.391   0.377   1.749  -0.746  -0.389  -1.971  -1.955   2.363  -1.000   0.318   0.675   2.511  -0.900  -0.663 
  7 A   0.585  -2.260   0.525  -1.253  -1.670   0.726  -1.354  -4.034   2.039  -0.201  -1.000  -3.259  -0.188   2.249   0.441  -0.078   0.212   0.252   2.514   1.172 
  8 A   3.105  -4.112  -4.780  -4.517  -3.041  -0.448  -1.016  -3.793  -2.365  -1.079  -1.034  -4.634  -2.150  -3.289   4.589   1.455   2.028  -7.298  -1.990   0.376 
  9 A  -5.836  -7.125  -8.064  -8.351  -6.041  -6.982  -7.644  -8.356  -7.575   2.011   5.550  -7.207   0.329  -2.739  -7.681  -7.155  -5.864  -6.629  -5.817   0.237 
