#HLA-B4021

Last position-specific scoring matrix computed       
            A       R       N       D       C       Q       E       G       H       I       L       K       M       F       P       S       T       W       Y       V 
  1 A   0.360   3.186  -2.592  -1.385  -3.491  -1.505  -5.708  -0.113  -1.139  -1.643  -1.730  -0.510   1.415   1.539   1.679   0.229  -2.216   4.496   2.724  -3.429 
  2 A  -5.507  -4.342  -1.281  -2.652  -1.126   7.035   5.735  -4.862  -4.107  -7.312  -6.568  -2.948  -1.870  -7.167  -6.565  -4.779  -4.463  -7.413  -2.101  -5.447 
  3 A   0.510  -4.205  -1.829  -1.094  -5.895  -0.212  -0.999  -2.371   0.005   1.440   0.084  -4.662   3.871   1.893  -0.092   0.171  -1.285   2.477   2.111  -0.231 
  4 A   1.255  -2.973   0.105   1.925  -2.329   0.857   2.299   1.082  -0.392  -2.444  -2.091  -1.057  -0.775  -0.349   1.255   0.447  -1.053  -0.016  -0.753  -2.538 
  5 A   1.245  -4.370  -0.778  -0.308  -0.970  -1.959   0.241   1.373   0.362  -0.326   0.200  -3.235  -0.309  -0.037  -1.942   1.263   0.015  -2.354   0.699   0.566 
  6 A   1.073  -2.458  -0.307  -0.266  -1.462  -0.270  -1.020   0.379   0.687  -0.035   0.231  -2.517   0.199   1.631  -0.520   1.113   0.196   1.772  -1.444  -0.720 
  7 A  -0.108  -3.068  -1.113  -0.604  -1.472   0.626  -0.364  -2.044   0.921   0.101   0.025  -1.631  -0.402   1.856   1.324   0.324   1.088   1.178   0.877   0.340 
  8 A   3.047  -3.082  -3.173  -1.016  -3.302  -1.927  -0.046  -1.466  -2.126  -1.861  -1.040  -2.351  -3.501  -1.652   4.184   1.922   0.572  -2.030  -1.766  -0.901 
  9 A  -6.239  -0.476  -6.002  -2.594  -6.594  -5.068  -1.923  -8.467  -6.370  -0.464   5.496  -6.883   1.842  -0.861  -4.924  -7.224  -6.287  -6.905  -6.047  -1.479 
