#HLA-B0719

Last position-specific scoring matrix computed       
            A       R       N       D       C       Q       E       G       H       I       L       K       M       F       P       S       T       W       Y       V 
  1 A  -0.469   3.103  -1.406  -6.560  -2.065  -2.707  -4.305  -2.635   0.562  -0.275   1.212  -0.974   3.871   1.113  -7.283   0.693  -1.072   2.111   2.176  -2.759 
  2 A  -0.514  -7.183  -7.126  -6.930  -7.279  -6.613  -6.438  -6.400  -7.259  -3.814  -2.558  -6.265  -3.160  -8.045   8.461  -4.341  -4.278  -9.159  -7.493  -0.226 
  3 A   0.529   5.900  -0.527  -5.154  -6.299  -0.092  -3.574  -4.008   0.343  -2.594  -2.776  -0.458   0.881  -0.654  -6.322  -0.455  -0.549  -1.234   0.075  -1.682 
  4 A   0.872   1.460  -1.905  -0.955  -1.501   1.441  -0.574  -0.992   2.003  -2.421  -0.644   0.762   0.591  -0.674   1.114   0.386  -0.004   1.545   1.010  -1.822 
  5 A  -0.121   4.016  -0.753  -3.646  -4.813  -0.573  -3.828  -1.064   2.817  -1.257  -1.125   1.066   0.248  -1.218   1.107  -0.471  -0.616  -0.669   0.833  -1.094 
  6 A  -0.241   3.833  -0.332  -2.867  -3.830   0.118  -2.263   0.670   0.788  -1.377  -0.883  -0.339  -1.953   0.173  -1.457   0.812   1.156   0.711  -2.119  -1.403 
  7 A   0.794   1.653  -0.005  -5.163  -2.474  -1.399  -3.220   0.155   0.449  -1.073   1.042  -2.488   0.640  -1.939  -0.850   1.963   1.456  -0.956  -0.449  -0.236 
  8 A   4.066  -2.810  -4.010  -4.114  -3.561  -0.666   0.181  -3.685  -4.152  -2.017  -3.603  -3.653  -1.457  -2.598   3.816   2.233  -0.628  -2.499  -4.162   0.849 
  9 A   0.337  -7.289  -7.963  -8.300  -5.553  -6.966  -6.991  -7.941  -6.365   0.747   4.288  -7.245   4.727   1.922  -7.748  -5.337  -3.547  -5.119  -5.046   0.992 
