#HLA-B4447

Last position-specific scoring matrix computed       
            A       R       N       D       C       Q       E       G       H       I       L       K       M       F       P       S       T       W       Y       V 
  1 A   1.978   2.555  -2.177  -6.735  -1.461  -1.707  -5.037   0.823  -2.995  -0.848  -0.223   1.879   1.437  -0.744  -6.855   1.486  -1.321  -0.197   0.493  -1.936 
  2 A  -6.015  -5.295  -5.464  -3.224  -8.677  -2.355   8.039  -7.322  -5.190  -8.407  -8.021  -4.407  -7.070  -8.173  -6.362  -5.260  -6.108  -7.651  -7.061  -7.611 
  3 A  -1.132  -5.358  -0.849  -6.503  -6.859  -1.440  -6.120  -7.178  -2.954   2.293   1.202  -5.163   4.404   2.917  -7.702  -0.439  -2.679   4.338   3.842  -0.991 
  4 A   1.533  -2.109   1.107   1.155  -0.462   1.133   2.524  -1.371   0.317  -2.159  -1.100  -1.287  -1.009  -1.945  -0.730   1.708   0.126  -1.616  -0.871  -2.561 
  5 A   0.052  -1.787  -3.885  -1.305  -2.043  -1.241  -0.059  -0.618  -0.208   0.493   1.286  -3.567   0.162   2.824  -2.130   0.175   0.264   0.446   1.882  -0.380 
  6 A   2.112  -1.976  -2.787  -2.729  -0.799   0.004  -3.287  -0.239  -2.368   1.309   0.464  -4.585  -3.185   1.576  -1.350   1.583   1.005   1.164  -1.211  -0.058 
  7 A  -0.944  -2.928  -1.812  -1.579  -1.487   1.354   0.792  -4.985   0.373   0.189   1.107  -1.864   0.661   1.981   2.407  -0.681  -0.620   1.183   1.214  -0.037 
  8 A  -0.946  -0.696   0.370  -3.051  -4.232   2.240   0.719  -0.673  -0.082  -2.526   1.189  -0.645  -0.785  -0.688   2.851   1.025   0.620  -0.007  -0.532  -2.204 
  9 A  -0.996  -7.707  -8.069  -8.324  -5.682  -7.377  -7.841  -7.647  -7.274   5.046   1.278  -7.500   2.330   2.322  -7.926  -6.169  -4.781   3.541   0.856   1.033 
