#HLA-B8301

Last position-specific scoring matrix computed       
            A       R       N       D       C       Q       E       G       H       I       L       K       M       F       P       S       T       W       Y       V 
  1 A  -1.654  -1.435   0.550  -3.579  -2.775  -2.648  -0.601  -4.651  -0.881   0.893   0.956  -3.730   4.501   2.525  -7.439  -0.288   0.079   2.130   2.976  -0.892 
  2 A   0.827  -7.134  -7.035  -6.834  -7.289  -6.540  -6.339  -5.948  -7.180  -4.674  -6.855  -6.175  -3.594  -7.531   8.557  -4.630  -3.356  -9.276  -7.564  -1.913 
  3 A   1.810  -1.097   0.750  -2.933  -2.988  -0.185  -1.805  -3.571  -1.517   0.994  -0.375  -2.114   2.894   0.008  -5.339   0.632   0.122   1.308   1.381   1.262 
  4 A   1.505  -0.643  -0.989  -0.092  -2.285   1.381   0.076  -0.436   1.332  -1.821  -0.759  -0.208   0.344  -0.421   1.205   0.238  -0.198   0.555   0.377  -0.250 
  5 A   0.317  -0.067  -0.875  -0.987  -1.145  -0.093  -0.823  -0.775   1.323  -0.362   0.331  -0.810   0.553   0.830   0.430   0.197  -0.543   1.778   0.738   0.448 
  6 A   0.950   0.643  -0.211  -1.155  -2.256   0.065  -1.824   1.151  -0.668  -0.997  -1.199  -1.694  -1.951  -0.447  -0.266   1.581   2.317   0.544  -1.180  -0.349 
  7 A   0.973  -0.897  -0.394  -3.665  -1.284  -0.429  -0.732  -0.629   0.921  -0.528   1.248  -3.190   0.882   1.226  -1.255   0.765   1.125   0.896   0.922  -1.068 
  8 A   3.789  -2.331  -2.483  -3.137  -2.948  -1.173   0.382  -1.831  -1.562  -1.653  -0.725  -2.657  -2.577  -1.096   2.837   0.828   0.315  -3.583  -1.332   0.076 
  9 A  -6.992  -7.219  -7.472  -8.284  -7.729  -6.878  -7.361  -8.256  -2.244  -5.293  -4.160  -7.294   2.950   5.305  -8.112  -7.045  -6.880  -1.999   8.079  -6.074 
