#HLA-B0715

Last position-specific scoring matrix computed       
            A       R       N       D       C       Q       E       G       H       I       L       K       M       F       P       S       T       W       Y       V 
  1 A   0.819   3.518  -1.453  -6.387  -2.057  -2.815  -5.702  -2.093   0.641  -0.125   0.176   0.505   2.809  -0.826  -7.038   1.387  -0.526   1.783   1.476  -2.096 
  2 A  -2.324  -7.184  -7.077  -6.807  -7.571  -6.595  -6.344  -7.166  -7.205  -5.736  -7.113  -6.172  -6.394  -8.674   8.928  -5.552  -5.383  -9.619  -7.706  -3.125 
  3 A   1.023   5.445  -0.614  -6.673  -5.408  -0.048  -3.480  -3.606   1.417  -1.683  -1.427  -1.283   0.899  -0.992  -5.325  -0.669  -0.490  -0.668   0.233  -1.085 
  4 A   1.004   0.212  -1.323  -0.702  -2.063   0.996  -0.954  -0.655   1.201  -1.761  -0.535   0.604   0.677  -1.141   1.619   0.783   0.583   1.534  -0.081  -0.648 
  5 A   1.049   2.202  -0.688  -3.024  -3.418   0.096  -3.102   0.052   2.323  -1.223  -0.897   0.373   0.342  -1.217   1.291   0.642   0.053  -0.946   0.576  -0.650 
  6 A   0.015   3.473  -0.887  -2.405  -4.746  -1.211  -2.978   1.392   0.858  -1.832  -0.631   0.170  -2.873  -0.206  -0.675   1.004   1.021   0.550  -1.044  -1.587 
  7 A   0.795   1.710   0.419  -3.965  -3.026  -1.637  -2.682   0.090   0.090  -0.601   0.832  -2.005  -0.295  -2.078   0.009   2.114   1.146  -1.601  -1.081  -0.315 
  8 A   3.212  -2.665  -3.374  -4.082  -4.008  -0.231   0.552  -2.877  -3.101  -2.014  -2.273  -2.965  -1.287  -3.171   4.088   2.142   0.704  -2.494  -3.064   0.739 
  9 A  -0.987  -7.321  -8.097  -8.437  -5.561  -7.024  -7.689  -8.189  -7.528   0.715   4.593  -7.327   4.846   1.442  -7.859  -6.966  -4.563  -6.702  -5.641   1.119 
