#HLA-B4045

Last position-specific scoring matrix computed       
            A       R       N       D       C       Q       E       G       H       I       L       K       M       F       P       S       T       W       Y       V 
  1 A   1.271   4.832  -3.443  -6.717  -2.868  -3.285  -5.781   1.461  -1.799  -2.328  -2.654   2.088  -0.638  -1.331  -6.934   0.601  -3.481   3.075   0.754  -4.184 
  2 A  -6.019  -5.262  -5.445  -2.493  -8.661   0.461   7.937  -7.302  -5.183  -8.391  -8.002  -4.397  -7.026  -8.184  -6.372  -5.260  -6.098  -7.651  -7.046  -7.604 
  3 A  -0.421  -1.784  -1.053  -4.986  -3.750   0.591  -3.231  -6.665  -0.075   1.054   1.354  -4.111   4.199   2.796  -6.140  -1.027  -2.229   4.376   3.049  -1.225 
  4 A   1.276  -1.061   0.881   0.128  -0.114   0.943   1.187   0.600  -0.074  -1.257  -0.776  -1.778   0.054   0.195   0.077   0.653  -0.472  -0.205   0.227  -2.208 
  5 A   0.587  -2.069  -2.653  -2.386  -2.738  -2.167  -1.297   1.025   0.903   0.881   1.220  -2.472   0.823   1.336  -2.412   0.188  -0.007  -2.303   0.798   0.555 
  6 A   0.899   0.471  -0.140  -2.135  -1.640  -0.110  -2.475  -0.253   0.688  -0.361   0.983  -1.672  -1.008   2.041  -1.835   1.074  -0.198   0.885  -1.416  -0.305 
  7 A  -0.527  -2.369  -1.419  -2.587  -2.261  -0.129  -0.569  -1.795  -0.316   0.651   0.799  -3.002  -0.364   1.514   1.402   0.062   1.119   1.566   1.938   0.762 
  8 A   2.749  -2.924  -1.349  -2.562  -5.091  -0.154   0.592  -1.245  -2.114  -1.998  -1.739  -3.223  -1.806  -2.090   4.168   1.810   1.053  -1.014  -3.038  -0.280 
  9 A  -3.767  -7.450  -8.307  -8.609  -6.401  -7.270  -7.917  -8.555  -7.812   2.090   5.317  -7.501   1.907  -0.627  -7.982  -6.407  -4.866  -6.891  -5.982   0.156 
