#B3913

Last position-specific scoring matrix computed       
            A       R       N       D       C       Q       E       G       H       I       L       K       M       F       P       S       T       W       Y       V 
  1 A  -1.757   2.016  -1.681  -6.253  -1.646  -2.074  -6.048  -2.529  -0.431  -1.229   0.038  -0.910   2.941   3.461  -7.060   1.049  -2.056   5.013   3.547  -2.826 
  2 A  -5.307  -3.598  -4.886  -2.987  -7.973   6.910   6.118  -6.642   0.035  -7.661  -7.180  -1.905  -3.586  -7.783  -6.049  -4.819  -5.528  -7.087  -6.173  -6.996 
  3 A   0.093  -4.564  -0.817   0.006  -4.791   0.316  -1.049  -4.913   0.519   0.654   0.671  -5.100   3.030   2.000  -3.907  -0.358  -0.907   3.336   3.911  -1.013 
  4 A   1.460  -1.582  -0.277   0.129  -0.117   0.858   1.842  -0.113   0.727  -1.928  -0.643  -1.617   0.055  -1.304   1.928   0.675  -1.106   0.783   0.440  -2.251 
  5 A   0.822  -2.846  -0.812  -1.026  -0.711  -2.517  -2.209   1.427   1.014  -0.098   0.185  -3.922   0.478   1.888  -1.760   0.638   0.266  -1.789   1.395   0.267 
  6 A   1.162  -1.086   0.105  -0.569  -1.706  -0.097  -2.075   0.586   1.218  -1.109  -0.286  -2.027  -2.248   2.252  -1.508   1.183   0.457   2.507  -0.728  -0.770 
  7 A   0.527  -3.360  -0.011  -1.291  -1.716   1.309  -1.518  -3.887   1.533  -0.329  -0.384  -3.830   0.489   2.292   0.627  -0.238   0.799   0.457   1.973   1.174 
  8 A   2.722  -4.811  -4.345  -4.672  -3.722  -0.973  -0.796  -4.375  -2.147  -0.370  -0.751  -4.555  -0.851  -4.722   4.483   1.700   2.407  -5.213  -2.980   0.428 
  9 A  -5.753  -7.021  -7.975  -8.268  -5.951  -6.898  -7.551  -8.261  -7.466   1.646   5.630  -7.120  -0.495  -1.876  -7.594  -7.073  -5.790  -6.492  -5.657   0.079 
