#HLA-B3521

Last position-specific scoring matrix computed       
            A       R       N       D       C       Q       E       G       H       I       L       K       M       F       P       S       T       W       Y       V 
  1 A  -5.180  -6.912   0.016  -2.436  -2.527  -2.720  -0.462  -6.520  -1.019   0.810   1.519  -6.770   5.252   3.450  -7.705  -2.799  -0.307   2.593   3.342  -1.598 
  2 A   1.936  -7.075  -6.985  -6.803  -7.191  -5.856  -6.280  -6.753  -6.142  -6.201  -6.173  -6.127  -2.982  -7.532   8.444  -3.637  -3.667  -9.189  -7.533  -3.936 
  3 A   1.479  -2.700   1.197  -2.208  -3.023   0.175  -0.972  -3.342  -0.072   0.668  -0.295  -3.807   0.945   1.353  -3.292   0.697   0.065   1.060   2.524   0.839 
  4 A   1.188  -2.371  -0.087   1.123  -1.870   0.730   1.464  -0.044   0.302  -2.422  -1.603  -1.139  -0.165  -0.702   1.421   0.656   0.103   2.076   0.296  -0.680 
  5 A   0.729  -3.078  -1.272  -1.047  -0.322  -0.186  -0.770   0.277   1.183  -0.099   0.181  -1.559  -0.092   0.772   0.605   0.897   0.698   1.769  -0.573  -0.022 
  6 A   0.797  -0.761  -1.140  -0.420  -2.490  -0.593  -1.753   0.624   1.189  -0.716  -0.953  -3.020  -1.399   0.048   0.328   1.742   2.016   0.872  -0.069   0.252 
  7 A   0.826  -1.580   0.345  -2.312  -0.967  -0.608  -0.849  -1.437   0.909   0.216   1.182  -4.118   0.493   0.130   0.915   0.737   1.444   0.383  -0.693  -0.391 
  8 A   3.425  -3.741  -2.908  -4.138  -2.404  -1.536   0.292  -2.276  -2.363  -0.834  -1.129  -3.423  -1.737  -1.732   3.192   1.765   0.885  -4.444  -2.802   0.791 
  9 A  -6.952  -7.288  -7.612  -8.322  -7.488  -6.978  -7.491  -8.236  -4.433  -5.143  -2.082  -7.384   5.108   5.949  -8.208  -7.075  -6.780  -1.474   6.937  -5.764 
