#HLA-B2704

Last position-specific scoring matrix computed       
            A       R       N       D       C       Q       E       G       H       I       L       K       M       F       P       S       T       W       Y       V 
  1 A  -1.209   5.855  -3.589  -6.745  -3.264  -3.323  -5.568  -1.646   1.617  -4.494  -3.152   2.173   0.553  -1.720  -7.062   0.149  -5.675   3.088   2.605  -5.936 
  2 A  -6.598   8.075  -5.579  -6.708  -8.513   0.586  -5.150  -7.476  -5.456  -8.241  -7.347  -2.740  -6.510  -8.053  -7.155  -5.845  -6.241  -7.495  -6.905  -7.623 
  3 A  -2.087  -0.774  -1.848  -7.845  -6.183  -1.588  -7.127  -6.914  -0.719   0.648   0.561  -5.423   2.760   4.921  -8.031  -3.273  -4.301   5.858   4.258  -2.228 
  4 A   1.888   1.556   0.620  -1.684  -2.055   0.783  -0.901   0.491   0.645  -2.194  -0.441  -1.488  -0.041  -2.436  -0.193   1.199   0.112   0.873   0.982  -2.446 
  5 A  -0.664   2.119  -0.257  -2.577  -3.793  -0.084  -2.933  -0.237   1.137  -0.133   0.775  -0.547   0.219   1.112  -1.723  -0.295   0.439   1.674   1.037  -0.393 
  6 A   1.210   2.513  -0.870  -4.464  -3.040   0.207  -3.183  -1.149  -1.543  -0.515   1.197  -1.494  -1.468   0.051   0.069   1.235   1.133   1.533  -2.470  -1.240 
  7 A   0.059  -0.518  -0.880  -4.270  -0.680  -0.116  -3.115  -0.815  -0.327  -0.452   1.635  -2.594   0.061  -0.825   0.065   1.885   1.653   0.016   0.824   0.007 
  8 A   1.883   0.133  -0.933  -4.566  -3.317  -0.233  -1.069  -0.912  -1.905  -2.377   0.638  -1.332  -1.065  -1.797   2.649   2.126   1.280  -2.952  -1.470  -0.413 
  9 A  -0.986   1.332  -6.967  -7.561  -6.959  -4.935  -6.498  -5.869   0.099   1.249   2.702   2.487   2.898   1.360  -5.534  -5.405  -3.761  -3.929   2.688  -0.809 
