#HLA-B1569

Last position-specific scoring matrix computed       
            A       R       N       D       C       Q       E       G       H       I       L       K       M       F       P       S       T       W       Y       V 
  1 A   0.604   2.632  -6.362  -7.051  -5.272  -0.824  -6.099  -0.009   0.008  -0.023   0.143   1.825   2.850   0.798  -7.120   0.344  -2.395   2.549   0.920  -0.629 
  2 A  -1.922  -4.398  -5.815  -6.122  -7.433   7.536  -1.558  -7.047  -5.470  -4.487  -1.422   1.930   5.764  -7.008  -6.808  -3.493  -5.140  -7.264  -6.409  -3.601 
  3 A   0.047   1.384   0.049  -6.179  -6.133  -1.006  -4.591  -6.199   1.386  -0.292  -1.154  -2.199   2.497   3.707  -6.676  -0.542  -2.575   1.653   4.849  -1.147 
  4 A   1.515  -2.226   1.435   1.415  -1.493  -0.342   1.118  -0.019   0.492  -3.850  -2.372  -0.390   0.289  -1.922   1.429   1.756  -0.071  -1.595   0.794  -2.799 
  5 A   0.374  -0.641  -0.291  -1.650  -2.273  -1.963  -2.478   1.480   1.510  -1.368   0.128  -2.491  -0.808   0.874  -0.683   1.821   0.814   1.043   1.671  -1.098 
  6 A   0.541  -1.414   0.287  -1.703  -2.242  -0.995  -2.464   1.674  -0.223  -0.065  -1.213  -3.746  -1.407   0.946  -0.755   2.402   2.141  -0.005  -2.463  -0.486 
  7 A  -0.276  -2.293   0.116  -3.907  -0.823   0.640  -1.006  -0.986   0.984  -0.427   1.196  -2.261  -0.172  -0.481   1.160   2.765   1.637  -3.543  -2.143  -1.346 
  8 A   2.588  -2.144  -1.669  -3.947  -4.471  -2.968  -0.072  -3.470  -0.974  -0.673  -0.773  -3.882  -3.077  -2.042   3.934   2.001   0.990  -2.479  -3.011   1.242 
  9 A  -7.044  -7.597  -7.888  -8.438  -7.294  -7.529  -7.839  -8.263  -6.107  -2.778   0.278  -7.771   4.840   7.164  -8.489  -7.275  -6.797  -0.305   3.153  -4.676 
