#HLA-B5702

Last position-specific scoring matrix computed       
            A       R       N       D       C       Q       E       G       H       I       L       K       M       F       P       S       T       W       Y       V 
  1 A  -2.219   3.264  -6.109  -0.400  -0.883  -4.753  -4.552  -4.582  -3.302   0.788  -0.882   3.954   2.841  -0.694   0.071  -1.138  -1.291  -2.906  -0.745  -0.680 
  2 A   0.593  -2.647  -3.330  -1.813  -4.841  -5.327  -2.801  -5.560  -4.921  -6.567  -7.174  -1.700  -5.560  -7.447  -6.068   6.231   4.381  -7.715  -6.914  -5.934 
  3 A   1.347  -5.450   1.412  -0.974  -4.615  -1.839  -0.732  -2.727  -1.298  -0.532  -0.145  -4.841   3.590   2.315  -1.974   1.044  -1.042   2.397   2.731  -1.123 
  4 A   2.660  -2.409  -1.436  -0.508  -2.752  -1.896   0.632  -0.848  -0.112  -1.491  -0.892  -0.974  -1.447  -0.727   3.298   1.259  -0.340   2.065  -1.844  -1.846 
  5 A   0.136  -1.653  -0.605  -0.854  -0.090  -0.888   0.104  -1.842  -2.321   0.721   0.128  -1.145   0.318   0.749  -0.292  -0.010   0.776   0.728   0.460   1.639 
  6 A   0.404  -1.451   0.809   0.503  -4.656   0.591  -0.647  -1.018   0.459  -0.862  -0.711  -2.521  -2.152   0.074   2.210   2.143   1.545   0.856  -1.819  -1.105 
  7 A   0.166  -4.080  -0.660  -0.324  -2.817  -1.676   0.451  -3.782   2.457  -2.408   0.167  -1.231   0.013   3.276  -0.229  -0.603   0.300   2.653   2.223  -0.198 
  8 A  -2.333  -0.004  -1.744  -1.116  -4.686   1.129  -0.405  -1.662  -0.406  -0.492   1.670  -0.736  -1.277   0.507   0.656   0.752   1.798  -0.167   1.836  -1.346 
  9 A  -6.601  -7.701  -3.466  -1.923  -6.778  -4.876  -0.826  -6.907  -7.545   5.956   1.028  -7.356  -2.958  -0.632  -4.962  -7.254  -6.136   6.011  -5.054  -2.230 
