#HLA-B2709

Last position-specific scoring matrix computed       
            A       R       N       D       C       Q       E       G       H       I       L       K       M       F       P       S       T       W       Y       V 
  1 A   0.162   5.701  -2.617  -6.732  -5.622  -3.354  -5.295  -1.170   1.561  -4.859  -3.555   1.977   0.859  -1.612  -7.030  -0.532  -4.312   2.797   2.821  -6.478 
  2 A  -6.617   8.151  -5.589  -6.746  -8.523  -1.392  -5.217  -7.495  -5.473  -8.252  -7.348  -2.954  -6.533  -8.042  -7.172  -5.864  -6.254  -7.496  -6.918  -7.633 
  3 A  -1.783  -1.007  -0.914  -6.964  -5.329  -0.027  -5.981  -6.435   0.112   1.017   1.437  -2.990   2.805   3.861  -7.833  -1.549  -3.303   6.078   2.642  -1.595 
  4 A   1.686   1.409   0.423  -1.878  -2.047   0.720  -1.183   0.543   0.108  -1.217  -0.054  -0.975   0.759  -2.590  -0.126   0.692   0.464   0.863  -0.368  -1.462 
  5 A  -0.189   0.896  -1.145  -2.858  -3.378  -0.111  -2.194  -0.245   0.614   0.904   1.187  -1.054   0.971   1.012  -3.554  -0.669   0.131   0.898   1.033   0.465 
  6 A   1.542   1.735  -0.270  -4.481  -3.039  -0.098  -2.955  -0.448  -1.231  -0.024   1.103  -1.473  -1.010   0.971  -0.214   0.631   0.285   2.079  -2.411  -1.072 
  7 A   0.495  -0.652  -2.259  -1.800  -1.632  -0.451  -2.100  -1.130  -0.792  -0.761   1.684  -2.629   0.251   0.987   0.484   0.573   0.613   1.188   2.009   0.001 
  8 A   1.676  -0.177  -0.798  -3.987  -2.727  -0.252  -1.375  -0.391  -2.105  -1.889   1.235  -2.058  -1.038  -1.657   2.645   1.737   0.717  -1.603  -0.468  -0.647 
  9 A  -1.038  -3.082  -7.832  -8.213  -6.508  -5.573  -7.413  -6.382  -3.314   2.102   4.483  -1.218   3.166   0.724  -6.902  -4.692  -5.732  -2.811  -2.382   0.010 
