#HLA-B2720

Last position-specific scoring matrix computed       
            A       R       N       D       C       Q       E       G       H       I       L       K       M       F       P       S       T       W       Y       V 
  1 A   0.536   5.329  -2.107  -6.692  -4.375  -2.606  -5.362  -0.495   1.662  -4.433  -3.353   1.457   1.208  -0.053  -7.012   0.589  -3.674   2.714   1.884  -5.811 
  2 A  -6.518   7.708  -5.537  -5.389  -8.477   3.469  -2.699  -7.397  -5.398  -8.193  -7.349  -1.405  -5.642  -8.094  -7.074  -5.767  -6.189  -7.500  -6.865  -7.583 
  3 A  -1.666   0.308  -2.392  -7.063  -6.133  -1.410  -6.406  -5.872   0.813   0.405   1.204  -3.082   2.909   3.875  -6.281  -2.037  -3.331   5.422   4.144  -1.949 
  4 A   1.405   0.847  -0.233  -1.304  -0.451   0.357  -0.444   0.126   0.550  -1.634   0.381  -0.542   0.839  -2.181   0.503   0.750   0.104   0.715   0.424  -1.962 
  5 A  -0.493   1.464  -0.586  -2.821  -3.095  -0.764  -2.472   0.353   1.565   0.394   0.449   0.211   0.640   0.878  -1.267  -0.879   0.351   0.581   1.139  -0.156 
  6 A   1.680   1.593  -1.791  -4.789  -2.473  -0.887  -3.895  -1.261  -0.337   0.207   1.177  -1.639  -1.794   0.426   0.318   0.801   0.887   2.081  -0.890  -0.513 
  7 A   0.335  -0.446  -0.135  -2.900  -1.125   0.191  -1.232  -0.810   0.189  -0.801   1.068  -1.907   0.646  -0.635   0.660   1.313   1.134   0.562   0.642   0.018 
  8 A   2.562  -1.017  -1.267  -4.146  -4.036  -1.071  -1.592  -1.480  -0.951  -1.861  -0.360  -2.237  -0.958  -2.383   3.527   2.333   0.990  -2.456  -1.478  -0.008 
  9 A  -4.459  -7.535  -8.383  -8.636  -6.368  -7.350  -7.990  -8.650  -7.964   3.213   5.191  -7.547   0.406  -4.176  -7.986  -7.427  -6.134  -7.065  -6.251   0.726 
