#HLA-B5523

Last position-specific scoring matrix computed       
            A       R       N       D       C       Q       E       G       H       I       L       K       M       F       P       S       T       W       Y       V 
  1 A  -2.915  -1.668  -3.038  -7.235  -3.051  -4.639  -4.507  -6.310  -2.483   1.130   2.310  -5.448   5.096   3.888  -7.854  -2.881  -2.168   1.392   3.542  -1.535 
  2 A  -3.212  -7.175  -7.056  -6.772  -7.662  -6.582  -6.317  -7.174  -7.180  -7.897  -7.995  -6.144  -5.067  -8.835   9.039  -5.867  -5.108  -9.731  -7.761  -7.552 
  3 A   1.532  -1.127   0.909  -4.115  -2.738  -0.922  -3.464  -4.630  -0.880   0.269  -0.690  -4.383   2.740   2.066  -4.338   0.245   0.457   3.608   2.943   0.572 
  4 A   0.531  -1.530  -0.705  -0.303  -2.791   0.529   0.270  -0.331   0.541  -0.572   0.072  -0.981   0.771   0.168   1.242   0.830  -0.306   2.362  -0.057  -0.297 
  5 A   0.183  -0.775  -1.925  -2.080  -1.291  -0.816  -1.349  -1.662   0.975   1.012   0.612  -1.576   0.665   2.031  -0.232  -0.459   0.225   2.547  -0.067   0.822 
  6 A   1.086   0.828  -1.416  -1.415  -2.490   0.514  -4.141   0.507   0.363  -0.866  -0.983  -2.128  -1.392   0.796  -0.059   1.416   2.156   1.020  -0.687  -0.043 
  7 A   0.864  -1.441  -0.617  -2.167  -0.831  -2.159  -1.512  -1.519   1.444  -0.087   1.142  -4.213   0.582   1.705   0.180   0.108   0.041   0.760   1.986   0.204 
  8 A   3.239  -3.262  -2.645  -4.845  -2.953  -1.423   0.243  -2.299  -3.435  -0.836  -0.448  -3.895   0.178  -1.433   3.719   1.267   0.610  -1.639  -2.586   0.219 
  9 A   0.026  -6.738  -7.595  -8.116  -6.920  -4.770  -6.837  -6.924  -3.113   1.501   0.054  -6.735   4.401   4.891  -7.841  -5.281  -3.328  -2.233   5.237  -0.455 
