#HLA-B0728

Last position-specific scoring matrix computed       
            A       R       N       D       C       Q       E       G       H       I       L       K       M       F       P       S       T       W       Y       V 
  1 A   0.043   4.500  -2.225  -7.034  -4.231  -3.960  -5.433  -4.231  -2.181   0.273   0.119  -0.057   2.993   0.184  -7.181   0.867  -1.781   1.799   2.544  -2.086 
  2 A  -1.139  -7.194  -7.105  -6.915  -7.284  -6.616  -6.433  -6.777  -7.278  -3.399  -6.323  -6.263  -3.198  -8.162   8.494  -4.541  -2.915  -9.226  -7.512   0.709 
  3 A   1.183   4.669  -0.020  -5.580  -5.330  -0.506  -3.142  -4.850   0.407  -0.406  -1.317  -2.123   1.320   0.864  -4.980  -1.041  -0.928   1.180   1.192   0.092 
  4 A   0.879  -0.617   0.186  -0.560  -3.801   1.961  -0.681  -0.878   2.055  -2.091  -1.447   0.274   0.961  -0.678   1.206   1.039   0.060   1.659   0.954  -0.989 
  5 A   1.255   1.050  -0.010  -3.647  -2.770  -0.403  -3.326   0.287   1.561  -0.631  -0.220  -0.611   0.766  -0.291   1.331   0.501   0.737   0.716  -0.323  -0.614 
  6 A   0.348   3.075  -1.116  -2.513  -3.793   0.020  -3.728   2.006   0.463  -2.375  -1.049  -0.922  -2.405  -0.395  -1.337   1.361   1.643   0.548  -1.174  -1.593 
  7 A   0.799   1.101  -0.238  -3.816  -2.724  -1.539  -3.091   0.474   0.355  -0.169   1.115  -3.356   0.030  -1.846  -0.507   2.196   1.517  -2.916  -1.195  -0.531 
  8 A   3.694  -2.233  -2.744  -4.340  -4.423  -1.292  -0.462  -3.250  -2.583  -2.496  -2.278  -3.993  -1.449  -3.005   4.170   2.147   0.339  -2.492  -2.633   0.660 
  9 A  -3.862  -6.203  -7.734  -8.301  -6.979  -5.640  -7.509  -7.640  -1.817  -2.346   2.467  -4.880   5.811   5.254  -7.150  -7.028  -5.684  -2.781   4.141  -2.357 
