#HLA-B4058

Last position-specific scoring matrix computed       
            A       R       N       D       C       Q       E       G       H       I       L       K       M       F       P       S       T       W       Y       V 
  1 A   0.881   4.641  -4.150  -5.991  -3.173  -1.373  -5.481  -0.218  -0.854  -2.175  -2.426   1.928   2.154   0.016  -7.069  -0.096  -3.354   4.489   1.394  -3.584 
  2 A  -4.104  -3.965  -5.361  -0.289  -8.034   8.145   3.407  -6.611  -5.099  -6.880  -3.339  -2.675   2.254  -7.906  -5.545  -4.828  -5.870  -7.466  -6.585  -6.944 
  3 A  -1.417  -2.107  -2.546  -4.186  -5.987  -1.193  -5.089  -7.234  -0.766  -0.328   1.729  -4.230   4.877   3.795  -6.268  -1.859  -2.734   4.946   3.128  -0.997 
  4 A   1.295  -2.083   0.089   1.885  -0.727  -1.123   1.489   0.391   0.554  -1.980  -0.635  -1.566   0.039  -0.922   1.542   0.399  -0.598  -0.218   0.279  -2.396 
  5 A   0.800  -0.321  -2.134  -2.405  -1.282  -2.177  -3.335   1.004   0.606  -0.052   1.240  -3.128   0.239   1.633  -2.416   0.674  -0.666   0.903   1.202   0.294 
  6 A   1.122   0.584  -0.438  -1.581  -2.254  -0.349  -2.363   0.379   0.267  -0.068  -0.041  -3.272  -0.911   1.837  -1.701   1.262   0.960   2.083  -2.344  -0.236 
  7 A  -0.488  -1.949  -0.902  -2.582  -1.134   0.838  -1.402  -3.433   1.320   0.784   0.050  -3.984  -0.380   2.086   1.933   0.110   1.251  -0.385   1.369   0.810 
  8 A   3.178  -3.568  -2.081  -4.291  -5.044  -1.298  -0.352  -2.258  -3.757  -2.353  -2.118  -4.367  -2.965  -2.755   5.224   2.324   0.624  -4.543  -3.093  -0.917 
  9 A  -2.385  -7.471  -8.250  -8.540  -6.400  -7.245  -7.868  -8.430  -7.742   2.588   4.817  -7.474   2.874   0.609  -7.945  -6.736  -5.744  -5.216  -5.811   0.898 
