#HLA-B7802

Last position-specific scoring matrix computed       
            A       R       N       D       C       Q       E       G       H       I       L       K       M       F       P       S       T       W       Y       V 
  1 A  -5.757  -7.189  -1.206  -7.210  -2.045  -5.122  -3.607  -8.079  -1.223   0.351   2.876  -7.207   5.248   4.530  -8.009  -4.462  -2.193   2.153   2.339  -2.677 
  2 A  -4.662  -7.186  -7.065  -6.770  -7.707  -6.595  -6.319  -7.210  -7.187  -7.952  -8.059  -6.146  -7.714  -8.886   9.089  -5.905  -6.150  -9.793  -7.783  -7.618 
  3 A   1.211  -2.039   0.965  -1.422  -4.163  -0.193  -1.246  -4.635   0.894  -0.086  -0.729  -4.349   1.684   2.400  -2.568   0.164   0.045   1.361   3.718  -0.151 
  4 A   0.496  -1.550  -1.005   0.571  -1.866  -0.743   1.442  -1.105   0.199  -1.081   0.227  -2.075  -0.014   0.174   1.870   0.795  -0.659   2.930   0.528  -0.766 
  5 A   0.287  -0.655  -1.911  -1.702  -2.759  -0.628  -1.650  -1.650   0.176   1.001   0.148  -2.323  -0.271   1.497   1.565   0.347   0.280   2.093   0.870   0.940 
  6 A   1.097  -0.574  -1.002  -0.222  -1.134  -0.265  -2.223  -0.570   1.195  -1.163  -1.040  -2.099  -1.723   2.272  -0.209   1.151   1.259   1.178   0.444   0.185 
  7 A   0.629  -2.973   1.349  -1.184  -0.833  -0.708  -1.710  -4.149   2.489  -0.249   0.649  -5.023   1.153   1.042   0.810   0.249   0.620  -0.177   1.096   0.609 
  8 A   2.771  -3.571  -2.239  -3.963  -2.972  -0.878   0.159  -3.039  -1.933   0.008  -1.294  -3.436   0.684  -0.711   3.737   1.344   0.874  -2.957  -1.449   0.380 
  9 A   1.557  -7.464  -7.864  -8.125  -4.798  -7.046  -7.481  -7.205  -7.650   3.311   1.585  -7.209   3.128   0.540  -7.519  -6.016  -2.955  -5.325  -3.537   3.905 
