#HLA-B1519

Last position-specific scoring matrix computed       
            A       R       N       D       C       Q       E       G       H       I       L       K       M       F       P       S       T       W       Y       V 
  1 A   0.643   1.784  -4.823  -7.013  -5.906  -0.656  -6.148  -1.389  -1.347  -0.195   1.066   1.198   3.302   1.474  -7.084   2.108  -2.814   1.319   1.096  -1.785 
  2 A  -0.213  -5.954  -6.624  -7.056  -6.625   5.227  -5.629  -7.297  -6.348  -1.172   2.081  -5.732   6.802  -5.885  -7.171   0.012  -1.244  -7.084  -6.309  -0.426 
  3 A   0.587   3.674   0.762  -6.807  -6.055  -2.817  -5.721  -6.343   0.495   1.555  -2.815   0.912   2.844   1.535  -7.148  -0.023  -3.134  -6.432   2.207  -0.128 
  4 A   1.685  -2.876   1.666   1.413  -1.678   1.168   0.501  -2.135   0.668  -3.996  -3.486   0.539   0.009  -1.070   1.035   1.613   0.218  -0.200   1.639  -2.623 
  5 A   0.465   0.262   0.194  -0.941  -3.766  -2.905  -1.277   0.875   2.100  -2.981  -0.405  -2.424  -0.246   0.784  -0.845   2.358   1.298  -0.391   1.842  -2.466 
  6 A  -0.423  -2.075  -0.705  -3.350  -2.990  -2.020  -3.784   0.913  -0.828   0.631   0.006  -6.263  -0.886   1.412  -2.224   2.375   2.879  -0.417  -0.575   0.542 
  7 A   0.833  -3.041   0.176  -3.553  -0.949   0.199  -1.006  -1.514   1.555  -1.077   1.573  -3.564  -1.000  -1.640  -1.324   2.951   2.150  -3.533  -1.420  -1.336 
  8 A   2.554  -3.075  -2.406  -4.246  -3.645  -1.900   0.472  -3.196   1.049  -2.448  -2.606  -4.354  -3.213  -1.859   4.278   2.882   0.930  -5.602  -1.598   0.558 
  9 A  -7.155  -7.562  -7.715  -8.391  -7.639  -7.482  -7.709  -8.250  -4.650  -5.518  -4.219  -7.723   2.665   7.178  -8.448  -7.230  -6.976  -3.277   6.220  -5.970 
