#HLA-B7804

Last position-specific scoring matrix computed       
            A       R       N       D       C       Q       E       G       H       I       L       K       M       F       P       S       T       W       Y       V 
  1 A  -6.331  -7.195  -1.471  -7.852  -2.287  -6.146  -3.297  -8.061  -2.236  -0.295   2.364  -7.212   5.145   4.839  -8.023  -3.896  -1.634   2.776   3.615  -3.135 
  2 A  -3.913  -7.183  -7.064  -6.770  -7.691  -6.592  -6.318  -7.194  -7.185  -7.942  -8.050  -6.145  -7.704  -8.877   9.074  -5.891  -6.144  -9.777  -7.778  -7.600 
  3 A   1.490  -4.597   0.590   0.702  -3.374  -0.188  -0.414  -4.779   0.137  -0.048  -0.834  -5.563   2.184   1.803  -2.243   0.175   0.237   1.916   3.017  -0.008 
  4 A   0.898  -1.648  -1.445   0.568  -1.151  -0.078   1.412  -0.714  -0.790  -0.816   0.160  -2.894  -0.012   0.214   1.940   0.591  -0.984   2.698  -0.148  -0.460 
  5 A   0.661  -1.967  -1.813  -1.149  -2.245  -0.540  -0.509  -1.409  -0.122   1.555   0.214  -3.129   0.238   1.155   0.306   0.060  -0.364   1.887   0.741   1.239 
  6 A   1.369  -1.165  -0.545   0.087  -1.289   0.257  -1.412  -0.270   0.919  -1.237  -1.173  -2.673  -1.568   1.394   0.445   1.333   1.478   0.723  -0.471   0.084 
  7 A   0.592  -4.390   0.888   0.163  -0.984  -1.582  -0.780  -5.061   2.363   0.100   0.357  -4.426   0.876   1.902   0.181  -0.491  -0.157  -0.378   1.742   0.951 
  8 A   3.170  -4.838  -2.131  -3.745  -2.423  -1.295   0.996  -3.704  -4.175   0.478  -1.417  -4.066   0.265  -1.730   3.811   0.815   0.981  -3.001  -3.520   0.302 
  9 A   2.592  -7.357  -7.727  -7.989  -5.402  -6.217  -7.322  -6.931  -7.502   3.059   1.955  -7.069   2.988   0.624  -7.371  -4.501  -2.457  -5.309  -3.280   3.089 
