#HLA-B3535

Last position-specific scoring matrix computed       
            A       R       N       D       C       Q       E       G       H       I       L       K       M       F       P       S       T       W       Y       V 
  1 A  -4.149  -4.706   0.294  -3.142  -2.810  -3.078   0.226  -5.848  -0.721   0.227   0.985  -6.229   4.889   3.659  -7.625  -2.334   0.455   2.682   3.806  -2.414 
  2 A   1.486  -7.102  -6.999  -6.800  -7.257  -6.503  -6.294  -6.468  -7.142  -6.562  -6.979  -6.137  -4.907  -7.595   8.551  -3.993  -3.509  -9.283  -7.579  -3.362 
  3 A   1.827  -3.945   1.051  -0.646  -2.009  -0.265  -0.071  -3.314  -1.502   0.780  -0.595  -4.988   1.459   0.928  -3.980   0.875   0.390   1.312   1.580   0.817 
  4 A   1.146  -1.963  -0.895   0.622  -2.301   0.890   1.283   0.597  -0.186  -2.260  -1.264  -1.142  -0.159  -0.432   1.541   0.787  -0.045   2.447   0.227  -0.996 
  5 A   0.854  -4.143  -0.312   0.079  -0.207  -0.440  -0.482   0.807   0.438  -0.050   0.233  -2.542   0.010   0.892  -0.689   0.410   0.098   1.768  -1.112   0.396 
  6 A   1.225  -0.752  -0.205   0.191  -1.831  -0.013  -1.047   0.799   0.369  -1.573  -1.574  -2.987  -1.127   0.237   0.082   1.401   2.271   0.713  -0.714  -0.397 
  7 A   0.517  -2.612   0.181  -1.578  -0.834  -1.579  -0.145  -1.232   1.440   0.545   1.207  -4.815   0.329   1.265   0.183  -0.191   0.764   0.228   0.981  -0.307 
  8 A   3.680  -3.268  -2.501  -3.767  -1.751  -2.403   0.680  -2.352  -4.178  -0.634  -1.156  -4.064  -1.556  -1.444   2.836   1.136   0.770  -2.984  -3.016   0.901 
  9 A  -5.977  -7.279  -7.600  -8.305  -7.431  -6.969  -7.481  -8.222  -2.316  -3.873  -0.997  -7.374   5.008   5.832  -8.185  -7.061  -6.280  -1.193   6.750  -5.026 
