#B3934

Last position-specific scoring matrix computed       
            A       R       N       D       C       Q       E       G       H       I       L       K       M       F       P       S       T       W       Y       V 
  1 A  -3.964  -3.190   0.306  -6.248  -4.572  -0.983  -0.517  -6.616   2.011  -4.819  -0.986  -5.560   4.957   4.773  -7.494  -0.453  -1.766   5.009   4.088  -5.211 
  2 A  -3.323   5.351  -4.016  -4.958  -7.835   5.193  -2.191  -5.553   4.879  -5.367  -3.989   0.605   1.135  -6.063   0.719  -3.714  -5.500  -7.133  -5.109  -5.901 
  3 A   0.099  -4.039  -0.357  -1.065  -3.512  -2.197  -2.182  -7.101  -1.237  -0.234   0.078  -5.818   4.192   3.394  -7.010  -1.384  -0.676   4.838   4.224  -1.507 
  4 A   1.223   0.278  -2.128   0.140  -1.487  -0.622   1.238  -0.164  -0.366  -1.876   0.727  -2.006   0.348  -1.002   1.485  -0.368  -0.061   2.503   0.583  -1.415 
  5 A  -0.822   0.567  -1.790  -4.390  -1.652  -2.162  -3.108  -0.170   2.091   1.268   0.717  -1.595   0.430   3.168  -1.358  -1.359  -0.739   1.345   1.231  -0.200 
  6 A  -0.119   1.410   0.497  -1.025  -3.324  -0.163  -2.791   0.559  -0.233  -0.566  -0.533  -2.061  -2.445   2.326  -0.987   1.220   0.418   2.677  -1.449  -0.116 
  7 A   0.558  -3.986   0.398  -1.148  -1.198  -0.890  -2.052  -4.456   2.388   0.072  -0.456  -4.381   0.701   3.369  -0.192  -0.926  -0.853   0.859   2.496   1.097 
  8 A   3.802  -5.237  -5.030  -4.961  -4.693  -2.384  -1.488  -4.079  -5.000  -1.038  -1.013  -3.843  -1.015  -4.493   5.330   0.665   0.520  -7.584  -2.737  -0.145 
  9 A   0.183  -7.277  -7.877  -8.112  -5.940  -6.959  -7.445  -7.828  -7.733   3.094   3.672  -7.119   0.281  -4.781  -7.431  -6.550  -4.887  -7.025  -6.110   3.847 
