#HLA-B1319

Last position-specific scoring matrix computed       
            A       R       N       D       C       Q       E       G       H       I       L       K       M       F       P       S       T       W       Y       V 
  1 A   0.395   2.458  -2.951  -7.116  -0.220  -2.060  -5.910  -0.607  -0.899  -0.333   0.449   1.053   2.740   1.933  -7.208  -0.118  -0.620   2.111   1.948  -1.628 
  2 A  -3.736  -1.717  -4.788   3.443  -8.338   4.850   6.180  -6.600  -5.340  -8.029  -7.697  -3.102  -0.718  -8.132  -4.351  -2.139  -5.285  -3.686  -7.038  -7.476 
  3 A  -2.273  -7.164  -2.325  -5.866  -7.078  -3.047  -5.552  -6.934  -2.859   0.595   0.913  -7.131   4.762   4.325  -7.056  -1.898  -4.236   5.270   4.745  -1.694 
  4 A   1.569  -1.678   0.537   1.068  -0.581   0.565   2.025  -1.221  -1.486  -1.604   0.001  -1.607  -1.758  -1.080   0.215   1.364  -0.180  -0.012  -0.461  -1.919 
  5 A  -0.338  -2.548  -1.640  -2.885  -0.443  -2.380  -1.116   0.114  -1.550   0.797   0.933  -4.332   0.968   3.225  -1.190   0.203  -0.501   1.695   1.447   0.191 
  6 A   1.701  -2.395  -1.058  -1.704  -0.302  -0.475  -3.292  -0.326  -0.345   0.453   0.959  -4.231  -2.631   2.206  -2.244   1.080   0.584   1.432  -0.722   0.020 
  7 A  -1.354  -4.870  -0.907  -0.501  -1.669  -0.621   0.479  -5.204   1.571  -0.157   0.380  -3.161  -0.380   2.700   1.269  -0.580  -0.121   2.116   2.452   1.109 
  8 A   0.082  -3.071  -0.391  -3.976  -4.132   0.850  -0.773  -1.059  -0.945  -0.374   1.249  -2.390  -1.161   0.551   3.203   1.173   1.590  -0.686  -0.809  -0.986 
  9 A  -4.225  -8.001  -8.324  -8.416  -6.336  -7.646  -8.150  -8.669  -8.214   6.349   1.046  -7.655  -1.870  -3.985  -7.917  -7.345  -5.838  -5.510  -6.354   2.196 
