#HLA-B0708

Last position-specific scoring matrix computed       
            A       R       N       D       C       Q       E       G       H       I       L       K       M       F       P       S       T       W       Y       V 
  1 A  -0.115   2.633  -1.206  -6.914  -2.784  -2.520  -3.548  -2.786   1.746  -0.288   0.843  -1.375   3.539   0.752  -6.469   1.605  -0.716   2.109   2.213  -2.213 
  2 A  -1.529  -7.194  -7.115  -6.876  -7.431  -6.616  -6.401  -6.779  -7.241  -3.823  -4.165  -6.226  -4.342  -8.332   8.713  -5.279  -5.053  -9.387  -7.597  -1.268 
  3 A   1.389   5.074   0.023  -4.126  -5.384   0.843  -1.655  -3.318   0.504  -1.409  -2.275  -1.170   0.329  -0.718  -5.717   0.434  -0.250  -0.944  -0.084  -1.955 
  4 A   1.022   0.646  -0.273  -0.753  -2.086   1.057  -1.355  -0.392   2.053  -2.916  -1.379   0.944   1.025  -0.612   1.293   0.545   0.411   1.773   1.065  -2.111 
  5 A   0.522   3.069  -0.607  -2.417  -3.456   0.185  -4.011  -0.711   2.923  -1.135  -1.193   0.617   1.036  -1.761   1.201   0.262  -0.315  -0.673   0.830  -1.128 
  6 A   0.017   3.463  -0.513  -1.971  -3.452   0.575  -2.553   1.070   0.634  -1.785  -1.399   0.344  -1.986  -0.816  -0.583   0.953   1.557  -0.454  -2.011  -1.714 
  7 A   0.650   1.243   0.331  -4.577  -1.804  -2.051  -3.492   0.199   0.613  -1.315   0.851  -2.019   0.860  -3.317  -1.438   2.738   1.748  -2.412  -0.976  -0.476 
  8 A   3.869  -2.436  -3.766  -4.307  -3.962  -1.163   0.093  -3.453  -2.586  -2.190  -3.055  -3.090  -1.459  -2.743   3.939   2.293   0.387  -3.032  -4.928   0.464 
  9 A  -1.094  -7.271  -8.055  -8.427  -5.595  -6.988  -7.665  -8.170  -7.424  -0.720   4.796  -7.309   5.077   2.070  -7.877  -5.781  -3.769  -6.575  -4.994  -0.093 
