#HLA-B3514

Last position-specific scoring matrix computed       
            A       R       N       D       C       Q       E       G       H       I       L       K       M       F       P       S       T       W       Y       V 
  1 A  -4.941  -5.550  -0.519  -3.779  -3.438  -3.504   0.395  -6.126   0.256  -0.557   0.164  -6.613   5.716   3.942  -7.625  -0.627  -0.649   2.071   4.171  -2.981 
  2 A   3.325  -6.979  -6.873  -6.950  -6.556  -5.291  -6.374  -6.204  -7.157  -2.058  -3.427  -6.235   0.020  -6.771   6.779  -0.887   0.350  -8.345  -7.115   1.331 
  3 A   2.086  -0.043   1.187  -5.267  -4.029  -2.460  -3.608  -5.149  -0.537   1.866  -1.844  -2.404   1.909   1.051  -3.994   0.735  -0.168  -3.361   1.759   1.705 
  4 A   1.430  -1.926   0.151   1.159  -1.322   1.159   1.053  -0.255   0.568  -3.403  -2.343  -0.543  -0.181  -0.641   1.256   1.369   0.206   1.155   0.694  -1.799 
  5 A   1.287  -2.428   0.282  -0.693  -1.294  -0.971  -1.138   0.877   1.986  -1.447  -0.420  -2.100  -0.347   0.250   0.721   1.518   0.964   1.155  -0.690  -1.053 
  6 A   0.186  -0.833  -0.808  -0.763  -2.469  -0.691  -2.332   1.148  -0.943  -0.488  -1.455  -4.415  -1.101  -0.494  -0.661   2.214   3.204   0.192  -0.541   0.293 
  7 A   1.314  -2.340   1.217  -3.112  -0.422  -0.602  -1.461  -0.189  -0.016  -0.779   1.108  -4.466  -0.181  -1.132   0.974   1.972   1.548  -3.558  -1.866  -0.754 
  8 A   4.050  -4.835  -3.811  -5.085  -4.387  -2.965  -0.260  -2.548  -1.425  -2.665  -2.455  -3.879  -2.413  -2.590   4.186   2.046  -0.132  -4.510  -3.836   0.846 
  9 A  -6.954  -7.315  -7.631  -8.317  -7.454  -7.014  -7.524  -8.216  -5.089  -5.313  -3.644  -7.417   5.616   6.290  -8.246  -7.070  -6.765  -4.109   6.517  -5.729 
