#HLA-B9501

Last position-specific scoring matrix computed       
            A       R       N       D       C       Q       E       G       H       I       L       K       M       F       P       S       T       W       Y       V 
  1 A  -1.318   2.431  -5.329  -7.375  -6.043  -4.523  -6.049  -4.853   0.944  -0.618   1.037   0.441   4.795   2.923  -7.428   0.414  -3.529   1.827   2.752  -1.902 
  2 A   3.074  -6.694  -6.641  -7.115  -6.113   0.417  -6.392  -6.323  -7.055   0.860  -0.095  -6.297   3.853  -5.824  -3.208   1.266   2.628  -7.424  -6.566   2.681 
  3 A   1.116   4.535   0.982  -6.705  -7.167  -4.192  -5.957  -6.233  -0.347   0.705  -3.089   0.587   1.877   1.222  -7.071   0.247  -2.485  -3.300   2.482  -1.372 
  4 A   1.393  -1.628   1.730   1.048  -3.120   0.863   0.999  -0.982   0.424  -5.371  -4.578  -0.371  -0.009  -2.248   2.154   2.072  -0.013   0.552   1.539  -2.669 
  5 A   1.196  -0.396  -0.769  -2.428  -3.365  -1.547  -2.813   0.652   2.359  -1.531   0.062  -2.005  -0.433   1.130   0.136   1.586   1.098   0.220   0.552  -0.712 
  6 A  -0.973   0.454  -0.027  -1.091  -3.697  -2.611  -3.087   1.933  -2.337   0.366  -1.583  -5.320  -2.582  -0.445  -1.030   2.087   3.360  -0.700  -1.728   0.238 
  7 A   0.506  -0.826   1.068  -5.066  -2.218  -1.428  -2.379   0.093   0.265  -1.106   2.090  -4.058  -0.249  -2.811   0.008   2.798   1.123  -5.472  -2.210  -1.074 
  8 A   3.505  -2.566  -3.520  -5.579  -5.606  -3.122   0.089  -2.733   0.253  -3.672  -3.171  -4.545  -4.313  -3.761   4.171   3.135  -0.378  -5.732  -4.922   1.212 
  9 A  -7.062  -7.391  -7.613  -8.344  -7.654  -7.167  -7.546  -8.251  -4.797  -5.604  -4.663  -7.505   3.415   6.448  -8.282  -7.132  -6.910  -3.810   7.191  -5.986 
