#HLA-B1580

Last position-specific scoring matrix computed       
            A       R       N       D       C       Q       E       G       H       I       L       K       M       F       P       S       T       W       Y       V 
  1 A  -3.075  -1.264  -1.255  -3.633  -6.145  -1.452  -1.299  -4.875   3.001   0.038  -0.446  -3.295   5.022   3.307  -7.595  -0.784  -0.534   4.945   3.309  -2.851 
  2 A   2.230  -0.569  -5.142  -5.924  -7.116   5.075  -2.480  -5.958   2.507  -5.335  -3.330   2.821   4.772  -7.170   2.220  -0.955  -3.568  -7.489  -6.320  -4.848 
  3 A   1.014  -2.488   0.948  -5.386  -5.280  -1.498  -4.871  -6.334   1.316  -0.503  -1.198  -2.940   1.898   4.228  -7.373   0.593  -1.546   1.286   4.576  -1.463 
  4 A   1.285  -1.657   0.464   1.417  -0.474  -0.331   1.938   0.613  -0.062  -5.335  -2.339  -0.535   0.280  -2.666   1.919   1.503  -0.637   0.703   0.469  -3.229 
  5 A  -0.054  -0.343   0.287  -0.637  -2.312  -0.772  -1.214   1.782   2.372  -1.495  -0.853  -2.896  -1.606   0.826   0.064   1.287   0.138   1.560   1.888  -1.703 
  6 A   0.759  -0.876   0.814  -0.800  -2.484  -1.922  -2.306   1.063   0.451  -0.960  -2.016  -2.063  -1.981  -0.720  -0.047   2.450   2.617   1.005  -1.428  -0.394 
  7 A   0.644  -2.297   0.473  -3.121  -1.268   0.576  -2.423  -1.517   1.255  -1.550   1.525  -2.783  -0.743  -0.600   0.878   2.883   1.438  -7.142  -1.045  -1.360 
  8 A   3.188  -3.998  -2.974  -5.836  -3.961  -2.465  -0.977  -4.264  -3.521  -0.633  -2.312  -4.300  -4.144  -3.913   4.819   1.065   0.991  -7.902  -6.066   2.266 
  9 A  -6.990  -7.361  -7.675  -8.360  -7.470  -7.113  -7.569  -8.253  -5.100  -5.308  -0.962  -7.478   4.677   6.247  -8.271  -7.133  -6.809  -0.895   6.574  -5.743 
