#HLA-B5206

Last position-specific scoring matrix computed       
            A       R       N       D       C       Q       E       G       H       I       L       K       M       F       P       S       T       W       Y       V 
  1 A  -2.971  -4.389  -4.040  -8.072   0.681  -5.145  -7.459  -6.692  -2.650   1.847   3.002  -4.197   4.950   3.323  -7.837  -3.268  -1.417  -0.333   0.821  -0.039 
  2 A   1.525  -6.930  -6.613  -6.177  -7.106  -5.242  -5.782  -5.245  -6.997  -6.657  -7.658  -6.029  -5.468  -8.384   8.180   1.221  -0.826  -9.055  -7.516  -5.746 
  3 A  -0.071  -4.707   0.308  -1.641  -4.651  -1.386  -2.057  -2.922  -0.851   0.411   0.772  -5.835   2.900   2.541  -3.379  -0.146  -1.156   3.119   4.112  -0.152 
  4 A   1.182  -2.229  -1.876   0.128  -1.638  -1.184   0.797  -2.657  -1.390   0.587   0.721  -1.774   0.479   0.603   1.835   0.952  -0.835   1.288  -0.799  -0.282 
  5 A   0.230  -1.137  -1.613  -2.375  -2.244  -1.603  -1.214  -1.466  -1.107   1.652  -0.002  -3.125   1.289   1.709   1.361   0.904   0.151   2.456  -0.737   0.730 
  6 A   1.625  -2.619  -2.125  -1.159  -2.225  -0.937  -3.126  -1.801  -0.694  -0.293   0.604  -3.275  -2.205   2.474   0.814   1.255   0.962   1.783  -0.070   0.473 
  7 A  -1.679  -3.285   0.334  -0.792  -1.140  -0.534  -0.236  -4.590   1.497   0.600   1.204  -4.407   0.968   1.924   1.440   0.445  -0.103   0.226   0.373   0.708 
  8 A   0.050  -1.316  -0.596  -4.223  -2.732   0.625  -1.316  -2.183  -0.020   0.732   0.926  -2.194   0.330   0.129   1.533   1.336   1.481  -0.435  -0.700   0.578 
  9 A  -5.742  -8.098  -8.343  -8.408  -6.349  -7.726  -8.216  -8.744  -8.268   6.674  -0.436  -7.699  -3.347  -4.231  -7.939  -7.406  -5.820  -3.596  -6.365   2.121 
