#HLA-B0736

Last position-specific scoring matrix computed       
            A       R       N       D       C       Q       E       G       H       I       L       K       M       F       P       S       T       W       Y       V 
  1 A   0.342   3.353  -3.806  -7.038  -2.518  -4.041  -6.162  -3.188   0.113   0.805   0.343   1.022   2.927   0.218  -7.100   1.003   0.145   1.789   1.534  -1.960 
  2 A  -5.675  -7.190  -7.069  -6.773  -7.715  -6.600  -6.324  -7.230  -7.192  -7.916  -8.046  -6.150  -7.706  -8.881   9.095  -5.920  -6.152  -9.799  -7.783  -6.454 
  3 A   1.593   2.547  -0.270  -5.018  -5.933   0.063  -3.358  -3.355   0.808  -0.679  -0.587  -4.027   1.512   1.286  -6.414   0.482   0.099   2.566   2.814   0.176 
  4 A   1.412   0.339  -1.071  -1.537  -3.381   0.836  -0.959  -1.704   1.131  -1.155  -0.920   0.027   1.305  -1.325   2.147   1.617   0.348   1.757  -1.159  -0.720 
  5 A   1.303   1.249  -0.290  -1.805  -1.847  -0.471  -1.575   0.625   1.784  -0.519  -1.673  -0.706   0.895  -0.076   0.612   0.974  -0.088   0.194  -0.703  -0.273 
  6 A   1.267   2.460  -2.005  -2.525  -3.385   0.016  -3.556   1.173   0.277  -1.138  -0.348  -0.028  -3.117  -0.948   0.211   1.229   1.860  -0.975  -2.185  -1.973 
  7 A  -0.104   1.040  -0.296  -2.289  -2.748  -1.160  -0.826   0.113   0.447  -0.618   1.080  -2.403   0.562  -2.290  -0.205   2.208   0.642  -2.407  -0.858   0.303 
  8 A   1.981  -1.297  -2.291  -5.287  -4.019  -0.073   0.045  -3.718  -1.567  -0.643  -1.012  -2.508   0.082  -3.644   3.169   2.765   1.915  -3.005  -3.820   0.786 
  9 A  -6.224  -7.690  -8.321  -8.537  -6.474  -7.433  -8.070  -8.677  -7.814   4.974   3.926  -7.595   2.937   0.900  -8.047  -7.455  -6.135  -3.438  -5.767  -1.544 
