#HLA-B5707

Last position-specific scoring matrix computed       
            A       R       N       D       C       Q       E       G       H       I       L       K       M       F       P       S       T       W       Y       V 
  1 A  -2.716   2.315  -3.741   0.972  -1.702  -3.942  -2.235  -4.438  -4.491   1.329  -0.699   3.134   3.020  -0.493   2.528  -2.244  -1.805  -2.934  -1.319  -0.658 
  2 A   1.976  -0.845  -3.217   1.205  -4.948  -4.838  -2.617  -5.383  -4.414  -6.546  -6.332   0.670  -2.293  -7.503  -5.640   5.389   3.449  -7.760  -6.962  -4.531 
  3 A   0.231  -4.821   0.673   0.234  -4.227  -0.673   1.645  -2.194  -1.608  -0.598   0.351  -4.344   2.734   2.339  -1.606  -0.298  -1.227   2.570   2.880  -1.650 
  4 A   2.173  -2.268  -0.600   0.921  -2.528  -1.227   1.459  -0.370   0.105  -2.148  -1.458  -0.615  -2.448  -0.873   2.511   1.200  -0.827   2.350  -0.948  -1.770 
  5 A  -0.814  -1.620  -1.457   0.591  -0.703   0.399   0.771  -1.300  -2.780   0.628  -0.165  -0.345   0.126   0.381  -2.098  -0.014   0.458   0.562   0.380   1.836 
  6 A   0.397  -1.524  -0.269   0.845  -3.776   0.012   0.999  -0.789  -0.306  -0.951  -0.674  -1.278  -2.850   0.524   1.733   1.566   1.169   0.863  -1.031  -0.645 
  7 A  -1.016  -2.643  -1.210  -0.611  -3.144  -1.420   0.449  -1.865   2.146  -2.435   0.613  -0.048   0.208   3.465  -0.387  -1.359  -0.043   3.172   2.229  -1.204 
  8 A  -1.360  -0.360  -0.596   1.041  -3.115   1.379   0.422  -0.960  -0.508  -0.603   0.318  -0.772  -1.705   0.778   0.004   1.173   1.349  -0.408   1.226  -1.636 
  9 A  -6.759  -6.250  -1.417   0.666  -7.350  -3.185   1.382  -5.968  -5.953   4.475  -0.660  -6.905  -3.755   0.604  -2.898  -5.729  -5.269   8.507  -3.765  -3.481 
