#HLA-B5313

Last position-specific scoring matrix computed       
            A       R       N       D       C       Q       E       G       H       I       L       K       M       F       P       S       T       W       Y       V 
  1 A  -4.464  -5.042   0.280  -3.684  -1.147  -4.194  -1.295  -6.506  -0.506   1.018   1.468  -6.822   4.858   3.550  -7.724  -2.794   0.098   2.908   3.491  -1.779 
  2 A   0.443  -7.129  -7.018  -6.770  -7.447  -6.529  -6.284  -6.937  -7.145  -7.790  -7.906  -6.123  -7.542  -8.719   8.820  -4.435  -5.340  -9.530  -7.693  -7.333 
  3 A   1.397  -4.337   1.484  -1.385  -2.734   0.504  -0.171  -2.913  -2.049   0.665   0.079  -4.984   1.802   1.156  -4.282   0.637   0.821   2.095   1.141   0.343 
  4 A   1.609  -2.060  -0.554  -0.227  -2.273   0.484   1.122  -0.644   0.101  -1.682  -0.660  -0.902   0.594  -0.700   1.581   0.886   0.015   2.354  -1.041  -0.281 
  5 A   0.227  -2.703  -1.201   0.121  -0.444  -0.516   0.328  -0.599  -0.225   0.777   0.069  -2.053   0.942   1.244  -1.159   0.034   0.574   2.275  -0.658   0.702 
  6 A   1.435  -1.650  -0.481   0.037  -2.019  -0.426  -1.925  -0.193   0.179  -0.750  -0.610  -2.584  -1.908   0.400   0.505   1.284   2.158   0.869  -0.507   0.231 
  7 A   0.456  -3.126  -0.212  -0.851   0.211  -1.695   0.274  -3.179   1.730  -0.688   1.332  -4.018   0.048   1.605   0.054   0.195   0.446   1.563   1.463  -0.186 
  8 A   2.226  -2.116  -1.041  -4.126  -1.599  -0.324   0.718  -1.838  -1.245   0.035   0.235  -2.786  -0.639  -0.556   1.504   1.020   1.515  -1.609  -2.168   0.536 
  9 A  -7.106  -7.524  -7.803  -8.432  -7.565  -7.374  -7.694  -8.235  -5.403  -0.608  -1.688  -7.654   2.968   6.291  -8.469  -7.278  -6.893   5.853   5.896  -5.678 
