#HLA-B1529

Last position-specific scoring matrix computed       
            A       R       N       D       C       Q       E       G       H       I       L       K       M       F       P       S       T       W       Y       V 
  1 A  -3.873  -3.204  -1.318  -5.639  -2.285  -2.557  -2.550  -6.183   1.010   0.828   1.131  -5.096   5.250   3.644  -7.741  -1.388  -0.716   3.794   3.329  -1.795 
  2 A   2.372  -6.923  -6.915  -6.805  -7.063  -2.371  -6.208  -6.336  -5.368  -5.718  -4.433  -4.485   0.136  -8.108   8.095  -2.385  -3.633  -8.918  -7.411  -3.373 
  3 A   1.728  -0.515   0.802  -2.774  -2.758  -0.176  -0.657  -4.257   0.582  -0.244  -0.878  -3.298   0.930   2.163  -5.821   0.562   0.197   0.286   3.288   0.155 
  4 A   1.057  -1.578  -0.084   0.510  -1.489   0.433   0.940  -0.113   0.866  -3.110  -1.191  -0.501   0.651  -0.919   1.622   1.493   0.065   1.412   0.294  -1.477 
  5 A   0.424  -0.317  -0.217  -0.698  -1.145  -0.564  -0.862   0.285   2.228  -1.490   0.053  -0.909   0.268   0.054   0.006   1.240   1.227   0.386  -0.057  -1.049 
  6 A   0.675   0.131  -0.503  -0.236  -2.508   0.070  -1.713   1.492   0.850  -2.787  -1.752  -2.114  -2.421  -0.041  -0.118   2.027   2.509   0.189  -1.048  -0.806 
  7 A   1.008  -1.023   0.815  -2.877  -1.270  -0.339  -1.537  -1.478   0.686  -0.154   1.402  -3.033  -0.054  -0.731   0.610   1.459   1.598  -1.594  -1.411  -0.643 
  8 A   3.849  -4.381  -2.514  -4.886  -2.900  -2.804  -0.839  -4.017  -4.694  -0.761  -1.895  -3.602  -2.132  -2.559   3.867   1.474   0.854  -4.507  -4.520   1.425 
  9 A  -6.587  -7.400  -7.774  -8.379  -7.272  -7.174  -7.659  -8.241  -5.675  -4.787   0.276  -7.532   5.694   6.521  -8.320  -7.151  -6.718  -2.513   4.991  -5.269 
