#HLA-B3502

Last position-specific scoring matrix computed       
            A       R       N       D       C       Q       E       G       H       I       L       K       M       F       P       S       T       W       Y       V 
  1 A  -6.625  -7.003   0.470  -5.910  -3.454  -4.570  -1.098  -7.823  -1.115  -0.914   1.156  -6.947   4.945   4.869  -7.886  -3.077  -0.618   3.212   4.135  -3.504 
  2 A  -0.730  -7.155  -7.045  -6.773  -7.553  -6.559  -6.301  -7.049  -7.165  -7.855  -7.968  -6.134  -7.613  -8.789   8.938  -5.467  -5.714  -9.639  -7.731  -7.447 
  3 A   1.711  -4.850   0.454   0.923  -3.034  -0.183   0.040  -3.326  -0.180   0.145  -0.551  -5.844   1.330   1.014  -2.380   0.304   0.290   1.320   2.238   0.667 
  4 A   1.136  -1.297  -1.435   0.288  -1.319   0.831   1.614  -0.618  -0.530  -1.770  -0.191  -2.134  -0.029   0.352   2.142   0.264  -0.663   2.698  -0.230  -1.066 
  5 A   0.903  -2.987  -0.728   0.030  -0.970  -0.796   0.198  -0.221   0.175   1.052   0.018  -3.374   0.396   0.287  -1.961   0.514  -0.141   1.023   0.096   1.155 
  6 A   1.910  -1.625  -0.024   1.039  -2.257   0.205  -1.088   0.213   0.775  -2.151  -1.680  -2.242  -0.996   0.021   0.455   1.154   1.865   0.863  -0.928  -0.653 
  7 A   1.190  -3.805   0.229  -0.447  -1.124  -2.471  -0.505  -4.502   2.268   0.150   0.879  -4.651   0.739   1.697  -0.084  -0.707  -0.429   0.418   1.319   1.010 
  8 A   3.612  -4.143  -2.506  -4.346  -2.397  -1.299   0.718  -3.090  -4.190   0.262  -1.460  -4.064  -0.942  -1.542   3.078   0.828   1.252  -5.609  -4.110   0.708 
  9 A  -1.771  -7.413  -8.035  -8.415  -5.696  -7.145  -7.727  -8.220  -7.093   1.515   3.759  -7.422   4.643   3.732  -7.976  -6.180  -4.881  -1.766   0.320   0.680 
