#HLA-B2721

Last position-specific scoring matrix computed       
            A       R       N       D       C       Q       E       G       H       I       L       K       M       F       P       S       T       W       Y       V 
  1 A   0.072   4.978  -1.910  -6.801  -2.625  -3.094  -5.223  -1.629   2.264  -3.490  -3.372   0.077   1.280   1.120  -7.142   1.065  -3.196   3.882   2.908  -4.515 
  2 A  -6.308   6.202  -5.447  -2.286  -8.489   4.427   4.359  -7.281  -3.513  -8.192  -7.520  -0.355  -5.071  -8.151  -6.794  -5.554  -6.119  -7.553  -6.861  -7.559 
  3 A  -0.973   0.556  -3.681  -5.791  -7.187  -1.289  -5.652  -7.219   0.423   0.399   0.197  -4.945   3.924   3.762  -7.829  -2.723  -3.494   5.933   4.398  -1.519 
  4 A   1.408  -0.093   0.176  -0.732  -0.710   0.895   0.531  -0.428   0.637  -1.527  -0.276  -0.992   1.041  -2.199   0.828   1.248  -0.032   0.867   0.354  -1.779 
  5 A   0.322   0.379  -0.386  -2.954  -2.273  -3.008  -3.010   1.247   1.985   0.261   0.380  -1.399   0.862   1.033  -0.530  -0.097   0.357  -0.642   0.973  -0.267 
  6 A   1.847   1.941  -1.990  -4.779  -3.025  -0.981  -4.701  -0.244   0.261  -0.102   0.766  -1.403  -2.450   0.929  -0.436   0.741   0.921   2.361  -2.217  -0.704 
  7 A  -0.421  -0.553   0.699  -2.176  -0.985   0.811  -1.504  -1.551   1.334  -1.043   0.332  -2.342  -0.910   0.389   0.198   1.658   1.864   0.575   1.337  -0.217 
  8 A   3.224  -3.571  -2.210  -6.101  -4.972  -1.202  -1.854  -3.172  -1.259  -1.733  -1.055  -4.224  -2.376  -3.867   4.499   2.418   1.167  -3.017  -2.095   0.196 
  9 A  -5.654  -7.489  -8.399  -8.674  -6.388  -7.321  -7.992  -8.691  -7.923   2.614   5.445  -7.544   1.102  -3.707  -8.017  -7.482  -6.191  -7.010  -6.213   0.018 
