#HLA-B5522

Last position-specific scoring matrix computed       
            A       R       N       D       C       Q       E       G       H       I       L       K       M       F       P       S       T       W       Y       V 
  1 A  -3.432  -2.712  -1.351  -7.126  -1.848  -6.724  -5.256  -6.252   0.114   0.277   2.143  -6.540   4.694   4.452  -7.876  -1.965  -1.525   2.163   3.416  -2.194 
  2 A  -4.837  -7.186  -7.064  -6.770  -7.706  -6.595  -6.320  -7.214  -7.188  -7.936  -8.051  -6.147  -7.707  -8.881   9.086  -5.905  -5.763  -9.789  -7.781  -7.170 
  3 A   1.779  -3.013   0.215  -1.627  -4.093  -0.930  -2.892  -4.298  -1.019   0.616  -0.585  -4.879   2.997   1.907  -4.333  -0.050   0.281   3.430   3.187   0.350 
  4 A   0.878  -0.705  -1.295  -0.790  -1.638  -0.104  -0.271   0.001  -0.943   0.038   0.933  -2.694   1.464  -0.323   1.010   0.652  -0.977   1.157  -0.248   0.128 
  5 A  -0.492  -0.868  -2.592  -3.827  -2.740  -1.902  -1.980  -1.386   0.055   2.137   0.745  -2.285   0.841   1.898   0.847  -0.290  -0.729   1.432  -0.252   1.536 
  6 A   1.496   0.584  -1.277  -2.348  -2.235  -0.438  -3.380   0.621  -0.949  -0.210  -0.174  -2.668  -1.051   1.298  -0.207   1.240   1.200   0.206  -0.889   0.339 
  7 A   0.685  -2.762  -0.221  -0.748  -1.283  -2.170  -1.276  -1.704   0.918   0.904   0.323  -4.879   0.575   1.904   0.051   0.349  -0.150  -0.378   1.734   0.945 
  8 A   3.280  -3.112  -2.516  -4.607  -4.474  -1.194   0.200  -2.302  -3.424  -0.313  -0.449  -3.431  -0.016  -1.339   3.951   0.999   0.035  -1.634  -1.895  -0.221 
  9 A   4.289  -7.228  -7.420  -7.637  -5.243  -6.041  -6.468  -6.313  -7.477   2.816  -0.630  -6.765   0.636  -1.696  -6.940  -3.455  -1.431  -7.378  -5.193   3.622 
