#HLA-B5306

Last position-specific scoring matrix computed       
            A       R       N       D       C       Q       E       G       H       I       L       K       M       F       P       S       T       W       Y       V 
  1 A  -4.995  -6.133  -1.540  -4.836  -0.444  -5.440  -1.896  -7.953  -1.057   1.293   1.994  -7.007   5.289   3.614  -7.823  -3.360  -0.367   2.830   3.059  -1.422 
  2 A   0.072  -7.122  -6.990  -6.757  -7.462  -6.522  -6.281  -6.959  -7.140  -7.790  -7.903  -6.119  -6.436  -8.714   8.823  -3.427  -4.296  -9.530  -7.692  -7.347 
  3 A   1.039  -3.085   1.745  -1.618  -3.364   0.629  -0.266  -2.822  -0.737   0.408  -0.394  -4.714   1.336   1.282  -5.361   0.867   0.425   1.800   2.555   0.355 
  4 A   1.667  -2.491  -0.413   0.078  -2.785   0.428   1.565  -0.872   0.381  -1.839  -1.165  -1.209  -0.361  -0.372   1.659   0.983  -0.083   2.075  -0.332  -0.217 
  5 A   0.235  -1.566  -1.460  -0.267  -0.570  -0.101   0.074  -0.549  -0.332   0.761  -0.406  -1.854   0.930   0.600   0.314   0.657   0.660   2.777  -0.996   0.499 
  6 A   1.536  -2.135  -1.006  -0.436  -2.012  -0.527  -2.794  -0.313   0.357  -0.733  -0.055  -2.952  -1.695   0.600   0.613   1.306   2.014   1.162   0.176   0.176 
  7 A   0.091  -2.971   0.238  -1.664  -0.699  -0.528  -0.790  -2.346   1.726  -0.778   1.680  -3.837   0.422   1.265   0.650   0.542   0.878   1.434   0.691  -0.489 
  8 A   1.357  -1.546  -1.365  -3.941  -1.431   0.060   0.165  -2.210  -0.450   0.066   0.234  -1.987  -0.763  -0.013   1.620   1.923   1.548  -1.604  -2.311   0.443 
  9 A  -7.068  -7.502  -7.819  -8.435  -7.541  -7.304  -7.670  -8.237  -5.405   0.794  -1.697  -7.602   2.860   5.668  -8.444  -7.284  -6.841   6.740   6.019  -5.080 
