#HLA-B3539

Last position-specific scoring matrix computed       
            A       R       N       D       C       Q       E       G       H       I       L       K       M       F       P       S       T       W       Y       V 
  1 A  -5.687  -6.481   0.118  -4.963  -2.550  -4.214  -1.024  -6.202  -1.278  -0.162   1.102  -6.891   4.909   4.442  -7.810  -2.386  -0.160   3.461   4.009  -2.758 
  2 A  -0.958  -7.157  -7.045  -6.774  -7.562  -6.561  -6.304  -7.066  -7.167  -7.839  -7.955  -6.136  -6.482  -8.783   8.944  -5.477  -5.381  -9.642  -7.731  -7.030 
  3 A   1.985  -3.934   0.858   0.271  -2.235   0.046  -0.054  -3.188  -0.405   0.106  -0.815  -5.778   1.389   0.756  -1.811   0.649   0.554   0.580   1.621   0.694 
  4 A   1.208  -1.786  -0.992   0.374  -1.865   0.884   1.157  -0.397  -0.192  -2.397  -0.676  -1.489   0.243   0.247   2.238   0.610  -0.098   2.775  -0.231  -1.183 
  5 A   1.028  -3.573  -0.373   0.267  -0.200  -0.598   0.336  -0.063   0.352   0.597   0.101  -2.848   0.471  -0.163  -1.353   0.700   0.109   1.012  -1.270   0.802 
  6 A   1.538  -0.684  -0.142   0.450  -2.263  -0.008  -0.970   0.721   0.698  -2.160  -2.022  -2.632  -1.145   0.279   0.780   1.181   2.109   0.710  -0.924  -0.616 
  7 A   1.058  -2.992   0.019  -0.731  -1.122  -1.451  -0.285  -2.861   1.932   0.070   1.210  -4.390   0.503   1.189   0.056  -0.190   0.188   0.221   0.492   0.595 
  8 A   3.935  -4.341  -2.114  -3.742  -2.154  -1.177   0.760  -2.667  -4.174  -0.341  -1.397  -4.416  -1.239  -2.294   2.547   1.090   1.127  -5.626  -4.499   0.591 
  9 A  -3.371  -7.402  -7.975  -8.438  -6.806  -7.165  -7.731  -8.278  -5.114  -0.009   3.282  -7.481   5.141   5.053  -8.134  -7.144  -5.993  -0.987   2.389  -0.893 
