#B3939

Last position-specific scoring matrix computed       
            A       R       N       D       C       Q       E       G       H       I       L       K       M       F       P       S       T       W       Y       V 
  1 A  -5.226  -5.298   0.476  -6.368  -4.040  -2.541  -1.836  -6.683   1.480  -4.875  -1.464  -5.725   3.945   4.998  -7.590  -0.745  -0.562   6.152   4.749  -5.039 
  2 A  -2.581   1.912  -4.250  -3.349  -7.805   6.530   2.975  -5.533   5.089  -6.473  -5.083   0.526  -0.400  -6.682  -0.833  -2.783  -4.738  -5.212  -4.999  -5.643 
  3 A   0.837  -4.680  -0.410   0.793  -4.353   0.242   0.019  -5.471  -0.266   0.193   0.077  -4.446   3.457   2.054  -3.356  -0.642  -0.337   3.690   2.699  -0.970 
  4 A   1.146  -0.632  -0.714   0.491  -0.695   0.804   2.487  -0.212  -0.524  -3.022  -1.235  -1.634   0.078  -0.890   2.230   0.300  -0.173   1.060   0.202  -2.057 
  5 A   0.638  -1.536  -0.653  -2.165  -2.101  -2.218  -2.636   0.752   1.874   0.391   0.330  -3.001   0.752   2.212  -1.036   0.386   0.452  -0.422   1.344  -0.413 
  6 A   0.703   0.235   0.894  -0.485  -2.701  -0.825  -2.431   0.376   1.472  -1.277  -1.197  -1.517  -2.587   2.553  -0.984   0.701   1.209   2.499  -0.481  -0.942 
  7 A   1.298  -3.010   0.502  -1.304  -1.145   0.212  -1.748  -3.974   2.585  -0.482  -1.172  -3.167   0.224   2.416  -0.386  -0.167   0.287   0.449   2.530   0.843 
  8 A   3.721  -4.313  -4.599  -5.938  -4.347  -0.719  -1.794  -4.030  -3.525  -0.595  -1.574  -4.360  -1.465  -4.317   4.886   0.998   1.329  -7.516  -3.442   0.313 
  9 A  -5.332  -7.127  -8.092  -8.397  -6.079  -6.963  -7.647  -8.369  -7.601   1.069   5.592  -7.220   1.635  -3.819  -7.714  -7.155  -5.899  -6.697  -5.919   0.782 
