#B3707

Last position-specific scoring matrix computed       
            A       R       N       D       C       Q       E       G       H       I       L       K       M       F       P       S       T       W       Y       V 
  1 A   1.338   4.646  -5.229  -6.426  -4.990  -2.638  -5.078  -1.613  -0.423  -1.420  -1.808   1.733   1.589  -1.226  -6.562   1.893  -3.499   3.131   1.151  -2.835 
  2 A  -2.493  -3.703  -4.725   3.715  -7.948   5.737   5.541  -6.568  -4.423  -7.596  -6.412  -1.369  -2.118  -7.867  -2.324  -4.667  -4.952  -7.452  -6.685  -5.834 
  3 A  -2.341   5.699  -3.511  -6.794  -7.330  -2.313  -5.599  -6.339   1.342  -1.220  -1.996  -0.381   2.801   1.962  -6.273  -2.779  -3.946   1.613   3.478  -2.890 
  4 A   0.446  -0.076   0.997   1.271  -0.595   0.780   1.193  -0.756   1.354  -2.369  -0.481   0.213   0.899  -0.732  -0.619   0.507  -1.732  -0.502   1.420  -2.285 
  5 A   0.971   1.602  -1.041  -3.701  -2.606  -1.774  -3.046   0.851   2.603  -1.178   0.098  -1.445  -0.784   1.412   0.272   0.393  -0.615  -0.968   1.190  -0.417 
  6 A   0.429   1.859  -1.785  -4.178  -2.668  -1.102  -4.401   0.445   0.684   0.280   0.701  -2.441  -1.395   1.892  -2.437   1.179   1.129   0.201  -0.695  -0.337 
  7 A  -0.063  -0.056   0.130  -1.901  -0.753   1.386  -1.329  -1.124   1.458  -1.084   0.794  -1.813   0.294  -2.489   1.903   1.791   1.043  -5.087  -0.748  -0.427 
  8 A   2.803  -3.757  -3.191  -4.539  -4.091  -1.419  -0.759  -4.785  -4.041  -1.682  -3.039  -3.740  -1.971  -4.264   5.179   2.822   1.288  -7.587  -4.256   0.585 
  9 A  -5.369  -7.123  -7.872  -8.208  -6.204  -6.898  -7.562  -8.185  -7.123   2.456   4.436  -7.175   4.552   3.164  -7.746  -7.005  -5.919  -6.064  -4.364  -0.976 
