#HLA-B1530

Last position-specific scoring matrix computed       
            A       R       N       D       C       Q       E       G       H       I       L       K       M       F       P       S       T       W       Y       V 
  1 A  -0.218   0.975  -4.894  -7.150  -5.243  -0.264  -5.936  -2.359  -0.871  -1.060   0.408  -0.389   3.868   3.111  -7.276   2.280  -3.272   3.178   2.873  -2.087 
  2 A  -1.842  -5.280  -6.112  -6.524  -7.024   7.077  -4.740  -7.172  -5.753  -3.403   0.731  -4.797   6.691  -6.379  -7.014  -0.327  -2.230  -7.121  -6.312  -3.358 
  3 A   1.110   1.025  -0.255  -7.198  -5.918  -3.497  -5.793  -6.463   1.220   2.488  -2.691  -1.345   3.763   2.886  -4.712  -0.748  -3.326  -3.114   3.497  -0.231 
  4 A   1.794  -1.917   0.610   2.267  -1.171   0.454   1.462  -1.602   0.414  -4.534  -3.360  -0.379  -0.210  -1.918   2.248   1.181  -0.515  -0.958   1.392  -3.113 
  5 A   0.729  -2.564  -0.139  -0.754  -2.752  -3.653  -1.944   1.339   1.892  -2.218  -0.402  -3.185  -0.708  -0.268  -0.663   2.569   2.068   0.023   1.421  -1.375 
  6 A  -0.349  -3.015  -0.062  -2.013  -0.956  -2.014  -2.754   0.728  -0.458   1.161  -0.554  -5.320  -0.406   1.050  -1.351   2.409   2.189   0.202  -1.121   0.601 
  7 A   0.190  -3.149   0.194  -3.051  -0.814   1.591  -0.719  -2.333   1.323  -1.167  -0.044  -4.147  -0.541  -0.993   0.155   3.211   2.666  -1.981  -1.685  -0.363 
  8 A   2.835  -2.700  -2.993  -5.280  -5.736  -3.617  -0.302  -2.775   1.245  -2.966  -3.363  -5.284  -3.956  -2.092   4.957   3.038  -0.028  -5.644  -1.471   0.311 
  9 A  -4.115  -7.511  -8.111  -8.497  -6.715  -7.323  -7.874  -8.386  -7.110   1.727   3.650  -7.581   4.740   5.035  -8.173  -7.266  -6.376  -4.637  -1.591  -1.250 
