#HLA-B0757

Last position-specific scoring matrix computed       
            A       R       N       D       C       Q       E       G       H       I       L       K       M       F       P       S       T       W       Y       V 
  1 A   0.766   3.657  -2.095  -6.956  -3.395  -3.743  -5.770  -1.963  -0.288   0.217   0.235   0.430   2.699  -0.289  -7.084   1.185  -0.907   1.786   1.525  -1.228 
  2 A  -2.731  -7.187  -7.078  -6.806  -7.584  -6.598  -6.345  -7.182  -7.207  -6.015  -7.439  -6.173  -6.404  -8.689   8.944  -5.563  -5.385  -9.635  -7.711  -2.935 
  3 A   2.112   4.572  -0.487  -5.138  -5.276   0.207  -1.700  -2.794   0.651  -1.345  -1.915  -2.272   0.751  -0.628  -4.223   0.037  -0.042  -0.425   0.232  -0.517 
  4 A   1.147  -0.277  -0.599  -0.344  -2.534   1.342  -0.999  -0.732   1.571  -2.172  -1.290   0.572   0.813  -1.243   1.983   1.192   0.424   1.531  -0.250  -1.134 
  5 A   1.029   1.829  -0.347  -2.293  -2.288   0.013  -2.501   0.476   2.043  -1.071  -1.008  -0.523   0.424  -1.066   1.417   0.817   0.581  -0.211   0.077  -1.062 
  6 A   0.763   3.242  -1.673  -3.019  -4.712  -0.906  -3.268   1.971   0.461  -2.147  -1.011  -0.139  -1.449  -0.462  -0.585   0.984   1.408   0.373  -1.427  -2.253 
  7 A   0.643   1.543   0.170  -3.962  -2.737  -1.512  -2.802   0.653   0.089  -0.940   1.137  -2.010  -0.184  -3.155  -0.347   2.393   1.116  -5.443  -0.987  -0.642 
  8 A   3.529  -1.911  -3.029  -3.556  -4.442  -0.567   0.228  -3.491  -2.570  -2.022  -2.632  -3.208  -0.998  -3.338   3.886   2.187   0.508  -2.491  -2.841   0.633 
  9 A  -2.411  -7.315  -8.069  -8.462  -6.551  -7.052  -7.727  -7.705  -7.290  -0.658   4.472  -7.387   5.499   3.622  -8.009  -6.223  -4.914  -3.958  -4.984  -0.741 
