#HLA-B4435

Last position-specific scoring matrix computed       
            A       R       N       D       C       Q       E       G       H       I       L       K       M       F       P       S       T       W       Y       V 
  1 A   1.672   0.538  -0.442  -6.616  -1.631  -0.003  -2.140   0.481  -2.967  -0.499  -0.304   0.050   2.689   0.296  -6.933   1.850  -0.230   1.557   1.474  -2.102 
  2 A  -6.015  -5.298  -5.467  -3.369  -8.679  -2.896   8.050  -7.325  -5.191  -8.409  -8.023  -4.408  -7.075  -8.172  -6.361  -5.260  -6.109  -7.651  -7.062  -7.612 
  3 A   0.989  -4.962   0.031  -5.801  -5.048  -0.664  -4.697  -6.376  -2.535   2.272   0.641  -5.506   4.152   1.239  -7.316   1.520  -1.732   3.877   1.653   0.241 
  4 A   2.146  -3.975   0.190   0.961  -1.282   0.371   1.654  -2.230  -0.643  -1.374  -0.056  -1.868  -0.020  -1.493  -1.648   2.002   0.273  -0.968  -0.460  -1.030 
  5 A   1.035  -2.628  -3.677  -0.582  -1.820  -1.132  -0.353  -0.695  -0.673   0.313   1.336  -3.728   0.971   2.075  -2.414  -0.251   0.178   0.433   1.778   0.093 
  6 A   2.473  -2.841  -0.954  -4.052  -1.574   0.295  -4.478  -0.375  -2.840   0.312   0.656  -3.962  -2.208   0.363  -1.327   2.022   2.026  -0.212  -1.531  -0.148 
  7 A   0.076  -3.574  -2.674  -1.364  -1.845   0.675   0.360  -3.964   0.101  -0.814   1.689  -2.765  -0.028   2.564   1.095  -0.615   0.518   1.062   1.794  -0.484 
  8 A   0.787   0.242  -0.838  -2.334  -4.663   1.605   0.994  -0.610  -0.772  -3.107   0.978  -1.509  -0.664  -0.623   1.806   1.758   0.428   0.190  -0.732  -1.852 
  9 A  -5.457  -7.564  -7.973  -8.455  -7.154  -7.341  -7.785  -8.312  -6.094   2.859   0.994  -7.600   3.420   4.882  -8.331  -7.307  -6.586   6.187   4.503  -3.160 
