#HLA-B4023

Last position-specific scoring matrix computed       
            A       R       N       D       C       Q       E       G       H       I       L       K       M       F       P       S       T       W       Y       V 
  1 A   1.629   3.765  -3.135  -6.763  -1.676  -1.572  -4.801   1.486  -1.150  -1.550  -1.965   0.134   0.730  -0.269  -6.969   1.656  -2.256   3.285   1.789  -3.908 
  2 A  -6.013  -5.298  -5.471  -3.687  -8.680  -3.320   8.062  -7.328  -5.190  -8.410  -8.023  -4.407  -7.077  -8.170  -6.360  -5.260  -6.109  -7.650  -7.061  -7.611 
  3 A   0.500   0.424   0.106  -4.800  -6.910   1.059  -2.294  -6.431  -0.170   1.410   0.034  -3.171   3.713   2.321  -7.318   0.213  -1.440   2.810   2.482  -0.806 
  4 A   0.726  -1.497   0.805   0.272  -0.117   2.037   1.467  -0.691   0.727  -2.251  -1.449  -2.181   0.738   0.392   0.269   1.132   0.063  -0.428   0.381  -1.138 
  5 A   1.454  -1.516  -0.710  -2.124  -3.350  -3.485  -2.105   1.860   1.880  -0.235   0.577  -3.986   0.103   0.822  -0.859   1.149   0.456  -2.336   0.397  -1.199 
  6 A   1.531   1.394  -0.294  -2.015  -1.295   0.455  -3.965   0.848   0.920  -1.629  -0.321  -2.297  -1.087   1.618  -1.139   1.272   0.740   0.724  -1.455  -1.200 
  7 A  -0.973  -2.427  -0.246  -3.000  -3.051   0.964  -0.588  -0.184   0.614   0.022   0.805  -2.691  -0.394  -0.151   1.688   1.601   1.621   0.005   0.008  -0.120 
  8 A   2.911  -2.795  -2.844  -5.229  -6.559  -1.047   0.395  -4.860  -1.565  -1.702  -2.786  -3.790  -1.303  -3.190   4.542   3.042   0.718  -3.035  -3.559   0.305 
  9 A  -4.153  -7.456  -8.255  -8.554  -6.414  -7.202  -7.886  -8.531  -7.722   2.777   4.744  -7.468   3.931   0.334  -7.981  -7.293  -5.410  -6.831  -5.846   0.700 
