#B3572

Last position-specific scoring matrix computed       
            A       R       N       D       C       Q       E       G       H       I       L       K       M       F       P       S       T       W       Y       V 
  1 A  -2.802  -2.498  -2.213  -5.277  -3.007  -1.606  -2.993  -4.762   0.933  -0.346   1.577  -4.429   5.382   3.280  -7.307  -0.687  -0.977   3.292   3.408  -1.602 
  2 A   4.133  -6.062  -6.302  -6.571  -5.926   2.501  -4.944  -4.669  -6.335  -1.130  -0.540  -4.474   4.549  -5.155   2.982   0.830  -2.540  -7.207  -6.303   0.302 
  3 A   0.568  -0.371   0.144  -6.894  -3.268  -1.755  -5.582  -5.265  -0.143   1.276  -0.009  -2.496   3.267   3.469  -7.102  -0.564  -1.691   2.008   3.173   0.162 
  4 A   2.040  -2.736   0.600   0.055  -0.153  -0.756   0.301  -0.350   0.043  -4.381  -1.672  -0.175   0.880  -1.460   1.839   1.663   0.114   0.590   0.871  -1.531 
  5 A   1.501  -1.139  -1.550  -2.197   0.259  -1.127  -1.635  -0.494   2.135  -0.552   0.568  -3.333  -1.523   2.223  -2.213   1.424  -0.274   0.226   0.286  -0.016 
  6 A   0.508  -1.422  -0.544   0.443  -1.440  -1.483  -2.555   1.817  -0.055  -0.946  -1.601  -3.821  -0.229   0.499  -0.085   1.951   1.870   0.654  -0.548  -0.245 
  7 A   0.610  -2.178   0.179  -4.594  -0.117  -0.702  -2.158  -1.142   0.809  -0.256   1.620  -3.550   1.188   1.411   1.355   0.875   1.179  -0.984  -0.352  -1.475 
  8 A   3.850  -5.073  -3.161  -5.692  -3.588  -2.439  -0.023  -2.384  -2.001  -1.628  -2.220  -4.270  -2.421  -3.581   4.760   1.457   0.321  -5.375  -4.619   0.324 
  9 A  -6.701  -6.951  -7.170  -7.969  -7.435  -6.675  -7.079  -7.914  -4.027  -5.508  -4.894  -7.040   1.180   5.773  -7.826  -6.742  -6.592  -1.595   7.993  -5.807 
