#HLA-B1525

Last position-specific scoring matrix computed       
            A       R       N       D       C       Q       E       G       H       I       L       K       M       F       P       S       T       W       Y       V 
  1 A  -0.224   2.108  -6.024  -7.179  -5.955  -1.631  -6.253  -2.297  -1.048   0.232   0.700   1.442   4.303   1.937  -7.216   1.133  -2.491   1.573   1.370  -0.988 
  2 A   1.862  -6.082  -6.701  -7.088  -6.504   4.895  -5.725  -6.325  -6.489  -0.502   2.454  -5.515   5.590  -5.972  -7.064  -0.145  -1.821  -7.183  -6.385  -0.084 
  3 A   0.400   3.017   0.323  -7.042  -6.081  -2.064  -5.934  -6.149   0.900   0.612  -0.790  -0.866   2.814   2.842  -5.987  -0.742  -2.789  -1.708   3.723  -0.827 
  4 A   1.873  -2.305   1.109   1.637  -1.864   0.322   0.898  -1.410  -0.371  -4.299  -2.683   0.276  -0.304  -1.714   1.631   1.920  -0.218  -0.444   1.027  -2.539 
  5 A   1.011  -1.085  -1.275  -1.612  -3.363  -2.381  -2.111   1.088   2.530  -3.341  -0.508  -2.769  -1.128   0.837   0.832   3.120   1.521  -1.230   0.111  -2.997 
  6 A  -0.145  -2.506  -0.543  -2.529  -2.718  -3.781  -3.938   1.728  -0.236  -0.069  -0.160  -5.890  -1.701   1.225  -0.848   2.836   2.536  -0.944  -1.371  -0.125 
  7 A  -0.390  -2.536   0.613  -4.275  -1.111   0.058  -0.585  -1.595   1.250  -0.542   1.762  -4.048  -0.601  -1.284   0.670   2.929   1.980  -4.350  -2.516  -1.737 
  8 A   3.184  -3.106  -3.182  -5.307  -3.595  -3.155  -0.254  -3.879  -0.135  -2.588  -2.862  -5.044  -3.888  -3.358   4.611   2.903   0.600  -7.762  -3.057   1.032 
  9 A  -7.158  -7.617  -7.779  -8.410  -7.557  -7.579  -7.784  -8.243  -5.510  -5.369  -3.194  -7.796   3.514   7.399  -8.512  -7.258  -6.953  -2.830   5.289  -5.864 
