#HLA-B5120

Last position-specific scoring matrix computed       
            A       R       N       D       C       Q       E       G       H       I       L       K       M       F       P       S       T       W       Y       V 
  1 A  -4.755  -5.653   0.432  -4.427   0.744  -4.526  -0.763  -7.722   0.280   0.208   2.431  -6.026   4.139   3.810  -7.674  -1.443   0.010  -0.088   2.004  -1.489 
  2 A  -1.144  -7.122  -6.950  -6.284  -7.520  -6.526  -6.280  -6.656  -7.146  -7.805  -7.936  -6.120  -7.565  -8.739   8.864  -2.920  -2.557  -9.566  -7.708  -6.991 
  3 A   0.535  -4.575   0.580   0.255  -4.636  -0.265   0.068  -3.517  -0.505   0.458   0.632  -3.534   2.821   1.332  -4.330  -0.062  -0.104   2.301   2.624  -0.194 
  4 A   0.919  -1.085  -1.554   0.135  -1.645  -0.480   1.105  -2.328  -0.323   0.301   1.160  -1.592   0.570   0.073   0.195   0.588   0.052   1.654  -0.801  -0.824 
  5 A  -0.708   1.170  -1.706  -1.779  -2.783  -0.591  -0.387  -2.926  -0.675   1.774  -0.028  -0.859   1.353   0.963   0.113  -0.089  -0.991   2.861   0.418   0.956 
  6 A   1.274  -0.408  -0.456  -1.136  -1.624  -0.710  -2.478  -1.430  -0.682   0.075   0.557  -2.024  -1.310   1.701   0.129   0.868   1.064   0.569  -0.280   0.262 
  7 A  -0.309  -2.842  -0.159  -0.801  -0.574  -0.441  -0.184  -3.560   1.788   0.004   1.199  -3.266   0.822   1.770  -0.887  -0.039  -0.734   1.059   2.109   0.726 
  8 A   0.858  -1.079  -1.125  -3.163  -2.021   0.579  -0.020  -1.949  -1.722   0.504   0.646  -1.373   0.876   0.272   1.496   1.085   1.069  -0.681  -0.710  -0.021 
  9 A  -4.875  -8.081  -8.325  -8.396  -6.339  -7.704  -8.189  -8.704  -8.251   6.612  -0.592  -7.683  -2.541  -3.421  -7.922  -7.363  -5.807  -5.524  -6.342   2.321 
