#HLA-B9526

Last position-specific scoring matrix computed       
            A       R       N       D       C       Q       E       G       H       I       L       K       M       F       P       S       T       W       Y       V 
  1 A   0.582   3.128  -6.276  -6.965  -5.992  -2.103  -5.968  -2.180  -1.336  -0.554   0.776   2.380   3.327   0.709  -7.017   1.609  -3.409   0.409   0.665  -1.955 
  2 A  -0.299  -6.218  -6.897  -7.305  -6.549   4.580  -5.971  -7.053  -6.626   0.474   2.777  -6.014   6.173  -5.728  -7.289  -1.380  -0.650  -7.103  -6.317   0.436 
  3 A   0.119   4.019   0.484  -6.922  -7.235  -3.487  -5.789  -6.448   0.675   1.248  -2.508   0.363   2.652   2.612  -5.951  -0.792  -3.864  -3.857   3.136  -1.442 
  4 A   1.508  -1.785   1.535   1.469  -1.501   1.069   0.420  -1.727   0.247  -4.486  -3.023   0.613  -0.092  -1.404   1.346   1.431   0.258   0.387   1.725  -2.902 
  5 A   0.381  -0.161   0.353  -1.436  -5.250  -1.754  -1.490   0.545   2.737  -3.552  -0.438  -1.959  -0.356   0.894  -0.125   2.528   1.541  -0.647   1.085  -2.319 
  6 A  -0.794  -1.518  -0.915  -2.544  -2.725  -1.598  -3.750   1.434  -0.236   0.400  -0.393  -4.998  -1.049   1.333  -1.459   2.504   2.553  -0.427  -1.358   0.524 
  7 A   0.182  -2.194   0.623  -3.517  -1.803  -0.316  -0.577  -0.873   1.440  -1.094   1.641  -3.852  -0.742  -2.552  -0.265   3.174   1.832  -3.555  -1.715  -1.763 
  8 A   2.653  -3.083  -2.533  -4.465  -5.041  -2.911   0.222  -2.690   1.370  -2.812  -2.749  -4.781  -3.905  -2.718   4.398   3.114   0.557  -4.489  -2.401   0.771 
  9 A  -7.144  -7.559  -7.722  -8.388  -7.610  -7.473  -7.713  -8.244  -4.704  -5.473  -4.175  -7.720   3.202   7.195  -8.451  -7.225  -6.958  -3.317   6.040  -5.933 
