#HLA-B2736

Last position-specific scoring matrix computed       
            A       R       N       D       C       Q       E       G       H       I       L       K       M       F       P       S       T       W       Y       V 
  1 A  -0.363   5.967  -3.056  -6.727  -3.605  -3.104  -5.584  -0.306   0.767  -4.721  -4.166   1.968   0.544  -1.388  -7.042  -0.640  -4.549   2.549   2.107  -6.560 
  2 A  -6.571   7.960  -5.564  -6.653  -8.499   2.291  -5.048  -7.448  -5.426  -8.226  -7.345  -2.878  -6.474  -8.071  -7.133  -5.818  -6.221  -7.493  -6.884  -7.607 
  3 A  -1.255  -4.293  -1.003  -6.994  -5.272  -0.042  -5.380  -6.125  -0.405   1.327   1.416  -4.090   2.656   3.964  -7.807  -1.472  -2.994   5.417   3.161  -0.616 
  4 A   1.573   0.688   0.003  -1.799  -0.986   0.342  -1.419   1.103  -0.527  -1.408  -0.009  -1.004   0.258  -1.128   0.328   1.014   0.544   0.718   0.492  -2.404 
  5 A  -0.447  -0.036  -0.818  -1.360  -3.376   0.107  -0.731   0.317  -0.437   0.879   1.234  -1.854   0.592   0.965  -3.547  -0.556   0.271  -0.646   0.664   0.660 
  6 A   1.658   1.011  -0.325  -3.041  -2.498   0.398  -1.150  -1.143  -0.319  -0.522   0.914  -1.406  -0.891   0.769   0.496   0.495   0.499   2.177  -1.226  -1.353 
  7 A   0.776  -0.899  -1.880  -1.435  -1.449  -0.111  -0.907  -0.726  -0.103  -0.291   1.114  -2.713   0.046   0.458  -0.957   0.761   1.060   0.743   1.527   0.324 
  8 A   1.733  -0.692  -1.860  -3.472  -2.726  -0.417  -0.958  -0.195  -1.227  -1.694   1.101  -2.256  -0.771  -0.811   2.362   1.876   0.754  -1.586  -0.020  -0.914 
  9 A  -3.559  -6.892  -8.252  -8.575  -6.513  -7.328  -7.914  -7.901  -5.027   2.420   4.955  -6.550   1.672   2.209  -8.042  -6.848  -6.265  -2.756  -2.452  -0.679 
