#HLA-B5302

Last position-specific scoring matrix computed       
            A       R       N       D       C       Q       E       G       H       I       L       K       M       F       P       S       T       W       Y       V 
  1 A  -5.421  -6.490   0.010  -2.453  -0.582  -4.529  -0.823  -7.812  -1.168   0.968   1.605  -6.866   4.931   3.597  -7.753  -3.311  -0.051   3.189   3.396  -2.042 
  2 A  -0.558  -7.144  -7.022  -6.765  -7.530  -6.547  -6.293  -7.025  -7.156  -7.843  -7.956  -6.128  -7.596  -8.771   8.907  -4.283  -5.361  -9.610  -7.721  -7.426 
  3 A   0.992  -5.093   1.453  -0.468  -3.034   0.795  -0.163  -2.645  -2.244   0.574   0.313  -5.834   1.749   0.935  -4.610   0.799   0.467   2.550   1.538   0.244 
  4 A   1.704  -2.636  -0.772   0.155  -2.267   0.006   1.180  -0.474  -0.105  -1.590  -0.467  -1.296   0.073  -0.372   1.580   0.684  -0.189   1.970  -1.406   0.240 
  5 A   0.165  -3.460  -1.792  -0.080  -0.316  -0.718   0.229  -0.650  -1.937   1.374   0.117  -3.275   1.288   1.285  -1.165   0.068   0.616   2.454  -0.762   1.003 
  6 A   1.709  -2.345  -0.560   0.076  -1.618  -0.437  -2.430  -0.734   0.084  -0.641  -0.358  -2.830  -1.889   0.682   0.614   1.307   1.707   1.020  -0.059   0.392 
  7 A   0.326  -4.397  -0.835  -0.933  -0.706  -1.114   0.352  -3.949   2.136  -0.527   1.295  -4.442   0.744   2.054  -0.091  -0.843  -0.279   2.389   2.042   0.351 
  8 A   1.328  -1.812  -0.803  -3.760  -1.109   0.265   0.454  -1.862  -1.089   0.108   0.465  -1.996  -0.754   0.156   1.160   1.129   1.762  -0.962  -1.673   0.388 
  9 A  -7.070  -7.602  -7.924  -8.473  -7.452  -7.454  -7.775  -8.258  -5.147   1.902  -0.741  -7.698   2.170   5.666  -8.513  -7.366  -6.804   7.204   5.044  -4.672 
