#HLA-B5140

Last position-specific scoring matrix computed       
            A       R       N       D       C       Q       E       G       H       I       L       K       M       F       P       S       T       W       Y       V 
  1 A  -4.765  -5.357  -0.996  -5.028   0.114  -3.417  -1.537  -7.869   0.186   0.998   2.396  -5.449   4.189   3.590  -7.720  -2.390   0.148   0.654   2.607  -0.701 
  2 A  -1.768  -7.152  -7.013  -6.755  -7.596  -6.557  -6.296  -6.702  -7.159  -7.893  -8.002  -6.130  -7.640  -8.811   8.968  -3.482  -6.080  -9.671  -7.742  -7.508 
  3 A   0.333  -5.440   0.531  -0.065  -4.645  -0.112   0.407  -3.524  -0.871   0.423   0.369  -5.316   2.377   1.537  -2.118   0.150  -0.053   2.306   3.015   0.078 
  4 A   0.922  -2.227  -1.649   0.521  -1.464  -1.063   1.258  -2.021  -0.942   0.364   0.694  -2.195   0.119   0.510   1.061   0.762   0.007   1.765  -1.015  -0.292 
  5 A  -0.036  -0.782  -1.227  -0.558  -1.285  -0.895   0.144  -1.786  -0.955   1.622   0.047  -2.845   1.162   0.487  -0.616   0.342  -0.303   2.452  -0.301   1.474 
  6 A   1.424  -2.232  -0.582  -0.125  -1.447  -0.527  -2.045  -1.254  -0.224   0.065   0.441  -1.711  -0.894   0.898   1.108   0.673   0.995   0.875  -0.306   0.162 
  7 A  -0.550  -4.368   0.187   0.344  -0.457  -0.892   0.605  -4.242   1.941  -0.120   0.612  -3.548   0.403   1.872   0.645  -0.840  -0.496   1.186   1.562   1.064 
  8 A   0.648  -1.460  -0.962  -2.883  -2.019   0.697   0.205  -1.820  -1.390   1.093   0.550  -1.448   0.952  -0.275   1.063   0.738   1.507  -0.958  -1.046   0.098 
  9 A  -5.839  -8.072  -8.349  -8.427  -6.419  -7.730  -8.234  -8.743  -8.140   6.623   0.511  -7.712  -1.363  -0.995  -7.993  -7.456  -5.917  -0.700  -6.087   0.758 
