#HLA-B0720

Last position-specific scoring matrix computed       
            A       R       N       D       C       Q       E       G       H       I       L       K       M       F       P       S       T       W       Y       V 
  1 A   0.188   3.139  -1.482  -6.484  -2.046  -3.083  -4.706  -2.607   0.383   0.436   0.849  -0.463   3.483   0.013  -7.151   1.179  -0.305   1.182   1.387  -1.639 
  2 A  -1.475  -7.170  -7.062  -6.790  -7.567  -6.578  -6.323  -7.111  -7.184  -6.437  -7.508  -6.153  -6.441  -8.732   8.938  -5.513  -5.718  -9.632  -7.719  -4.713 
  3 A   1.876   4.899   0.020  -4.570  -5.313   0.297  -2.213  -3.293   1.025  -1.437  -3.093  -1.193   1.163  -2.515  -4.203   0.480  -0.135  -1.589  -0.360  -0.618 
  4 A   1.118   0.265  -0.897  -0.632  -1.867   1.606  -1.064  -1.293   2.046  -2.600  -1.140   0.506   0.581  -1.155   2.333   0.619   0.660   1.650   0.007  -1.407 
  5 A   1.298   2.128  -0.549  -2.880  -2.530   0.232  -2.276  -0.356   2.452  -1.171  -1.040  -0.408   0.511  -1.224   1.579   0.647   0.241  -0.951   0.305  -0.778 
  6 A   0.285   3.562  -0.785  -1.696  -5.345  -0.100  -2.562   1.670   0.385  -2.345  -1.468  -0.201  -2.939  -1.475  -0.342   1.471   1.444  -0.459  -2.041  -2.285 
  7 A   0.822   1.489   0.568  -3.756  -2.478  -1.044  -2.033  -0.158   0.771  -1.256   0.850  -2.090   0.296  -2.438  -1.443   2.098   1.659  -0.969  -1.315  -0.321 
  8 A   3.779  -2.938  -3.383  -4.741  -4.412  -0.396   0.514  -3.985  -2.349  -2.321  -3.443  -4.527  -1.805  -4.169   4.024   2.110   0.633  -3.682  -3.583   1.018 
  9 A   0.015  -7.302  -8.004  -8.352  -6.399  -7.005  -7.611  -8.005  -7.437   0.294   4.439  -7.284   4.651   2.218  -7.794  -5.118  -4.115  -6.608  -4.982   0.913 
