#B3802

Last position-specific scoring matrix computed       
            A       R       N       D       C       Q       E       G       H       I       L       K       M       F       P       S       T       W       Y       V 
  1 A  -5.227  -3.212  -1.440  -7.262  -3.532  -2.885  -4.078  -6.713   0.969  -2.900  -0.227  -5.783   4.123   5.351  -7.637  -0.290  -2.034   5.157   4.676  -4.606 
  2 A  -4.500   0.286  -4.926  -4.050  -8.153   3.486   6.165  -6.840   6.212  -7.863  -7.422  -2.393  -3.106  -6.560  -3.138  -3.524  -5.914  -6.999  -3.961  -7.360 
  3 A   0.655  -6.171   0.114   2.953  -5.743  -0.762  -0.294  -3.782   0.424   0.046  -1.108  -5.387   3.363   1.011  -2.207   0.383  -1.375   3.178   2.846  -1.502 
  4 A   1.736  -1.061  -0.967  -0.011  -0.719   0.850   2.096  -1.082  -0.795  -2.574  -0.057  -1.173  -0.662  -0.821   1.894   0.346  -0.004   1.570  -1.013  -1.632 
  5 A   0.319  -1.130   0.195  -1.196  -0.283  -2.564  -2.277   0.645   0.776   0.571  -0.740  -2.619   0.697   2.213  -2.674  -0.246   0.350   1.157   1.810   0.605 
  6 A   1.233  -0.704   0.471   0.055  -3.032  -0.105  -2.040  -0.159   0.673  -0.716  -0.345  -2.402  -1.858   1.914  -0.199   1.320   0.745   1.385  -0.667  -0.694 
  7 A   0.729  -5.434   0.057  -0.622  -1.201  -0.170  -0.058  -4.244   1.987  -1.100  -0.749  -3.707   0.656   2.869   0.133  -0.224  -0.751   2.383   2.938   0.561 
  8 A   2.037  -3.249  -3.134  -4.417  -1.960  -0.599  -0.474  -3.151  -2.268   0.421   1.243  -3.222  -0.662  -1.799   3.131   0.888   1.955  -3.594  -1.188  -0.113 
  9 A  -6.130  -7.287  -8.085  -8.317  -6.060  -7.104  -7.731  -8.408  -7.687   3.881   4.956  -7.273  -0.615  -3.324  -7.693  -7.178  -5.803  -5.016  -5.903   0.694 
