#B3910

Last position-specific scoring matrix computed       
            A       R       N       D       C       Q       E       G       H       I       L       K       M       F       P       S       T       W       Y       V 
  1 A  -4.895  -5.502   0.131  -6.498  -4.940  -3.544  -4.251  -6.820   0.828  -2.574   0.667  -6.160   4.015   5.425  -7.585  -2.164  -2.239   5.115   4.218  -3.505 
  2 A   0.233  -2.415  -5.146  -6.145  -6.945   0.857  -4.206  -5.086   2.267  -4.490  -5.522  -3.638  -0.903  -7.673   7.972  -1.495  -3.674  -8.311  -6.495  -4.443 
  3 A   1.298  -4.784  -0.783   2.171  -3.689  -0.577   0.381  -3.571  -0.142  -0.783  -0.797  -4.374   2.519   1.718  -3.124  -0.639   0.603   4.155   2.178  -0.921 
  4 A   1.442  -0.514  -1.836  -0.901  -2.563   0.335   1.105  -0.111  -0.784  -1.857   0.209  -1.734   0.886  -0.494   1.525   0.424  -0.135   2.352   0.981  -1.109 
  5 A   0.179  -0.950  -1.770  -2.269  -0.942  -1.509  -1.043  -0.857   1.410   0.902   0.651  -1.890   0.524   1.858  -1.254  -0.210  -0.049   1.005   1.398   0.801 
  6 A   1.131   0.821   0.005  -0.165  -2.900   0.423  -1.463   0.456   1.096  -1.195  -1.609  -1.534  -1.197   1.309  -0.602   0.539   1.283   2.167  -0.205  -0.760 
  7 A   1.281  -2.776   0.813  -1.602  -1.013  -1.685  -2.127  -4.067   2.507  -0.474   0.362  -3.618   0.551   2.203  -1.160   0.135   0.178   0.818   2.386   0.390 
  8 A   3.680  -4.436  -3.286  -4.588  -2.227  -2.072  -0.368  -3.413  -2.988  -0.199  -0.803  -3.933  -0.849  -2.468   4.003   0.810   0.985  -7.220  -4.661   0.545 
  9 A  -3.909  -6.946  -7.874  -8.180  -5.919  -6.767  -7.443  -8.114  -7.348   1.354   5.424  -7.024   2.322  -1.322  -7.524  -6.914  -5.727  -6.438  -5.581   0.403 
