#HLA-B0820

Last position-specific scoring matrix computed       
            A       R       N       D       C       Q       E       G       H       I       L       K       M       F       P       S       T       W       Y       V 
  1 A  -1.812   1.573   0.893  -4.453  -2.298  -2.523  -1.895  -3.793   2.110  -2.001   0.641  -2.134   4.824   1.952  -7.279   1.499  -0.919   1.702   2.478  -3.123 
  2 A   1.195  -3.215  -3.690  -6.309  -6.744  -1.543  -6.667  -3.687  -4.340   0.516   2.033  -3.458   2.304  -0.663   5.626  -2.457  -2.765  -1.647  -4.028   0.002 
  3 A  -3.169   6.520  -2.585  -6.193  -7.971  -2.056  -4.129  -5.396  -0.121  -3.328  -1.681   3.251  -0.063  -1.491  -6.331  -3.204  -3.933  -2.399  -1.315  -4.633 
  4 A   0.626   2.012  -0.352  -2.367  -1.509   1.228  -0.005  -2.833   1.757  -2.079  -0.348   1.654   1.928  -1.089  -0.506  -0.257  -0.318   0.890   1.702  -2.285 
  5 A  -2.528   6.153  -2.165  -5.431  -6.649  -2.255  -4.152  -3.811   3.797  -2.381  -3.587   2.661  -1.333  -1.964  -3.489  -3.184  -2.253  -1.948  -0.144  -3.909 
  6 A  -1.220   3.415   0.425  -4.138  -3.848  -0.187  -1.405  -1.067   1.461  -0.404  -0.887   0.043  -3.388   1.591  -0.604   0.727   0.652   1.301  -0.356  -0.918 
  7 A   1.304   0.912   0.596  -5.795  -0.963   0.135  -3.637  -1.987   1.385  -1.841   1.428  -1.336   0.807  -1.808  -1.135   1.779   0.756   0.003  -0.081  -0.273 
  8 A   3.293  -3.211  -2.547  -3.210  -2.678  -1.630   0.273  -3.719  -2.558  -1.881  -2.813  -3.218  -2.018  -2.335   4.265   3.015   0.519  -3.661  -2.440  -0.635 
  9 A  -0.503  -7.371  -8.138  -8.441  -5.535  -7.117  -7.114  -7.628  -7.656   1.379   4.898  -7.358   3.081   0.225  -7.822  -6.133  -4.558  -6.845  -4.868   1.039 
