#HLA-B3515

Last position-specific scoring matrix computed       
            A       R       N       D       C       Q       E       G       H       I       L       K       M       F       P       S       T       W       Y       V 
  1 A  -3.370  -3.827   0.200  -2.384  -2.539  -2.317   0.193  -5.314  -0.852   0.687   0.692  -5.496   4.738   3.312  -7.542  -1.335   0.463   2.425   3.734  -2.252 
  2 A   1.339  -7.113  -7.019  -6.806  -7.290  -6.514  -6.301  -6.493  -7.149  -6.590  -6.994  -6.141  -4.422  -7.613   8.599  -4.807  -3.872  -9.318  -7.593  -3.600 
  3 A   1.621  -3.952   0.796  -1.826  -1.801  -0.195  -0.389  -3.340  -1.349   0.739  -0.120  -4.367   1.409   1.127  -3.081   0.702   0.553   1.315   1.675   1.069 
  4 A   1.028  -1.597  -0.535   0.539  -2.077   0.886   0.759   0.418   0.208  -2.504  -1.418  -0.897   0.492  -0.016   1.694   0.817  -0.095   2.270   0.308  -0.950 
  5 A   0.828  -3.411  -0.867  -0.167  -0.207  -0.271  -0.375   0.639   1.046   0.028   0.305  -2.433  -0.189   0.854  -0.689   0.252   0.234   1.768  -1.105   0.457 
  6 A   1.088  -0.570  -0.533  -0.048  -2.256  -0.247  -1.196   0.848   0.451  -1.088  -1.224  -2.877  -0.706   0.243   0.144   1.421   2.038   0.379  -0.613  -0.160 
  7 A   0.631  -2.273   0.071  -1.934  -0.829  -1.850  -0.354  -1.123   0.612   0.664   1.308  -4.594   0.243   1.231   0.185   0.079   1.019   0.034   1.031  -0.577 
  8 A   3.756  -3.747  -2.621  -3.412  -2.399  -2.225   0.864  -2.109  -3.778  -0.944  -1.174  -3.713  -1.932  -1.645   2.985   1.257   0.845  -4.454  -3.525   0.548 
  9 A  -6.277  -7.272  -7.571  -8.294  -7.490  -6.959  -7.463  -8.217  -2.275  -4.753  -2.040  -7.368   4.988   5.920  -8.188  -7.053  -6.306  -2.248   6.937  -5.770 
