#B3569

Last position-specific scoring matrix computed       
            A       R       N       D       C       Q       E       G       H       I       L       K       M       F       P       S       T       W       Y       V 
  1 A  -2.146  -2.242  -1.995  -6.679  -2.766  -3.471  -4.397  -5.289  -0.820  -0.602   1.366  -5.633   5.067   3.669  -7.380  -0.461  -1.696   3.035   4.696  -2.103 
  2 A   2.856  -6.591  -6.454  -6.485  -6.429  -3.792  -5.924  -5.310  -6.703  -3.393  -4.456  -5.792   1.219  -6.665   7.373   0.132  -1.188  -8.218  -6.899  -0.564 
  3 A   2.068  -2.018   1.131  -4.191  -2.014  -0.971  -3.724  -3.908  -0.387   0.735  -0.347  -3.782   2.803   1.719  -6.844  -0.202  -0.456   2.497   3.042   0.422 
  4 A   1.500  -1.223   0.192  -0.477  -1.514   0.081   0.602  -0.211   0.388  -2.654  -1.392  -0.401   0.589  -1.057   1.451   1.435   0.138   1.578   0.839  -0.875 
  5 A   0.944  -2.657  -0.065  -0.743  -0.090  -0.984  -0.852  -0.039   1.892  -0.890   0.275  -2.059  -0.126   1.380  -0.776   0.923   0.676   1.473  -0.436  -0.110 
  6 A   0.707  -0.850  -1.062   0.402  -1.666  -0.804  -2.603   1.435  -0.131  -1.606  -1.872  -2.317  -1.448   0.006   0.413   1.655   2.705   1.364  -0.469  -0.473 
  7 A   0.438  -1.863  -0.417  -2.936  -1.472  -1.973  -1.318  -2.044   0.390   0.324   2.472  -3.970   0.307   0.414   0.336   0.215   1.152   0.193   0.725  -0.908 
  8 A   3.833  -4.237  -3.440  -5.381  -2.273  -3.178   0.423  -3.081  -3.105  -1.605  -0.901  -3.160  -1.781  -2.693   3.744   1.243   0.430  -4.651  -3.538   0.984 
  9 A  -5.060  -6.904  -7.218  -7.960  -7.172  -6.571  -7.083  -7.889  -2.835  -3.349  -1.090  -6.977   4.125   5.344  -7.775  -6.692  -5.959  -1.821   7.412  -4.964 
