#HLA-B4505

Last position-specific scoring matrix computed       
            A       R       N       D       C       Q       E       G       H       I       L       K       M       F       P       S       T       W       Y       V 
  1 A   2.345   1.870  -0.879  -6.807  -1.436  -0.665  -4.673   0.393  -0.793  -1.098   0.409  -1.387   3.351  -0.792  -6.952   1.298  -0.513   1.658  -0.424  -1.751 
  2 A  -6.013  -5.298  -5.471  -3.687  -8.680  -3.320   8.062  -7.328  -5.190  -8.410  -8.023  -4.407  -7.077  -8.170  -6.360  -5.260  -6.109  -7.650  -7.061  -7.611 
  3 A   1.386  -3.088   0.600  -3.747  -3.680  -0.200  -2.530  -6.006   0.197   1.426   1.142  -1.823   4.172   1.262  -7.234   0.702  -3.260   2.294   1.557  -1.105 
  4 A   2.146  -1.351   0.444   0.921  -0.318   1.519   0.947  -1.047  -0.771  -2.117  -0.371  -2.477  -0.577  -2.380  -1.107   1.508   0.441  -1.996  -1.103  -0.433 
  5 A   1.322  -1.993  -3.716  -1.736  -2.029  -3.111  -1.312   0.225   0.525   0.133   1.564  -3.328  -0.130   2.739  -2.129  -1.703   0.469   0.770   1.621  -0.708 
  6 A   1.555  -0.133   0.151  -2.650  -1.273   0.505  -2.247  -0.311  -0.320  -0.290  -0.011  -3.274  -0.902   1.868  -2.528   1.917   0.436   0.017  -1.195   0.118 
  7 A  -0.124  -4.392  -0.848  -2.829  -0.442   0.780  -0.099  -3.224   0.536   0.445   1.480  -5.100   0.759   2.180  -0.091  -0.309   0.684   1.796   1.426  -0.006 
  8 A   3.040  -3.893  -1.906  -4.131  -4.499  -0.246   0.725  -3.848  -2.833  -1.258   0.134  -2.462  -1.710  -1.016   3.951   0.772   0.265  -0.999  -2.766   0.209 
  9 A   5.997  -6.940  -7.109  -7.264  -5.763  -6.326  -6.451  -5.751  -7.158   0.934  -3.108  -6.332  -0.079  -6.695  -6.418  -4.452  -2.219  -7.600  -6.011   2.308 
