#HLA-B4062

Last position-specific scoring matrix computed       
            A       R       N       D       C       Q       E       G       H       I       L       K       M       F       P       S       T       W       Y       V 
  1 A   1.423   4.498  -3.280  -6.729  -2.331  -2.207  -5.515   1.353  -1.996  -1.340  -3.103   1.621  -0.885  -0.368  -6.269   0.842  -1.875   2.705   1.053  -3.584 
  2 A  -6.014  -5.299  -5.473  -3.689  -8.679  -3.322   8.059  -7.329  -5.187  -8.408  -8.020  -4.408  -7.075  -8.151  -6.361  -5.261  -6.110  -7.638  -6.262  -7.610 
  3 A   0.833  -5.420  -0.635  -2.478  -1.818   1.845  -0.554  -4.379  -0.905   1.641   0.523  -5.601   3.491   1.432  -3.332   0.097  -1.124   2.109   2.064  -0.103 
  4 A   1.528  -1.289   0.568  -0.072  -0.998   1.139   0.855   1.053  -0.526  -1.123  -0.670  -1.790   0.155  -0.025   0.558   0.281  -0.911   0.375  -0.629  -1.213 
  5 A   1.476  -4.966  -0.653  -0.327  -2.718  -3.520  -0.627   1.644  -0.033   0.919   0.541  -5.124  -0.173   0.123  -3.076   0.735   0.108  -4.267  -0.528   0.867 
  6 A   1.442  -0.691   0.500  -1.728  -0.984   0.116  -1.157   0.287   1.061  -0.799   0.468  -1.920  -1.196   1.507  -0.519   0.633  -0.655   0.883  -0.279  -0.527 
  7 A   0.257  -2.161  -1.600  -1.958  -2.257   0.297  -0.677  -1.186  -0.102  -0.009   0.633  -4.372  -0.159   1.816   0.857   0.273   0.691   1.446   1.776   0.878 
  8 A   2.643  -3.060  -1.344  -2.551  -3.308  -0.473   1.172  -0.703  -1.545  -0.840  -1.086  -3.105  -1.953  -1.446   2.784   2.113   0.615  -1.294  -1.893  -0.256 
  9 A  -6.598  -6.829  -8.428  -8.748  -6.436  -7.295  -7.988  -8.718  -7.831   0.410   5.937  -7.542   0.847  -1.359  -8.073  -7.559  -6.327  -6.855  -6.030  -2.511 
