#HLA-B0754

Last position-specific scoring matrix computed       
            A       R       N       D       C       Q       E       G       H       I       L       K       M       F       P       S       T       W       Y       V 
  1 A   0.958   4.763  -3.543  -6.932  -2.316  -3.841  -5.917  -2.104  -0.873  -0.490  -0.348   1.447   2.177  -0.582  -7.038   0.435  -2.070   1.668   1.114  -2.712 
  2 A  -0.636  -7.174  -7.091  -6.902  -7.301  -6.597  -6.420  -5.804  -7.243  -3.717  -3.605  -6.246  -2.412  -8.131   8.497  -4.138  -3.521  -9.197  -7.516  -0.384 
  3 A   1.364   5.502  -0.680  -5.469  -6.172  -0.199  -2.784  -3.835   0.890  -2.054  -1.946  -2.312   0.586  -0.775  -5.305   0.227  -0.984  -0.197   0.304  -1.147 
  4 A   1.278   0.360  -0.820  -0.627  -2.803   1.693  -0.740  -0.780   1.144  -2.501  -0.715   0.884   0.506  -1.501   1.735   0.950   0.061   1.011   0.070  -1.400 
  5 A   1.258   1.442   0.333  -2.287  -2.526  -1.031  -3.570   0.512   2.615  -1.412  -1.204  -0.102   0.331  -1.307   1.205   0.918   0.584  -0.435   0.443  -0.925 
  6 A   0.657   3.352  -1.386  -3.296  -6.063   0.032  -3.244   1.628   0.705  -1.984  -0.635  -0.364  -2.621  -0.529  -0.272   1.302   0.991  -0.222  -1.845  -1.897 
  7 A   0.674   1.632   0.178  -3.931  -2.736  -1.495  -2.328   0.263   0.450  -0.806   0.767  -1.907  -0.091  -3.354  -0.498   2.651   1.406  -2.941  -1.604  -0.733 
  8 A   3.541  -2.319  -3.961  -4.313  -4.421  -0.755  -0.141  -3.727  -2.129  -2.017  -2.760  -3.090  -1.289  -3.163   3.797   2.588   0.714  -2.487  -2.627   0.689 
  9 A  -1.528  -7.310  -8.129  -8.484  -6.452  -7.043  -7.728  -8.260  -7.467   0.132   4.850  -7.358   4.939   2.046  -7.929  -7.066  -4.874  -4.085  -5.475  -0.334 
