#HLA-B4044

Last position-specific scoring matrix computed       
            A       R       N       D       C       Q       E       G       H       I       L       K       M       F       P       S       T       W       Y       V 
  1 A   1.600   4.239  -1.707  -6.698  -1.886  -1.777  -4.699   0.624  -0.488  -2.344  -1.687   1.381   0.408  -0.169  -6.938   0.744  -1.604   2.460   1.374  -3.946 
  2 A  -6.015  -5.296  -5.464  -3.223  -8.678  -2.524   8.042  -7.323  -5.191  -8.408  -8.022  -4.408  -7.072  -8.173  -6.362  -5.260  -6.108  -7.652  -7.061  -7.611 
  3 A  -1.301  -1.641  -0.999  -7.572  -5.983  -1.081  -4.837  -6.442  -0.626   1.444   1.173  -5.317   4.547   3.285  -6.244  -1.258  -3.759   4.796   3.588  -1.101 
  4 A   1.168  -1.509   0.676   0.892  -0.717   1.389   1.437  -0.227  -0.179  -1.417  -0.428  -2.014   0.338  -0.570  -0.266   1.194   0.017  -0.446  -0.541  -1.855 
  5 A   0.638  -2.784  -2.539  -2.640  -2.023  -2.734  -2.376   1.074  -0.027   0.954   1.066  -3.344  -0.139   2.579  -1.386   0.263   0.036  -0.615   1.004   0.130 
  6 A   1.136   0.092  -1.063  -2.506  -1.121  -0.738  -4.151   0.035   0.167   0.546   0.757  -2.978  -1.284   2.739  -2.118   0.877  -0.720   0.896  -1.011   0.240 
  7 A  -0.530  -3.107  -0.539  -1.127  -0.571   0.101  -0.279  -3.553   0.364   0.869   0.570  -2.435  -0.865   0.846   2.035  -0.200   0.985   1.174   1.342   0.838 
  8 A   2.866  -3.377  -0.790  -4.986  -3.649  -0.674  -0.151  -1.587  -1.395  -1.466  -1.641  -3.385  -1.991  -2.080   4.397   2.012   1.023  -2.040  -2.422  -0.587 
  9 A  -0.070  -7.508  -8.048  -8.307  -6.290  -7.172  -7.705  -8.085  -7.789   3.789   3.503  -7.347   2.770  -0.567  -7.721  -5.677  -3.023  -5.344  -6.045   2.494 
