#B3559

Last position-specific scoring matrix computed       
            A       R       N       D       C       Q       E       G       H       I       L       K       M       F       P       S       T       W       Y       V 
  1 A  -5.803  -5.992   0.667  -6.918  -2.838  -2.886  -2.776  -6.815  -0.546  -1.340   1.431  -6.459   4.875   4.361  -7.408  -2.010  -0.631   4.065   4.317  -3.383 
  2 A  -2.844  -6.720  -6.603  -6.313  -7.207  -6.128  -5.857  -6.708  -6.723  -7.468  -7.577  -5.685  -7.229  -8.402   9.004  -5.411  -5.677  -9.294  -7.311  -7.113 
  3 A   1.757  -4.997   0.268   0.808  -2.844  -0.388  -0.008  -3.201  -0.144   0.782  -0.423  -5.790   1.409   0.722  -3.044  -0.078   0.528   2.698   1.206   0.800 
  4 A   0.933  -1.005  -0.954  -0.198  -1.446   0.770   0.600  -0.380  -0.934  -1.111  -0.303  -2.342   0.692   0.234   1.706   0.530   0.013   2.093   0.872  -0.364 
  5 A   1.237  -2.486   0.159  -0.533  -0.596  -0.625  -0.196  -0.710   0.126   0.339   0.100  -2.687   0.526   1.097  -1.307   0.262   0.039   1.318   0.475   0.638 
  6 A   1.327  -0.811  -0.325   0.702  -1.891   0.662  -0.851   0.277   0.387  -0.970  -1.027  -2.008  -0.033   0.581  -0.223   0.651   0.993   1.600  -0.010  -0.369 
  7 A   0.944  -3.235  -0.037  -0.539  -1.387  -2.577  -0.917  -2.596   1.875   0.232   0.450  -4.238   0.202   1.746  -0.018  -0.449   0.975   1.415   1.752   0.538 
  8 A   2.923  -4.281  -3.147  -4.244  -1.636  -0.977  -0.058  -2.836  -3.358   0.462   0.160  -4.058   0.187  -1.457   3.037   0.376   1.468  -3.939  -3.770   0.982 
  9 A  -1.333  -6.845  -7.607  -7.967  -5.999  -6.525  -7.220  -7.745  -6.873   0.924   4.292  -6.858   5.419   2.220  -7.442  -6.373  -4.955  -4.539  -2.264   0.456 
