#HLA-B4068

Last position-specific scoring matrix computed       
            A       R       N       D       C       Q       E       G       H       I       L       K       M       F       P       S       T       W       Y       V 
  1 A  -3.242  -1.931   0.721  -0.944  -2.878  -0.953   1.744  -3.964   0.840  -2.195  -0.921  -5.796   3.049   3.318  -7.399   0.553  -0.135   5.190   3.744  -3.974 
  2 A  -5.746  -5.483  -5.622  -3.144  -8.532  -2.725   7.637  -7.306  -5.380  -8.342  -8.025  -4.584  -7.146  -8.235   3.244  -5.336  -6.114  -7.841  -6.326  -7.611 
  3 A   0.882  -1.929  -0.976  -0.083  -3.728   0.742  -0.422  -5.518  -0.894   1.122   0.563  -3.080   3.302   1.360  -2.568   0.497  -0.983   2.009   2.211  -1.006 
  4 A   1.093  -1.612  -0.617   0.172  -0.862   1.294   2.014   0.647   0.019  -2.304  -0.281  -2.609   0.509  -0.126   1.019  -0.153  -0.605   0.871   0.076  -1.129 
  5 A   0.966  -0.191  -0.394  -1.517  -2.510  -1.444  -1.566   1.104   2.034   0.798   0.321  -1.552   0.216   0.755  -2.113  -1.321  -1.377  -1.528   1.079   0.614 
  6 A   1.067   0.865   0.601  -1.727  -4.171  -0.773  -1.772  -0.056   0.925  -0.673   0.193  -1.496  -2.071   2.169  -0.772   0.933   0.414   0.403  -0.435  -0.975 
  7 A   0.886  -3.815  -0.630  -1.884  -0.828  -1.613  -1.361  -2.200   1.056  -0.035   1.517  -3.749   0.672   1.550   1.443  -0.304  -0.377   0.423   1.816   0.244 
  8 A   3.923  -5.116  -2.897  -4.527  -4.919  -3.910   0.079  -3.447  -4.188  -1.152  -3.286  -4.405  -2.211  -4.695   4.501   2.256   0.751  -5.756  -4.243   0.326 
  9 A  -3.117  -7.379  -8.209  -8.559  -6.487  -7.169  -7.834  -8.432  -7.509   0.844   5.051  -7.455   4.079   2.183  -8.012  -6.342  -5.502  -5.046  -3.867  -0.815 
