#HLA-B4002

Last position-specific scoring matrix computed       
            A       R       N       D       C       Q       E       G       H       I       L       K       M       F       P       S       T       W       Y       V 
  1 A   0.944   4.813  -3.644  -6.744  -2.602  -3.530  -5.473   1.211  -0.865  -2.399  -2.512   2.022   0.025  -0.771  -6.979   0.698  -3.657   3.644   0.645  -4.041 
  2 A  -6.029  -5.245  -5.410  -1.183  -8.644   1.616   7.817  -7.276  -5.188  -8.366  -7.981  -4.210  -6.052  -8.191  -6.384  -5.263  -6.092  -7.659  -7.043  -7.600 
  3 A  -1.048  -1.372  -1.068  -5.652  -5.267   0.199  -4.100  -7.142  -0.510   0.925   1.436  -3.969   4.246   3.243  -6.867  -1.526  -2.845   5.120   3.143  -1.508 
  4 A   1.422  -1.139   0.877   0.299   0.200   0.776   1.091   0.197  -0.076  -1.352  -0.307  -2.039  -0.033   0.046   0.009   0.435  -0.474  -0.203   0.438  -1.914 
  5 A   0.530  -1.514  -2.134  -2.614  -2.742  -2.490  -1.771   0.924   0.976   0.822   1.317  -1.911   0.749   1.337  -2.260   0.307  -0.056  -2.301   0.859   0.318 
  6 A   1.092   0.968  -0.450  -2.243  -1.832   0.112  -3.074  -0.329   0.688  -0.450   0.753  -1.580  -1.640   2.196  -2.243   1.164  -0.303   1.030  -1.823  -0.126 
  7 A  -0.489  -2.599  -1.241  -3.095  -1.643   0.162  -0.569  -2.222   0.100   0.704   0.599  -3.257  -0.152   1.644   1.360  -0.023   1.216   1.685   2.176   0.628 
  8 A   2.763  -2.926  -1.636  -2.817  -5.775  -0.158   0.185  -1.849  -1.729  -2.152  -2.037  -3.224  -1.466  -2.323   4.512   1.968   0.987  -1.658  -2.251  -0.246 
  9 A  -2.385  -7.461  -8.242  -8.536  -6.389  -7.246  -7.867  -8.434  -7.780   2.559   4.980  -7.466   2.319  -0.143  -7.928  -6.311  -4.350  -5.250  -5.930   0.639 
