#HLA-B4104

Last position-specific scoring matrix computed       
            A       R       N       D       C       Q       E       G       H       I       L       K       M       F       P       S       T       W       Y       V 
  1 A   0.920   4.203  -2.844  -6.850  -1.878  -3.153  -5.614   0.212  -0.626  -1.306  -1.108   1.319   3.275  -0.802  -7.034   1.014  -3.001   3.077   0.585  -3.042 
  2 A  -6.024  -5.234  -5.430  -1.826  -8.628   1.895   7.810  -7.283  -5.182  -8.323  -7.921  -4.395  -3.881  -8.169  -6.388  -5.265  -6.088  -7.645  -7.026  -7.570 
  3 A  -1.685   2.475  -0.500  -7.149  -7.154   0.460  -4.737  -7.013  -0.741  -0.060   0.866  -0.028   4.559   2.994  -7.483  -0.722  -3.231   3.431   2.066  -2.488 
  4 A   1.655  -0.853   0.468   0.113  -0.847   0.607   1.122  -1.779  -0.069  -1.202   0.281  -1.480   0.988   0.378  -0.846   0.356   0.005  -0.409   1.223  -2.292 
  5 A   0.247   1.232  -2.236  -3.434  -2.783  -2.991  -2.640   0.054   2.446   0.500   0.978  -1.054   0.234   1.817  -1.491  -0.165  -0.225  -3.311   1.781  -0.563 
  6 A   0.632   2.297  -1.368  -3.902  -0.849   0.454  -4.207  -1.164   1.383  -0.528   0.162  -1.530  -2.468   2.974  -3.102   1.190   0.323   1.786  -1.592  -1.014 
  7 A  -0.284  -2.575  -0.283  -4.484  -0.560   0.555  -1.338  -2.794   0.199   0.620   1.006  -2.982   0.589   0.663   0.369   0.785   1.442   0.246   2.344   0.377 
  8 A   3.436  -3.719  -2.459  -4.304  -5.681  -0.494  -0.144  -3.377  -2.127  -2.645  -2.473  -3.993  -0.746  -1.881   4.718   2.144   0.377  -3.665  -2.822  -0.094 
  9 A  -0.583  -7.463  -8.129  -8.403  -6.359  -7.167  -7.763  -8.196  -7.691   3.292   4.200  -7.380   3.482   0.409  -7.818  -6.962  -4.087  -6.888  -5.322   1.153 
