#HLA-B4025

Last position-specific scoring matrix computed       
            A       R       N       D       C       Q       E       G       H       I       L       K       M       F       P       S       T       W       Y       V 
  1 A   0.286   2.974  -0.426  -4.415  -2.569  -0.052  -2.017   0.341  -0.045  -1.267  -1.337  -0.346   0.967   1.262  -7.097   1.251  -0.605   3.715   2.357  -3.074 
  2 A  -6.013  -5.298  -5.471  -3.687  -8.680  -3.320   8.062  -7.328  -5.190  -8.410  -8.023  -4.407  -7.077  -8.170  -6.360  -5.260  -6.109  -7.650  -7.061  -7.611 
  3 A   1.194  -4.351  -0.558  -2.251  -2.475   1.477  -0.496  -5.514  -0.780   1.698   0.249  -4.376   3.043   1.912  -4.042   0.497  -0.906   1.797   1.562  -0.070 
  4 A   1.447  -2.073   0.430  -0.011  -1.002   1.682   1.564   1.220  -0.407  -2.486  -0.650  -2.509  -0.361   0.562   0.387  -0.049  -0.538  -0.216  -1.279  -0.941 
  5 A   1.532  -4.277  -0.668  -0.344  -3.000  -3.834  -1.680   1.700   0.158   1.304   0.511  -5.180  -0.269   0.386  -3.093   0.167  -0.714  -6.947   0.080   1.210 
  6 A   1.440  -0.385   0.733  -1.462  -1.303   0.459  -0.633  -0.016   1.137  -0.915   0.138  -1.657  -1.702   1.443  -0.769   0.601  -0.654   0.887   0.348  -0.622 
  7 A   0.767  -2.992  -1.820  -2.972  -1.122   0.722  -0.925  -2.122   0.184   0.103   0.776  -4.196  -0.257   1.726   1.320   0.154   0.534   1.679   1.507   0.808 
  8 A   3.211  -3.705  -1.851  -4.453  -5.017  -0.845   1.073  -0.972  -3.092  -0.887  -2.000  -3.372  -1.608  -2.570   3.510   2.016   0.738  -3.648  -3.059   0.165 
  9 A  -6.600  -7.385  -8.414  -8.743  -6.442  -7.268  -7.971  -8.702  -7.790  -0.190   5.928  -7.536   1.780  -0.802  -8.075  -7.542  -6.334  -6.814  -5.966  -2.620 
