#HLA-B5808

Last position-specific scoring matrix computed       
            A       R       N       D       C       Q       E       G       H       I       L       K       M       F       P       S       T       W       Y       V 
  1 A  -1.774   1.225  -5.897  -4.553  -0.438  -3.966  -6.538  -5.138  -1.957   2.009   2.056   2.031   3.842   1.104  -3.839  -2.448  -1.722  -1.528  -0.286   0.391 
  2 A   2.091  -4.811  -4.496  -4.241  -6.109  -5.029  -5.566  -5.247  -6.395  -6.768  -7.033  -4.186  -4.408  -7.380  -6.035   6.101   4.618  -7.687  -6.899  -5.088 
  3 A   0.312  -5.298   0.586  -3.667  -4.665  -4.204  -4.311  -3.970  -0.326  -0.357   0.168  -5.084   2.860   3.610  -5.148  -0.018  -1.916   2.081   5.033  -0.281 
  4 A   2.448  -1.741  -0.787  -0.091  -2.485  -2.737   0.585  -1.500  -1.547  -1.552  -0.665  -2.263  -1.115   0.182   3.231   1.018  -0.180   0.701  -1.291  -0.309 
  5 A   0.700  -2.645  -3.543  -3.026  -0.302  -1.639  -2.058  -0.697  -3.471   1.548  -0.685  -2.201   0.044   1.739   1.603   0.147   0.418   1.547  -0.110   2.001 
  6 A   0.908  -2.699   0.101  -0.371  -2.751  -0.040  -1.680  -1.421   0.843   0.161  -0.071  -3.341  -2.061   0.819   1.371   1.554   0.711   1.771   0.190   0.457 
  7 A  -0.666  -4.375   0.121  -2.699  -2.052  -1.132  -1.501  -5.113   1.986  -1.415   1.292  -3.299   1.230   2.877   1.713   0.930   0.362   2.640   0.813  -0.234 
  8 A  -2.098  -1.234  -0.204  -3.180  -4.647   0.445  -0.720  -1.194  -0.094   0.222   1.180  -1.613  -1.443   0.683   1.406   0.752   1.749  -0.170   1.710   0.197 
  9 A  -6.398  -8.102  -7.387  -4.343  -6.432  -7.677  -5.063  -8.738  -8.163   6.889  -0.848  -7.660  -3.370  -3.407  -7.951  -7.427  -5.883  -0.988  -6.309   0.516 
