#HLA-B5119

Last position-specific scoring matrix computed       
            A       R       N       D       C       Q       E       G       H       I       L       K       M       F       P       S       T       W       Y       V 
  1 A  -5.854  -6.099  -0.695  -3.725   0.490  -3.954  -1.167  -7.891  -0.429   0.608   2.481  -6.504   4.047   3.889  -7.756  -2.825   0.144   0.659   2.548  -0.851 
  2 A  -1.249  -7.138  -6.990  -6.747  -7.557  -6.541  -6.286  -6.667  -7.148  -7.870  -7.981  -6.123  -7.613  -8.783   8.923  -2.822  -5.678  -9.628  -7.727  -7.470 
  3 A   0.269  -5.842   0.077   0.770  -4.171  -0.619   0.155  -3.082  -1.313   0.483   0.368  -5.656   2.376   1.722  -1.382   0.144  -0.488   2.728   2.902  -0.060 
  4 A   0.871  -1.927  -1.953   0.898  -1.473  -0.852   1.495  -1.499  -0.804   0.148   0.623  -2.684  -0.088   0.504   1.495   0.555  -0.149   1.286  -0.912  -0.671 
  5 A  -0.033  -1.785  -1.505  -0.563  -1.119  -0.910   0.093  -1.922  -1.252   1.848  -0.207  -3.685   1.028   0.753  -0.455   0.528  -0.140   2.621  -0.383   1.678 
  6 A   1.402  -2.849  -0.958  -0.185  -1.620  -0.455  -2.583  -1.609  -0.020  -0.028   0.579  -2.875  -0.749   1.452   0.866   0.802   1.030   1.168   0.048   0.414 
  7 A  -0.438  -4.167   0.182   0.342  -0.461  -0.796   0.751  -5.611   1.944   0.058   0.424  -4.217   0.875   2.201   0.475  -1.093  -1.154   2.202   1.796   0.844 
  8 A   0.724  -1.467  -0.888  -2.637  -2.022   0.456   0.330  -2.332  -1.387   0.988   0.733  -1.753   0.808   0.070   1.329   0.633   1.416  -0.210  -0.815  -0.182 
  9 A  -5.106  -8.016  -8.320  -8.420  -6.387  -7.666  -8.168  -8.686  -8.134   6.379   0.607  -7.678  -0.549  -1.160  -7.963  -7.384  -5.879  -0.701  -6.102   1.856 
