#HLA-B4049

Last position-specific scoring matrix computed       
            A       R       N       D       C       Q       E       G       H       I       L       K       M       F       P       S       T       W       Y       V 
  1 A   1.134   4.337  -2.818  -5.575  -3.149  -1.796  -5.914   1.457  -2.200  -1.263  -2.186   1.380  -0.164   0.105  -3.721   0.299  -1.800   2.787   1.373  -3.684 
  2 A  -6.021  -5.299  -4.812  -3.719  -8.665  -1.908   8.007  -7.327  -5.169  -7.774  -7.987  -4.419  -7.048  -8.013  -6.373  -5.270  -6.110  -7.556  -3.402  -7.584 
  3 A   1.257  -4.828  -0.616  -0.749  -3.353   1.689  -1.232  -4.494  -0.400   1.074   0.350  -5.568   3.543   1.463  -2.259   0.193  -0.720   2.476   2.253  -0.860 
  4 A   1.606  -1.456   0.483   0.668  -0.858   0.605   1.508   1.199   0.015  -1.683  -0.957  -2.619   0.141   0.021   0.447   0.082  -0.916   0.189  -0.835  -1.510 
  5 A   1.200  -4.684  -1.457  -0.795  -3.016  -2.322  -0.933   2.071   0.433   0.382   0.333  -4.243  -0.293   0.563  -2.385   0.734   0.329  -4.217   0.235   0.825 
  6 A   1.363  -0.887   0.603  -0.898  -1.132  -0.029  -1.599   0.477   0.919  -0.805   0.442  -2.278  -0.918   1.229  -0.515   1.061  -0.039  -0.198  -0.673  -0.697 
  7 A   0.255  -2.378  -1.614  -2.374  -2.256   0.087  -1.130  -1.244  -0.115   0.240   0.717  -3.540   0.575   1.403   2.067  -0.250   0.570   1.995   1.200   0.832 
  8 A   3.073  -2.796  -1.632  -2.447  -3.635  -0.653   0.946  -0.926  -2.807  -1.100  -1.363  -3.364  -1.274  -2.301   3.032   2.056   0.735  -1.006  -3.037  -0.255 
  9 A  -5.693  -4.030  -8.370  -8.692  -6.417  -7.216  -7.273  -8.677  -7.837   0.448   5.854  -7.423   0.764  -3.302  -8.027  -7.489  -6.274  -6.945  -6.177  -0.832 
