#HLA-B3510

Last position-specific scoring matrix computed       
            A       R       N       D       C       Q       E       G       H       I       L       K       M       F       P       S       T       W       Y       V 
  1 A  -2.798  -2.436  -2.694  -7.739  -2.507  -3.920  -4.916  -5.665  -1.478   0.981   1.175  -3.898   5.920   3.681  -7.764  -1.696  -1.267   2.684   3.700  -2.078 
  2 A   4.466  -6.791  -6.628  -6.767  -6.417  -3.522  -6.151  -3.915  -6.919  -4.350  -4.108  -6.045   1.058  -6.891   6.315   0.883  -0.537  -8.228  -7.120  -1.782 
  3 A   1.711  -2.597   1.972  -2.014  -2.464  -1.011  -2.195  -3.437  -1.181   0.924   0.103  -4.578   3.000   1.243  -5.382   0.830  -0.756   1.319   1.723   0.201 
  4 A   1.821  -2.376  -0.407  -0.070  -0.988   0.607   0.932  -0.296  -0.407  -2.256  -1.876  -1.142   0.316  -1.414   2.018   1.499   0.024   2.355   0.140  -0.798 
  5 A   1.494  -3.567   0.055  -0.641   0.219  -1.312  -0.370   0.481   1.316  -0.806   0.168  -3.214  -0.003   0.967  -1.038   1.512   0.550   0.203  -0.780  -0.691 
  6 A   1.201  -3.102  -0.948  -0.092  -3.323  -1.200  -2.112   1.580   0.079  -1.564  -1.329  -4.266  -1.968  -0.268   0.457   2.542   2.597  -1.272  -1.570  -0.202 
  7 A  -0.056  -3.316  -0.010  -2.982  -0.688  -1.492  -0.959  -3.832   0.906   0.734   2.338  -4.475   0.110   1.518   0.901  -0.365   0.567  -0.899   0.871  -0.267 
  8 A   4.014  -4.586  -3.824  -4.137  -3.199  -1.934   0.458  -4.134  -5.185  -1.308  -1.214  -4.852  -2.574  -3.298   3.262   1.707   1.134  -3.654  -3.306   0.872 
  9 A  -7.067  -7.424  -7.656  -8.358  -7.604  -7.222  -7.590  -8.241  -4.989  -5.275  -3.813  -7.549   3.865   6.603  -8.329  -7.154  -6.897  -0.345   6.761  -5.919 
