#HLA-B4817

Last position-specific scoring matrix computed       
            A       R       N       D       C       Q       E       G       H       I       L       K       M       F       P       S       T       W       Y       V 
  1 A  -1.639   2.292  -4.052   2.792  -5.622  -2.901  -1.728  -1.017  -3.015  -3.604  -4.526  -0.961  -0.982  -0.561   6.064  -2.105  -3.746   2.156   0.188  -3.351 
  2 A  -3.908  -5.458   2.456  -1.019   2.701   3.199   4.881  -0.675  -4.938  -2.387  -5.136  -3.508  -6.373  -2.960  -1.321  -2.060   0.488  -2.893   1.425  -0.917 
  3 A  -0.242  -4.101  -1.702   1.115  -2.562  -0.223   2.006   1.657  -1.512  -1.012  -1.019  -3.156   2.631   0.303   1.905  -0.511   0.031   0.557   0.221  -1.607 
  4 A  -0.158  -1.029   0.403   1.043  -2.095   1.492   2.315   0.813  -1.181  -0.416  -1.733  -0.582  -1.620  -1.656   0.391   0.578  -0.247  -0.030  -2.593  -0.081 
  5 A   0.420  -3.597  -0.599   1.261  -0.467   0.854   2.718   0.586  -1.193  -1.089  -0.367  -0.893  -1.257  -1.094  -0.126  -0.154  -0.422  -1.279  -1.335   0.165 
  6 A  -0.138  -1.257  -0.453   1.880  -2.567   0.492   1.109   0.437  -1.188  -0.720  -0.013   0.218  -0.032  -0.994   0.971   0.380  -0.483   0.543  -0.369  -1.608 
  7 A  -0.892  -0.229  -0.795   2.469  -2.603   0.193   2.171  -0.593  -0.635  -1.014  -0.401   0.810  -1.425   0.477   0.498  -1.433  -1.083  -0.006  -0.622  -0.671 
  8 A   1.563  -0.087  -0.870   2.458  -2.080  -0.451  -0.079  -0.149  -3.638  -1.831  -1.017   0.671  -1.157  -2.288   2.116   0.043  -0.306   1.396  -1.117  -1.301 
  9 A  -6.194   4.225  -1.630   2.343  -6.271  -2.062   1.826  -5.848  -4.973  -2.950   3.665  -3.286  -1.647  -5.791  -1.621  -5.900  -6.210  -7.434  -6.730  -2.756 
