#HLA-B5138

Last position-specific scoring matrix computed       
            A       R       N       D       C       Q       E       G       H       I       L       K       M       F       P       S       T       W       Y       V 
  1 A  -4.592  -6.604  -1.544  -6.100   0.672  -4.004  -1.994  -7.979  -0.131   1.386   3.038  -7.048   3.779   3.291  -7.772  -2.739  -0.250  -0.099   1.988  -0.375 
  2 A  -3.908  -7.177  -7.050  -6.765  -7.683  -6.586  -6.313  -7.186  -7.181  -7.938  -8.046  -6.142  -7.697  -8.869   9.063  -5.024  -5.749  -9.765  -7.773  -7.594 
  3 A   0.420  -4.626   0.427  -1.136  -4.157  -0.451  -0.564  -2.985   0.139   0.332   0.394  -4.646   1.911   2.023  -2.936   0.059  -0.109   2.225   3.533   0.240 
  4 A   0.554  -2.445  -1.267   0.898  -1.301  -0.759   1.352  -1.956  -0.936   0.329   0.587  -2.286  -0.187   0.415   1.328   0.692  -0.145   1.287  -0.603  -0.117 
  5 A   0.502  -0.774  -1.584  -1.128  -2.489  -0.697  -0.178  -1.832  -0.813   1.407  -0.155  -2.603   0.945   0.573   0.862   0.945   0.108   2.453  -0.047   0.797 
  6 A   1.278  -2.358  -0.876  -0.286  -1.275  -0.453  -2.816  -1.256  -0.332   0.280   0.267  -2.333  -1.484   1.449   0.713   1.201   0.820   1.029   0.122   0.443 
  7 A  -0.755  -3.578   0.675  -0.011  -0.218  -0.264   0.330  -3.798   1.784   0.330   0.613  -3.670   1.019   1.562   1.096  -0.164  -0.545   0.032   0.932   0.692 
  8 A   0.426  -1.218  -0.800  -2.739  -2.489   1.078   0.258  -1.952  -1.222   0.441   0.176  -1.504   0.793  -0.108   1.765   1.145   1.105  -0.688  -0.719   0.531 
  9 A  -5.431  -8.005  -8.295  -8.403  -6.318  -7.633  -8.121  -8.674  -8.222   6.245  -0.093  -7.656  -0.944  -2.647  -7.913  -7.314  -5.440  -3.582  -6.275   3.121 
