#HLA-B0817

Last position-specific scoring matrix computed       
            A       R       N       D       C       Q       E       G       H       I       L       K       M       F       P       S       T       W       Y       V 
  1 A  -0.484   3.505  -0.853  -6.316  -2.558  -1.683  -4.789  -3.047   0.428  -2.915  -0.652   0.204   4.241   1.027  -7.117   2.370  -3.398   2.955   2.720  -3.961 
  2 A  -3.362   4.777  -4.795  -1.006  -7.693   5.751   0.124  -6.918  -4.073  -5.009   0.830  -1.267   3.646  -3.459  -7.082  -4.744  -5.686   0.704  -4.746  -6.038 
  3 A  -4.453   4.790  -3.815  -7.083  -7.514  -2.009  -4.487  -6.725  -0.861  -0.960   0.947   2.833   3.538   1.434  -6.563  -3.221  -4.164   2.471   1.157  -3.630 
  4 A   0.930   1.772  -0.191  -2.410  -0.856   1.161  -0.542  -4.477   1.149  -0.394   0.889   1.247   1.747  -0.249  -3.064  -1.286   0.181  -1.208   1.121  -2.094 
  5 A  -2.870   5.797  -2.760  -6.725  -6.537  -2.513  -3.725  -3.983   2.796  -1.974  -1.226   2.368  -0.595  -0.603  -3.513  -2.421  -1.946  -2.295   1.920  -3.211 
  6 A  -1.778   3.079  -1.067  -7.053  -2.090  -0.989  -3.771  -3.037   0.548   0.160   0.675  -2.187  -2.637   3.828  -2.016   0.542  -0.339   2.483   0.662  -1.141 
  7 A   0.464  -0.895  -0.409  -5.315  -0.437   0.172  -2.623  -3.903   1.573  -0.289   1.211  -3.081   1.420   0.761  -0.530   0.882   0.919   1.691   2.655  -0.279 
  8 A   2.434  -2.321  -1.741  -4.750  -4.070  -0.670  -0.402  -4.394  -2.303  -2.962  -1.646  -3.100  -1.299  -0.216   4.730   2.764   0.702  -2.952  -0.366  -0.829 
  9 A  -0.021  -7.419  -8.143  -8.428  -5.536  -7.181  -7.735  -8.115  -7.683   2.090   4.788  -7.380   2.168   0.770  -6.941  -5.468  -5.372  -6.842  -5.813   0.776 
