#HLA-B5142

Last position-specific scoring matrix computed       
            A       R       N       D       C       Q       E       G       H       I       L       K       M       F       P       S       T       W       Y       V 
  1 A  -4.401  -4.022   0.353  -1.797  -0.711  -2.854   0.103  -7.162  -0.284   0.928   1.264  -5.511   4.927   2.620  -7.542  -1.867   0.744   2.661   2.952  -1.554 
  2 A   0.927  -7.106  -6.982  -6.759  -7.380  -6.504  -6.269  -6.868  -7.128  -7.748  -7.867  -6.112  -7.493  -8.670   8.733  -3.257  -4.746  -9.456  -7.666  -7.264 
  3 A   1.520  -5.117   1.341  -1.482  -2.467   0.369  -0.725  -2.005  -2.496   1.031   0.137  -4.375   1.858   0.554  -4.607   0.414   0.340   2.375   1.338   0.697 
  4 A   2.008  -2.745  -0.302  -0.508  -1.639   0.215   0.635  -0.917   0.192  -1.532  -0.988  -0.857   0.752  -0.557   1.502   0.758  -0.081   2.265  -0.613   0.180 
  5 A   0.469  -2.736  -2.129  -0.036   0.018  -0.282  -0.038  -0.832  -1.578   1.238   0.187  -2.886   1.092   1.026  -0.698  -0.153   0.236   2.082  -0.880   1.255 
  6 A   1.842  -2.347  -0.773  -0.167  -2.219  -0.439  -2.783  -0.041  -0.955  -0.373  -0.300  -2.715  -1.703  -0.237   0.617   1.367   1.969   1.149  -1.048   0.516 
  7 A   0.136  -3.281  -0.833  -0.869  -0.332  -0.713   0.184  -3.684   1.625  -0.679   1.495  -3.876   0.247   2.186  -0.234  -0.727   0.121   2.478   2.195  -0.371 
  8 A   1.574  -1.704  -0.864  -2.962  -1.814   0.652   0.873  -1.136  -0.675  -0.642   0.533  -1.726  -1.042  -0.181   1.295   1.045   1.510  -1.596  -1.416  -0.195 
  9 A  -7.124  -7.420  -7.709  -8.414  -7.761  -7.196  -7.556  -8.213  -4.909  -0.914  -3.595  -7.528   1.200   5.454  -8.410  -7.241  -6.954   6.882   7.086  -5.949 
