#HLA-B0703

Last position-specific scoring matrix computed       
            A       R       N       D       C       Q       E       G       H       I       L       K       M       F       P       S       T       W       Y       V 
  1 A  -0.012   3.331  -1.472  -6.960  -2.790  -3.290  -5.202  -2.786   1.080  -0.024   0.515  -0.557   3.263   0.518  -6.456   1.400  -0.655   2.293   1.853  -1.743 
  2 A  -1.416  -7.190  -7.105  -6.859  -7.449  -6.607  -6.385  -6.763  -7.231  -4.307  -5.077  -6.212  -4.378  -8.415   8.752  -5.547  -5.055  -9.432  -7.620  -1.442 
  3 A   1.635   4.862  -0.093  -4.119  -5.337   0.891  -1.347  -3.089   0.328  -1.275  -2.265  -1.614   0.503  -1.258  -4.858   0.655  -0.037  -1.248  -0.263  -1.391 
  4 A   1.142   0.264  -0.465  -0.753  -2.078   1.296  -1.432  -0.231   2.050  -2.444  -1.220   0.644   0.658  -0.978   1.502   0.853   0.285   1.769   0.772  -1.895 
  5 A   0.720   2.422  -0.546  -2.647  -2.302   0.026  -3.541  -0.286   2.697  -1.011  -0.999   0.260   0.750  -1.376   1.201   0.384   0.280  -0.671   0.889  -0.871 
  6 A   0.370   3.506  -0.646  -2.066  -3.820   0.453  -2.671   1.398   0.789  -2.411  -1.496   0.148  -1.630  -0.969  -0.839   1.019   1.558  -0.702  -2.018  -2.128 
  7 A   0.624   1.429   0.335  -4.343  -1.809  -1.631  -3.638   0.484   0.533  -1.332   0.587  -2.006   0.778  -3.177  -1.122   2.755   1.667  -2.420  -1.335  -0.526 
  8 A   3.921  -2.215  -3.377  -3.911  -4.408  -0.950   0.049  -3.569  -2.833  -2.268  -3.204  -3.212  -1.150  -3.197   3.870   2.174   0.471  -3.030  -4.176   0.494 
  9 A  -1.474  -7.291  -8.085  -8.461  -6.484  -7.026  -7.700  -8.218  -7.371  -0.977   4.753  -7.350   5.176   2.819  -7.939  -6.180  -4.887  -6.446  -4.810  -0.479 
