#HLA-B4007

Last position-specific scoring matrix computed       
            A       R       N       D       C       Q       E       G       H       I       L       K       M       F       P       S       T       W       Y       V 
  1 A   1.315   3.659  -2.059  -6.790  -2.307  -1.450  -4.152   0.865  -1.460  -1.209  -1.039   0.620   0.510   0.031  -7.021   0.961  -1.280   3.287   1.919  -2.603 
  2 A  -6.013  -5.298  -5.471  -3.687  -8.680  -3.320   8.062  -7.328  -5.190  -8.410  -8.023  -4.407  -7.077  -8.170  -6.360  -5.260  -6.109  -7.650  -7.061  -7.611 
  3 A   1.261  -3.552  -0.217  -0.672  -2.743   1.570  -0.585  -4.829  -0.780   0.997   0.858  -4.319   3.109   1.016  -1.838   0.508  -0.470   2.096   1.036  -0.955 
  4 A   1.486  -1.620   0.175   0.129  -0.590   0.890   1.795   1.172   0.206  -1.743  -1.289  -2.618   0.323   0.429   0.614  -0.235  -0.790   0.379  -0.518  -1.184 
  5 A   1.533  -2.508  -1.470  -0.931  -3.331  -2.155  -1.131   1.721   0.973   0.833   0.386  -3.549  -0.630   0.332  -2.094   0.293  -0.534  -5.270   0.235   0.910 
  6 A   1.091   0.262   0.781  -1.712  -1.478  -0.167  -1.078   0.255   1.450  -0.886   0.183  -1.809  -1.535   1.840  -0.685   0.996  -0.201   1.032  -0.352  -1.575 
  7 A   0.308  -2.885  -1.649  -3.460  -1.632   0.142  -1.948  -1.934  -0.225   0.331   1.464  -3.903   0.679   1.610   2.255  -0.848  -0.063   1.441   1.407   0.820 
  8 A   3.396  -3.214  -2.287  -2.327  -3.271  -0.558   1.082  -1.112  -2.806  -1.288  -2.126  -4.139  -1.621  -2.326   3.127   2.308   0.703  -2.482  -3.550  -0.493 
  9 A  -6.255  -7.386  -8.429  -8.750  -6.415  -7.269  -7.971  -8.708  -7.850  -0.215   5.979  -7.533   1.130  -2.663  -8.056  -7.539  -6.308  -6.901  -6.127  -1.621 
