#B3552

Last position-specific scoring matrix computed       
            A       R       N       D       C       Q       E       G       H       I       L       K       M       F       P       S       T       W       Y       V 
  1 A  -4.516  -5.416  -0.178  -3.825  -2.284  -2.171  -0.868  -5.803  -0.905  -0.408   1.528  -6.377   5.198   3.364  -7.345  -1.636  -0.321   3.303   4.044  -2.038 
  2 A   2.645  -6.691  -6.581  -6.441  -6.688  -6.082  -5.907  -5.914  -6.748  -5.767  -6.500  -5.762  -3.993  -7.965   8.182  -2.296  -2.915  -8.713  -7.154  -3.115 
  3 A   2.130  -3.804   1.123  -3.232  -2.510  -0.299  -1.992  -2.941  -1.045   0.701  -0.454  -4.472   2.111   1.319  -6.027   0.476   0.176   1.712   2.186   1.087 
  4 A   1.463  -2.233  -0.182  -0.048  -1.716   0.320   1.069  -0.161   0.032  -2.418  -1.666  -0.749   0.320  -0.540   1.580   0.933   0.575   1.967   0.834  -0.663 
  5 A   1.390  -2.803  -0.523  -0.051   0.008  -0.863  -0.930   0.112   1.025  -0.636  -0.269  -2.318   0.239   1.077  -0.843   0.876   0.713   1.551  -0.270   0.168 
  6 A   0.722  -1.150  -0.635   0.639  -1.661   0.055  -1.377   0.948   0.470  -1.557  -2.135  -2.311  -0.368   0.051  -0.154   1.619   2.265   1.608  -0.553  -0.106 
  7 A   0.984  -2.616  -0.276  -1.572  -1.006  -1.150  -0.448  -1.471   0.994   0.367   1.380  -3.816   0.528   0.724   0.282   0.293   1.259   0.953  -0.027  -0.700 
  8 A   3.454  -3.682  -2.737  -4.242  -2.410  -2.940   0.282  -2.323  -3.090  -0.714  -0.570  -3.162  -0.942  -2.188   3.298   1.027   1.102  -2.612  -2.985   0.826 
  9 A  -5.788  -6.911  -7.280  -7.969  -7.038  -6.579  -7.134  -7.878  -4.173  -3.928  -0.775  -6.999   5.411   5.687  -7.820  -6.703  -6.365  -1.946   6.692  -5.043 
