#HLA-B4033

Last position-specific scoring matrix computed       
            A       R       N       D       C       Q       E       G       H       I       L       K       M       F       P       S       T       W       Y       V 
  1 A   1.681   4.360  -2.956  -6.717  -2.321  -1.518  -4.940   1.171  -2.202  -1.447  -2.878   1.491  -0.749  -0.429  -6.919   0.877  -1.964   2.860   0.998  -3.133 
  2 A  -6.013  -5.298  -5.471  -3.687  -8.680  -3.320   8.062  -7.328  -5.190  -8.410  -8.023  -4.407  -7.077  -8.170  -6.360  -5.260  -6.109  -7.650  -7.061  -7.611 
  3 A   0.907  -4.573  -0.782  -2.973  -2.480   2.104  -0.667  -4.917  -0.653   1.804   0.632  -5.032   3.493   1.361  -3.127  -0.035  -1.430   2.294   1.691  -0.131 
  4 A   1.647  -1.444   0.523  -0.071  -0.711   1.465   0.789   0.688  -0.300  -1.123  -0.701  -2.126   0.061   0.024   0.669   0.585  -0.647   0.188  -1.168  -1.261 
  5 A   1.730  -4.973  -0.797  -0.123  -2.991  -4.383  -0.804   1.438  -0.241   0.945   0.666  -5.392  -0.169   0.018  -3.069   0.996   0.065  -5.338  -0.532   0.714 
  6 A   1.483  -0.572  -0.138  -2.217  -0.701   0.181  -1.308   0.316   1.193  -0.655   0.429  -1.925  -1.191   1.729  -0.603   0.594  -0.658   1.171  -0.097  -0.563 
  7 A   0.030  -1.953  -1.598  -1.958  -2.763   0.551  -0.854  -1.716   0.000   0.096   0.613  -3.989  -0.056   1.845   1.276   0.462   0.614   1.566   1.734   0.775 
  8 A   2.978  -3.348  -1.527  -2.777  -3.294  -0.298   1.356  -1.292  -1.545  -1.215  -1.539  -3.352  -2.172  -1.749   2.936   2.182   0.736  -2.022  -2.406  -0.224 
  9 A  -6.599  -7.406  -8.412  -8.734  -6.446  -7.286  -7.981  -8.703  -7.793   0.499   5.852  -7.545   1.667  -0.530  -8.076  -7.542  -6.326  -6.809  -5.940  -2.514 
