#B3576

Last position-specific scoring matrix computed       
            A       R       N       D       C       Q       E       G       H       I       L       K       M       F       P       S       T       W       Y       V 
  1 A  -4.494  -4.444  -1.285  -6.731  -2.335  -3.909  -3.702  -6.223  -1.238  -0.547   1.597  -6.619   5.507   3.997  -7.538  -2.011  -1.269   4.061   4.319  -2.764 
  2 A   0.119  -6.780  -6.654  -6.427  -7.088  -6.183  -5.948  -6.623  -6.807  -7.291  -7.474  -5.786  -5.622  -8.312   8.749  -3.651  -3.504  -9.144  -7.327  -4.616 
  3 A   1.823  -3.429   0.837  -3.703  -3.355  -0.063  -2.475  -2.925  -0.979   0.623  -0.078  -4.392   2.293   1.405  -5.524  -0.157   0.473   3.182   2.151   1.153 
  4 A   0.858  -1.327  -0.465  -0.751  -1.835   1.048   0.987   0.207  -0.154  -1.829  -0.902  -1.431   0.794  -0.526   1.470   0.753   0.276   2.037   0.509  -0.127 
  5 A   1.300  -2.141  -0.791  -1.046  -0.566  -0.546  -0.667  -0.480   1.242  -0.040   0.316  -1.861   0.426   0.441  -0.802   0.635   0.402   1.472  -0.631   0.757 
  6 A   0.901  -0.412  -0.901  -0.188  -1.778   0.337  -2.062   1.240  -0.303  -1.291  -1.728  -1.603  -0.774   0.344   0.575   1.125   2.084   2.033  -0.902  -0.322 
  7 A   1.019  -1.703  -0.012  -1.255  -1.483  -1.771  -0.688  -1.699   1.434   0.067   1.209  -3.716   0.494   0.782   0.943  -0.007   0.852   1.480   0.209  -0.408 
  8 A   3.561  -4.347  -2.155  -4.005  -1.797  -1.667  -0.063  -2.332  -2.770  -1.273  -0.807  -3.464  -1.301  -2.302   3.574   1.180   1.116  -2.099  -2.791   0.410 
  9 A  -2.085  -6.895  -7.287  -7.875  -6.684  -5.840  -6.542  -6.337  -2.707  -0.884   1.511  -6.920   5.300   4.914  -7.645  -5.064  -3.538  -0.321   5.402  -2.000 
