#HLA-B4904

Last position-specific scoring matrix computed       
            A       R       N       D       C       Q       E       G       H       I       L       K       M       F       P       S       T       W       Y       V 
  1 A   0.138   2.922  -3.378  -6.906  -1.665  -3.220  -6.022   0.100  -1.199  -0.143   0.570   2.647   1.337  -0.787  -7.016   0.782  -1.510   0.728   0.636  -0.395 
  2 A  -6.013  -5.274  -5.468  -3.709  -8.672  -1.050   8.016  -7.320  -5.184  -8.401  -8.010  -4.206  -7.050  -8.176  -6.363  -5.260  -6.104  -7.647  -7.051  -7.605 
  3 A  -2.592  -2.112  -0.108  -7.557  -6.174  -2.983  -6.514  -7.245   0.463   0.891  -0.076  -3.897   3.458   4.304  -7.844  -1.481  -4.231   4.130   5.436  -2.453 
  4 A   1.412  -2.138   0.887  -0.034  -0.708   0.745   2.135  -1.387  -0.635  -1.349  -0.287  -1.455  -0.581  -1.340   0.457   1.676   0.308  -0.977  -1.084  -1.478 
  5 A   0.145  -1.267  -1.751  -0.862  -1.833  -1.454  -1.186   0.983  -0.437   0.392   0.575  -2.422   0.302   1.323  -0.524   0.986   1.189  -0.176   0.908  -0.742 
  6 A   1.370  -1.200  -1.888  -2.594  -1.266  -1.360  -3.010   0.011  -1.407   0.766   0.384  -2.639  -2.683   1.314   0.494   1.344   1.418   1.298  -0.125   0.051 
  7 A  -1.198  -2.076  -0.502  -0.891  -1.847   0.870   0.135  -2.688   1.259  -0.571   1.256  -1.377   0.488  -0.140   1.687   1.162   1.028   0.009   0.246  -0.198 
  8 A  -0.941  -0.923   0.499  -4.128  -3.060   0.644  -0.524  -2.183   1.058  -0.351   1.114  -0.974  -1.158  -1.271   2.558   1.109   1.232  -0.962  -0.255   0.426 
  9 A  -6.312  -7.785  -8.220  -8.497  -6.731  -7.565  -8.025  -8.506  -7.356   4.777   1.947  -7.700   2.291   3.637  -8.227  -7.421  -6.254   5.212  -0.846   0.177 
