#HLA-B4059

Last position-specific scoring matrix computed       
            A       R       N       D       C       Q       E       G       H       I       L       K       M       F       P       S       T       W       Y       V 
  1 A   0.879   4.204  -3.127  -6.771  -3.460  -3.377  -5.914   0.865  -2.898  -0.970  -1.799   1.657   0.958  -0.389  -6.966   1.624  -2.720   2.377   1.989  -3.190 
  2 A  -6.013  -5.298  -5.471  -3.687  -8.680  -3.320   8.062  -7.328  -5.190  -8.410  -8.023  -4.407  -7.077  -8.170  -6.360  -5.260  -6.109  -7.650  -7.061  -7.611 
  3 A   0.324  -5.298  -0.901  -4.067  -2.227   0.390  -3.405  -5.700  -1.546   2.248   1.365  -6.657   3.563   2.077  -5.572  -0.117  -2.176   3.485   1.965   0.397 
  4 A   1.103  -2.055   1.095   0.605  -0.725   1.688   1.379   1.179   0.026  -1.718  -1.659  -2.195  -0.275  -0.101   0.146   1.020  -0.297  -0.450  -0.950  -1.902 
  5 A   1.173  -4.698  -0.883  -0.739  -2.004  -3.794  -1.140   0.988   0.071   0.676   1.015  -4.670   0.141   0.488  -1.585   1.048   0.379  -4.202   0.516   0.632 
  6 A   1.232  -0.757   0.154  -1.329  -1.641   0.380  -1.774   0.503   0.535  -0.523   0.473  -2.280  -0.528   1.570  -0.770   0.935   0.416   0.213  -0.560  -0.864 
  7 A  -0.524  -2.597  -1.907  -2.240  -1.643   0.494  -0.088  -2.294   0.093   0.972   0.618  -3.824  -0.369   1.633   1.486   0.534   1.055   1.047   1.549   0.373 
  8 A   2.828  -3.346  -1.535  -3.823  -4.050  -0.064   1.356  -2.211  -1.075  -2.347  -1.771  -3.636  -1.978  -2.060   3.549   1.948   1.190  -1.637  -1.475   0.364 
  9 A  -5.817  -7.461  -8.219  -8.606  -6.663  -7.332  -7.923  -8.512  -7.286   0.162   4.771  -7.597   3.998   4.424  -8.191  -7.405  -6.430  -4.755  -2.919  -2.670 
