#HLA-B1819

Last position-specific scoring matrix computed       
            A       R       N       D       C       Q       E       G       H       I       L       K       M       F       P       S       T       W       Y       V 
  1 A  -3.538  -4.098   0.427   1.931  -2.856  -2.007   2.379  -5.851   0.666  -0.857   0.215  -5.447   3.779   2.454  -7.223   0.899  -0.741   2.307   2.544  -3.606 
  2 A  -4.233  -5.268  -5.486  -3.774  -8.580   0.263   7.910  -7.283  -5.201  -8.274  -7.870  -4.040  -2.667  -8.123  -6.373  -5.252  -5.707  -7.632  -7.026  -7.515 
  3 A   0.215   1.044   0.423  -6.001  -5.171  -0.512  -3.574  -5.338   0.380   2.153  -0.268  -0.240   1.819   1.704  -5.427   0.453  -0.646  -2.738   1.818   0.904 
  4 A   0.553  -1.734   0.859   1.415  -1.901   0.752   2.101  -0.234   1.028  -2.239  -1.669  -0.387  -0.174  -0.487   0.449   0.682  -1.349   1.543   1.215  -1.932 
  5 A   0.844   0.021   0.650   0.034  -3.076  -1.943  -1.766   0.010   1.453  -0.272   0.197  -1.599  -0.539   1.142  -0.363   0.336   0.188  -1.522   1.391  -0.523 
  6 A  -0.288   0.632  -0.311  -0.925  -4.652   0.183  -2.455  -0.552   0.622   0.365   0.559  -2.166   0.128   1.682  -1.714   0.855   1.156   0.897   0.751  -0.450 
  7 A   0.965  -1.020   0.313  -3.001  -1.277  -0.022  -1.297  -1.357   1.320   0.451   0.088  -2.900  -0.296   0.120   0.557   1.962   1.145  -0.942   0.018  -0.216 
  8 A   2.606  -2.426  -1.175  -4.701  -5.755  -2.048   0.465  -0.655  -1.389  -1.826  -1.970  -2.144  -1.990  -2.302   3.901   2.178   0.990  -5.595  -1.495   0.392 
  9 A  -6.283  -7.372  -7.694  -8.356  -7.388  -7.128  -7.587  -8.252  -3.838  -3.544  -0.253  -7.485   4.758   6.231  -8.258  -7.132  -6.763  -3.467   6.246  -4.612 
