#HLA-B5501

Last position-specific scoring matrix computed       
            A       R       N       D       C       Q       E       G       H       I       L       K       M       F       P       S       T       W       Y       V 
  1 A  -2.314  -0.968  -1.092  -7.723  -2.256  -5.988  -6.243  -6.535  -0.550   0.332   2.805  -6.381   4.681   3.933  -7.800  -1.142  -2.595   1.242   2.313  -2.015 
  2 A  -5.443  -7.189  -7.066  -6.771  -7.714  -6.599  -6.323  -7.226  -7.190  -7.416  -7.659  -6.149  -7.701  -8.875   9.092  -5.915  -5.767  -9.793  -7.782  -7.608 
  3 A   1.644   0.416   0.270  -3.282  -4.136  -1.336  -3.600  -4.472  -0.253  -0.036  -0.700  -3.198   2.813   2.308  -5.019  -0.145  -0.107   2.583   3.719  -0.245 
  4 A   0.720  -0.126  -1.560  -0.731  -3.062   0.260  -0.882  -0.419   0.453  -0.244   0.693  -1.822   1.273  -0.503   1.409   0.686  -0.912   1.659   0.647   0.013 
  5 A  -0.259   1.265  -1.699  -3.751  -3.074  -1.205  -2.296  -1.141   1.119   0.662   0.098  -0.983   0.873   1.826   1.640  -0.033  -0.433   1.432   0.074   0.721 
  6 A   1.010   1.623  -1.255  -3.055  -1.641   0.259  -3.059   0.732  -0.429  -0.731  -0.670  -2.705  -1.383   1.593  -0.678   1.273   1.833   1.028  -0.564  -0.745 
  7 A   0.444  -1.698  -0.045  -2.970  -2.013  -2.019  -2.665  -1.177   1.312   0.802   1.153  -5.079   0.968   1.048   0.650   1.004   0.334  -2.314   0.973   0.694 
  8 A   3.283  -3.276  -2.512  -5.749  -4.008  -1.683  -0.123  -3.321  -1.757  -0.441  -1.319  -4.657  -0.131  -0.945   4.321   1.533  -0.104  -2.462  -2.040   0.247 
  9 A   3.918  -7.282  -7.579  -7.788  -5.277  -6.770  -7.076  -6.854  -7.484   2.936   0.103  -6.868   2.337  -1.653  -7.076  -4.638  -3.315  -7.271  -3.424   3.665 
