#HLA-B1583

Last position-specific scoring matrix computed       
            A       R       N       D       C       Q       E       G       H       I       L       K       M       F       P       S       T       W       Y       V 
  1 A   0.883   2.070  -4.425  -7.296  -0.439  -2.552  -6.006  -3.307  -1.354  -1.281   0.328   0.003   5.937   1.884  -7.276   0.590  -3.628   2.949   0.776  -2.310 
  2 A   0.613  -5.013  -5.182  -2.775  -7.028   6.760   0.401  -6.899  -5.734  -2.625  -0.348  -3.970   5.910  -6.695  -6.183  -0.237  -1.316  -7.253  -6.443  -3.667 
  3 A  -1.776  -0.613  -1.925  -6.111  -6.018  -3.357  -5.090  -7.716   0.216  -0.067   0.998  -2.238   5.666   4.228  -6.916  -2.208  -3.452   3.389   3.106  -2.027 
  4 A   1.855  -1.217   0.070   1.367  -1.487  -1.226   1.826  -2.047   0.564  -2.156  -0.117  -1.956  -0.349   0.555   0.505  -0.051  -0.102   0.399   1.277  -2.275 
  5 A   0.426   0.694  -1.610  -3.983  -2.774  -3.278  -3.822  -0.436   1.060  -0.430   0.988  -2.135   1.590   2.920  -0.463   0.338  -0.170   1.458   1.445  -0.835 
  6 A  -0.101   0.530  -0.392  -2.969  -0.701  -1.484  -3.783  -0.383   0.688  -0.237  -0.146  -4.140  -2.231   3.745  -3.123   1.613   0.919   1.056  -0.924   0.114 
  7 A  -0.821  -3.716   0.723  -3.343  -0.099   1.152  -3.079  -4.503   2.325   0.037  -0.306  -3.663   1.011   2.273   0.541   1.247   1.414  -0.364   2.001   0.315 
  8 A   2.803  -4.172  -1.669  -5.715  -6.636  -2.453  -1.868  -2.705  -2.588  -2.012  -2.091  -4.883  -2.444  -0.685   5.455   2.218   1.091  -4.475  -1.613  -0.685 
  9 A   0.235  -7.722  -8.116  -8.272  -6.242  -7.318  -7.797  -8.102  -7.979   5.331   1.427  -7.410   1.767  -2.670  -7.692  -6.826  -5.757  -7.303  -6.293   3.083 
