#HLA-B5511

Last position-specific scoring matrix computed       
            A       R       N       D       C       Q       E       G       H       I       L       K       M       F       P       S       T       W       Y       V 
  1 A  -2.229  -1.034  -1.435  -7.702  -3.717  -5.946  -6.215  -6.195  -0.430   0.697   2.427  -6.352   5.061   3.775  -7.761  -1.006  -1.666   1.612   2.415  -1.679 
  2 A  -5.677  -7.189  -7.066  -6.769  -7.723  -6.599  -6.321  -7.227  -7.189  -7.962  -8.068  -6.147  -7.724  -8.896   9.103  -5.918  -6.155  -9.808  -7.788  -7.635 
  3 A   1.309  -0.261   0.509  -3.300  -3.765  -1.030  -3.982  -4.509  -0.028  -0.053  -0.979  -4.383   2.411   3.015  -4.091  -0.663  -0.391   3.740   4.232  -0.927 
  4 A   0.533  -0.384  -0.711  -0.967  -2.519   0.585  -0.513  -0.714   0.854  -0.564   0.360  -1.729   0.925  -0.511   1.453   1.251  -0.646   2.180   0.714  -0.291 
  5 A   0.123  -0.087  -0.992  -3.746  -3.377  -1.582  -2.211  -1.915   0.837   0.754   0.431  -1.209   0.807   2.110   1.401   0.380  -0.054   2.285   0.313   0.453 
  6 A   1.243   1.173  -1.155  -2.213  -1.465   0.453  -3.466   1.076  -0.203  -1.779  -1.387  -2.304  -1.262   1.772  -0.429   1.389   1.833   1.548  -0.370  -1.058 
  7 A   0.233  -1.601   0.438  -1.860  -1.276  -1.599  -3.142  -1.761   1.497   0.472   1.093  -4.589   0.665   1.006   0.428   1.214   0.547  -1.531   0.916   0.656 
  8 A   3.305  -3.964  -2.805  -6.161  -3.602  -1.691  -0.380  -4.242  -2.604  -0.561  -0.972  -4.270  -0.124  -1.181   4.425   1.404   0.492  -2.989  -2.218   0.314 
  9 A   3.491  -7.229  -7.565  -7.816  -5.371  -6.066  -6.180  -6.628  -7.208   2.617   0.974  -6.452   3.543   0.294  -7.182  -4.515  -2.554  -6.877  -0.407   2.920 
