#HLA-B3532

Last position-specific scoring matrix computed       
            A       R       N       D       C       Q       E       G       H       I       L       K       M       F       P       S       T       W       Y       V 
  1 A  -4.445  -4.726   0.391  -3.026  -2.293  -2.896  -0.403  -5.857  -1.440   0.644   0.902  -6.675   5.048   3.535  -7.644  -2.244   0.415   2.600   3.866  -2.086 
  2 A   2.296  -7.068  -6.973  -6.794  -7.148  -6.461  -6.268  -6.342  -7.108  -6.958  -6.945  -6.116  -3.607  -7.554   8.404  -3.459  -3.837  -9.175  -7.542  -4.367 
  3 A   1.793  -4.128   1.346  -1.890  -2.223   0.040  -0.223  -3.309  -1.341   0.726  -0.471  -4.745   1.401   0.845  -3.269   1.063   0.519   1.178   1.438   0.894 
  4 A   1.169  -2.271  -0.745   0.622  -1.670   0.724   1.253   0.419   0.294  -2.325  -1.341  -1.146   0.042  -0.774   1.695   0.820  -0.092   2.357  -0.086  -0.590 
  5 A   0.930  -4.330  -0.506  -0.063   0.012  -0.701  -0.372   0.436   0.759  -0.202   0.325  -1.887   0.012   0.852  -0.439   0.488   0.414   1.158  -0.999   0.336 
  6 A   1.117  -0.953  -0.657   0.404  -2.253  -0.168  -1.402   0.905   0.186  -1.571  -1.579  -3.121  -1.603  -0.028   0.335   1.730   2.383   0.710  -0.724  -0.245 
  7 A   0.892  -2.600   0.486  -1.251  -0.693  -1.443   0.143  -1.888   0.916   0.688   1.067  -4.357   0.047   1.036   0.059   0.209   0.734   0.218   0.477  -0.342 
  8 A   3.764  -3.566  -2.118  -3.749  -2.167  -2.225   0.758  -2.682  -3.428  -1.038  -1.284  -3.280  -1.246  -1.636   2.961   0.961   0.951  -3.622  -2.804   0.714 
  9 A  -6.308  -7.356  -7.639  -8.325  -7.467  -7.103  -7.551  -8.216  -2.854  -4.700  -1.861  -7.472   4.937   6.373  -8.273  -7.102  -6.324  -0.911   6.365  -5.741 
