#HLA-B1563

Last position-specific scoring matrix computed       
            A       R       N       D       C       Q       E       G       H       I       L       K       M       F       P       S       T       W       Y       V 
  1 A   0.527   1.883  -4.829  -7.046  -5.226  -0.482  -6.174  -1.393  -0.398  -0.585   0.281   0.700   3.733   1.937  -7.143   1.956  -3.109   2.563   1.913  -1.570 
  2 A  -0.325  -5.491  -6.276  -6.688  -6.862   6.537  -5.011  -7.133  -5.919  -2.686   0.945  -5.244   6.961  -6.214  -7.041  -0.097  -2.940  -7.098  -6.309  -2.875 
  3 A   1.602   2.323   0.704  -6.900  -5.954  -1.918  -5.877  -5.708   1.220   1.996  -2.884  -0.159   3.259   2.352  -5.002  -0.295  -3.449  -3.950   2.404  -0.904 
  4 A   1.854  -2.319   0.740   1.894  -1.492   0.511   0.969  -2.137  -0.053  -4.478  -3.594  -0.101   0.096  -2.143   2.599   1.661  -0.223  -1.970   1.288  -2.236 
  5 A   1.083  -2.669   0.412  -0.335  -4.119  -3.623  -2.010   1.583   1.942  -2.985  -0.395  -2.912  -1.607  -0.759  -0.740   2.910   1.850  -0.947   0.435  -1.880 
  6 A  -0.310  -2.622   0.167  -1.907  -1.269  -2.484  -2.629   1.019  -0.129   0.671  -0.635  -5.891  -0.658   1.191  -0.947   2.298   2.513   0.004  -1.629   0.384 
  7 A   0.156  -3.318   0.238  -3.866  -0.674   1.029  -0.990  -1.699   1.499  -1.493   1.085  -4.013  -0.395  -1.221  -0.117   3.207   2.420  -3.555  -2.508  -0.905 
  8 A   3.184  -2.963  -3.712  -5.600  -4.458  -4.178  -0.201  -2.575   1.109  -2.641  -3.339  -5.294  -3.927  -2.341   4.570   3.146  -0.120  -7.705  -3.016   0.613 
  9 A  -5.949  -7.562  -8.025  -8.489  -6.987  -7.460  -7.891  -8.351  -6.670  -0.054   2.745  -7.704   4.839   6.408  -8.358  -7.312  -6.609  -5.268   0.638  -3.982 
