#B3908

Last position-specific scoring matrix computed       
            A       R       N       D       C       Q       E       G       H       I       L       K       M       F       P       S       T       W       Y       V 
  1 A  -1.992   1.392  -1.757  -6.271  -2.550  -2.302  -6.132  -3.074   0.168  -2.111  -0.097  -2.626   3.374   3.727  -7.090   1.489  -0.745   5.266   3.674  -2.941 
  2 A  -5.092  -4.383  -4.905  -2.523  -7.986   6.394   6.331  -6.680   1.467  -7.624  -7.149  -1.816  -1.650  -7.654  -6.065  -4.853  -5.575  -7.072  -5.415  -6.999 
  3 A   1.267  -4.712  -0.044  -0.079  -4.742   0.086  -0.884  -4.559   0.661   0.447  -0.654  -4.734   3.706   1.242  -3.061   0.388  -0.929   3.018   3.424  -0.518 
  4 A   1.571  -0.959  -0.252   0.433  -0.425   1.252   1.943  -1.209   0.042  -2.064  -0.501  -1.792   0.442  -0.567   1.382   0.493  -0.407   0.683   0.451  -2.378 
  5 A   0.765  -2.545   0.370  -1.118  -1.351  -3.450  -2.657   1.235   1.108   0.011  -0.066  -3.264   0.666   1.528  -0.850   0.619   0.436  -2.115   1.797   0.081 
  6 A   1.236  -0.873   0.543  -0.866  -1.498  -0.234  -2.478   0.870   1.611  -1.711  -0.779  -1.663  -2.261   1.882  -0.933   1.180   1.315   1.391  -1.097  -0.854 
  7 A   1.200  -3.830  -0.039  -1.485  -2.117   0.826  -1.058  -3.652   2.130  -0.904  -0.350  -2.959   0.339   1.547   0.428   0.489   1.107  -0.262   2.032   0.807 
  8 A   3.021  -4.407  -5.514  -6.019  -4.482  -1.005  -0.520  -5.496  -3.031  -1.205  -0.471  -4.960  -0.932  -5.115   4.546   1.296   2.332  -5.257  -4.319   0.998 
  9 A  -5.754  -7.056  -7.984  -8.261  -5.954  -6.914  -7.572  -8.278  -7.503   2.360   5.510  -7.129  -0.129  -2.931  -7.594  -7.078  -5.774  -6.556  -5.747   0.062 
