#HLA-B5713

Last position-specific scoring matrix computed       
            A       R       N       D       C       Q       E       G       H       I       L       K       M       F       P       S       T       W       Y       V 
  1 A  -1.085   4.415  -6.092  -6.775  -3.883  -4.448  -5.503  -3.941  -4.888   0.885  -0.643   4.761   1.621  -3.651  -6.866  -2.112  -2.758  -2.446  -4.123  -0.648 
  2 A   1.635  -6.201  -5.196  -5.992  -6.079  -5.597  -5.726  -5.913  -6.562  -6.284  -6.509  -5.698  -6.087  -7.266  -6.089   5.498   5.587  -7.640  -6.869  -1.495 
  3 A   1.454   0.158   1.612  -6.729  -5.923  -0.355  -5.912  -3.323  -0.131  -0.030  -1.083  -3.447   1.841   2.493  -6.444   1.595  -1.032   2.038   3.741  -0.754 
  4 A   2.029  -0.643  -0.671  -0.180  -3.761  -0.129  -0.258  -1.206   1.271  -2.140  -3.012   0.019  -0.175   0.429   2.483   1.840  -0.447   1.155   0.172  -1.467 
  5 A   0.495  -0.268  -0.925  -2.314  -2.253   1.020  -2.647   0.186  -0.105  -1.088  -0.473  -1.095   0.093   0.409   0.263   1.660   1.481   1.769  -0.225   0.580 
  6 A   0.385  -0.687  -0.157  -1.173  -3.033  -0.339  -3.789   0.479   0.693  -0.323  -0.225  -2.081  -0.673   0.002  -0.200   2.358   1.871   1.290  -0.236  -0.481 
  7 A  -0.587  -0.568  -0.721  -4.027  -2.493   0.629  -1.790  -1.017   1.613  -0.892   1.987  -3.157   0.673   0.296   0.656   1.763   1.261  -0.195  -0.300  -1.387 
  8 A  -0.404   0.957  -0.606  -3.079  -4.174   1.518  -0.027  -1.726   0.214  -1.499   0.618  -1.727  -1.356   0.365   0.876   2.713   1.115  -0.932   0.521  -1.961 
  9 A  -7.345  -7.593  -7.920  -8.541  -7.918  -7.536  -7.722  -8.087  -5.644  -3.342  -4.056  -7.801   0.273   6.016  -8.860  -7.440  -7.142   9.140   5.086  -6.353 
