#HLA-B1545

Last position-specific scoring matrix computed       
            A       R       N       D       C       Q       E       G       H       I       L       K       M       F       P       S       T       W       Y       V 
  1 A   0.371   3.610  -5.859  -7.037  -5.293  -2.604  -6.038  -1.976  -0.766  -0.513   0.156   1.869   3.863   1.289  -7.111   1.085  -3.978   1.560   0.556  -1.706 
  2 A   0.554  -5.930  -6.590  -7.009  -6.620   5.321  -5.575  -6.442  -6.322  -0.604   1.868  -5.689   6.648  -5.957  -7.118  -0.109  -1.243  -7.110  -6.332  -0.897 
  3 A   0.055   4.059  -0.030  -6.919  -7.250  -3.209  -5.719  -7.194   1.301   0.891  -2.888   0.891   3.497   2.584  -5.445  -0.732  -3.683  -6.142   2.765  -1.820 
  4 A   1.941  -1.623   1.112   1.867  -1.868   0.188   0.213  -2.525   0.587  -4.181  -3.878   0.394   0.096  -2.598   1.957   1.807   0.033  -1.570   2.007  -2.992 
  5 A   0.755  -0.563   0.044  -1.144  -4.632  -3.357  -2.417   1.386   2.769  -3.567  -0.573  -2.651  -1.133   0.101  -0.051   2.692   1.739  -0.666   0.593  -1.965 
  6 A  -1.177  -1.877  -0.168  -2.653  -1.615  -2.668  -3.943   1.256   0.345   0.645  -0.570  -5.882  -0.780   1.229  -1.244   2.523   2.692  -0.942  -1.235   0.529 
  7 A   0.235  -2.898   0.540  -4.451  -0.538   0.204  -1.497  -1.497   1.253  -1.204   0.747  -4.381  -0.408  -2.464   0.025   3.742   2.140  -5.499  -2.366  -0.433 
  8 A   3.130  -3.240  -3.895  -4.968  -5.015  -3.601  -0.293  -3.241   0.831  -3.003  -4.248  -5.257  -3.989  -2.900   4.959   3.439  -0.164  -7.757  -2.428   0.020 
  9 A  -4.041  -7.542  -7.969  -8.436  -6.981  -7.395  -7.829  -8.265  -6.569   0.223   2.121  -7.650   5.099   6.385  -8.302  -7.207  -6.561  -5.224   1.364  -2.447 
