#HLA-B4442

Last position-specific scoring matrix computed       
            A       R       N       D       C       Q       E       G       H       I       L       K       M       F       P       S       T       W       Y       V 
  1 A   0.456   1.664  -1.804  -7.064  -0.715  -1.303  -5.953   0.326  -1.332   0.040   0.222   0.818   2.923   2.228  -7.234   0.099  -1.304   2.564   2.033  -2.535 
  2 A  -6.016  -5.298  -5.463  -3.081  -8.678  -2.706   8.042  -7.322  -5.192  -8.409  -8.023  -4.410  -7.075  -8.173  -6.362  -5.261  -6.108  -7.653  -7.063  -7.612 
  3 A   1.655  -4.849   1.299  -3.086  -6.712  -0.368  -3.933  -5.140  -2.435   0.913  -0.464  -4.621   4.553   1.784  -6.445   1.740  -1.087   3.233   2.537  -1.587 
  4 A   1.724  -2.876  -0.907   0.472  -1.289   1.002   1.972  -3.403  -0.527  -0.727   0.494  -2.721  -1.364  -1.663   0.730   1.336   0.863  -0.963  -0.026  -1.159 
  5 A   0.193  -1.609  -2.119  -1.148  -1.136  -1.595  -0.576   0.923   0.185   0.536   0.596  -3.408   1.283   2.196  -2.748  -0.022   0.353   0.429   1.462  -0.357 
  6 A   2.165  -0.513  -0.636  -2.647  -0.076  -0.105  -2.142  -0.144  -0.119  -0.009  -0.218  -2.459  -3.324   0.837  -1.439   1.953   1.338   0.868  -1.930  -0.664 
  7 A   0.128  -4.305  -1.218  -1.486  -2.045   0.321   0.644  -2.609   0.852  -0.771   0.746  -2.420   0.876   1.334   1.489   0.032   0.691   0.746   1.498   0.737 
  8 A   1.749  -2.000  -1.659  -3.265  -2.997   0.705   0.729  -2.285  -1.087  -0.570   0.711  -2.995   0.794  -1.216   2.049   1.413   1.367  -1.987  -1.715   0.163 
  9 A  -6.418  -7.910  -8.376  -8.496  -6.395  -7.613  -8.180  -8.761  -8.127   6.048   2.872  -7.664  -0.602  -3.492  -7.992  -7.482  -5.975  -2.417  -6.269   0.541 
