#HLA-B1556

Last position-specific scoring matrix computed       
            A       R       N       D       C       Q       E       G       H       I       L       K       M       F       P       S       T       W       Y       V 
  1 A  -1.291   0.900  -5.742  -7.370  -5.199  -2.445  -6.539  -4.010   0.104   0.198   1.510  -0.036   4.945   2.715  -7.395   1.423  -2.625   1.922   2.016  -1.835 
  2 A   2.653  -6.516  -6.640  -7.112  -6.228   2.138  -6.235  -5.824  -6.858   0.527   1.454  -6.179   4.949  -6.075  -6.883   1.592   1.560  -7.300  -6.495   1.327 
  3 A   0.898   3.934   1.588  -6.685  -6.088  -3.226  -6.057  -6.259   0.154   1.195  -2.554   0.332   2.178   1.837  -6.427   0.076  -2.605  -6.399   2.283  -1.126 
  4 A   1.439  -2.772   1.441   1.473  -1.867   0.802   0.379  -1.466   0.421  -4.876  -4.198   0.031   0.095  -2.235   1.744   2.450   0.140  -0.949   1.717  -2.323 
  5 A   1.071  -0.169  -0.724  -1.453  -3.060  -2.051  -2.104   0.803   2.809  -3.579  -0.728  -2.328  -1.131   0.765   0.509   2.585   1.513  -1.537   1.080  -2.477 
  6 A  -0.963  -1.595  -0.147  -1.547  -3.325  -2.462  -3.709   1.747  -0.821   0.108  -1.395  -4.951  -1.092   0.532  -0.935   2.622   3.140  -0.956  -1.282   0.392 
  7 A   0.540  -2.208   1.077  -4.497  -0.672  -0.677  -1.526  -1.018   1.436  -1.237   1.701  -4.234  -0.736  -2.838   0.210   3.026   1.726  -7.328  -2.368  -1.035 
  8 A   3.152  -4.116  -3.152  -5.564  -4.449  -4.166  -0.005  -2.750   0.969  -3.711  -3.432  -4.802  -3.936  -3.766   4.652   3.191   0.082  -7.828  -4.150   1.020 
  9 A  -7.170  -7.628  -7.771  -8.405  -7.580  -7.597  -7.786  -8.238  -5.486  -5.406  -4.555  -7.807   3.453   7.462  -8.521  -7.256  -6.966  -4.154   5.329  -5.896 
