#HLA-B4818

Last position-specific scoring matrix computed       
            A       R       N       D       C       Q       E       G       H       I       L       K       M       F       P       S       T       W       Y       V 
  1 A  -0.179   6.103  -5.113  -3.865  -3.259  -3.285  -5.201  -0.513  -2.156  -2.927  -4.258   2.688   0.199  -1.394  -1.573  -2.367  -4.557   1.870  -0.647  -4.303 
  2 A  -4.558  -1.255  -3.814  -2.332  -2.231   7.188   5.110  -6.057  -4.182  -5.649  -4.662  -2.120   2.502  -5.621  -6.032  -4.628  -5.926  -4.418  -5.914  -6.598 
  3 A  -0.266  -4.257  -2.628  -2.379  -5.243  -0.674  -4.077  -4.663  -0.269  -1.239   1.599  -5.606   4.196   3.048  -3.419  -0.316  -2.034   4.910   3.889  -1.297 
  4 A   2.036  -1.554  -0.782   0.275  -1.144  -0.665   0.736   0.684  -0.918  -1.457  -0.163  -1.517   0.066   0.449   1.654  -0.197  -1.359   1.291   0.233  -1.652 
  5 A  -0.195  -0.373  -1.507  -1.982  -0.431  -2.323  -1.773   1.070  -0.836   0.796   0.729  -2.068   0.419   0.146  -2.266   0.140  -0.476   0.208   0.163   2.005 
  6 A   0.970  -0.189  -0.442  -0.853  -1.648  -0.430  -1.377  -0.372   2.029   0.153   0.390  -2.693  -2.475   1.599   0.432   0.481   0.188   1.294  -1.700  -0.161 
  7 A   0.229  -2.584  -2.366  -2.244  -0.698   0.103  -0.386  -2.977   1.672  -0.587   0.301  -3.235   0.128   1.979   1.279   0.848   0.657   1.679   1.274   0.941 
  8 A   1.293  -1.555  -1.537  -1.781  -4.566   0.463   0.469  -1.468  -2.111   0.074  -0.307  -3.110  -1.893  -1.242   2.905   1.765   1.603  -0.236  -1.587   0.245 
  9 A  -6.535  -2.666  -8.235  -4.636  -6.456  -6.477  -6.268  -8.689  -7.869   3.563   5.223  -7.360  -1.807  -3.207  -8.000  -7.472  -6.202  -7.053  -6.230  -1.042 
