#HLA-B4418

Last position-specific scoring matrix computed       
            A       R       N       D       C       Q       E       G       H       I       L       K       M       F       P       S       T       W       Y       V 
  1 A   1.044   2.157  -1.480  -6.873  -1.461  -1.252  -4.019  -0.544  -1.358   0.331   0.777   1.345   2.781   0.035  -7.038   0.723  -0.651   0.217   0.383  -1.419 
  2 A  -6.013  -5.298  -5.471  -3.687  -8.680  -3.320   8.062  -7.328  -5.190  -8.410  -8.023  -4.407  -7.077  -8.170  -6.360  -5.260  -6.109  -7.650  -7.061  -7.611 
  3 A  -0.392  -4.343   1.498  -3.563  -4.606   0.544  -3.459  -4.930  -0.887   1.601   1.342  -2.801   3.855   1.613  -7.358   0.790  -1.592   2.482   2.535  -1.261 
  4 A   2.059  -2.065   0.109  -0.486   0.408   0.668   1.640  -2.037  -1.202  -0.402   0.481  -1.557  -1.055  -1.399  -0.744   1.049   0.391  -1.605  -1.082  -0.852 
  5 A   0.058  -1.687  -2.950  -0.815  -1.460  -0.452  -0.147   0.084  -1.902   1.177   1.066  -2.659   0.425   1.958  -2.417  -0.451   0.720  -0.157   1.354  -0.174 
  6 A   1.723  -0.449  -0.515  -1.744  -1.121   0.112  -1.774  -0.562  -1.549   0.411  -0.146  -1.051  -2.267   1.806   0.070   1.320   0.252   1.161  -1.732  -0.493 
  7 A  -1.361  -4.069  -0.215  -0.779  -2.306   0.805   0.932  -5.406   1.278  -1.030   1.050  -2.050   0.884   2.382   0.476  -0.681  -0.336   2.211   2.377   0.205 
  8 A  -0.521  -1.120  -0.023  -2.992  -2.792   1.131   0.258  -0.644   0.001  -0.128   1.236  -0.050  -1.630   0.735   1.410   0.122   0.573  -1.561  -0.060  -0.465 
  9 A  -1.999  -8.043  -8.287  -8.350  -6.355  -7.654  -8.130  -8.520  -8.169   6.659  -0.391  -7.627  -1.915  -4.238  -7.875  -7.239  -5.838  -0.467  -6.323   1.287 
