#HLA-B5503

Last position-specific scoring matrix computed       
            A       R       N       D       C       Q       E       G       H       I       L       K       M       F       P       S       T       W       Y       V 
  1 A  -1.944  -0.699  -1.727  -7.728  -2.247  -5.941  -6.631  -6.878  -0.112   0.370   3.033  -5.083   4.353   3.363  -7.729  -0.772  -2.036   1.234   2.368  -1.621 
  2 A  -4.047  -7.182  -7.061  -6.775  -7.679  -6.591  -6.323  -7.201  -7.187  -7.371  -7.282  -6.149  -6.515  -8.833   9.054  -5.890  -5.113  -9.747  -7.765  -7.123 
  3 A   1.457   1.189  -0.715  -4.445  -5.215  -1.346  -5.398  -4.537   0.326  -0.252   0.005  -3.193   3.069   2.682  -4.380  -1.211  -0.750   2.901   3.726  -0.356 
  4 A   0.637  -0.027  -1.670  -0.922  -2.042   0.392  -0.419  -0.918   0.275   0.076   0.935  -2.075   1.525  -0.920   1.238   0.357  -0.656   1.021   0.443   0.226 
  5 A   0.189   1.165  -1.709  -4.580  -4.158  -1.704  -3.595  -1.412   1.181   0.485   0.098  -1.116   0.723   2.073   2.349   0.013  -0.487   0.573  -0.249   0.850 
  6 A   0.620   1.588  -1.562  -3.905  -1.463  -0.117  -4.287   0.830  -1.075  -0.033  -0.338  -2.639  -1.352   2.197  -0.692   0.990   1.223   1.038  -0.094  -0.201 
  7 A   0.415  -1.361   0.285  -2.463  -1.447  -1.357  -2.643  -1.172   1.314   1.080   0.659  -5.033   0.142   0.801   1.235   0.976   0.246  -1.906   0.966   0.689 
  8 A   2.820  -2.991  -2.392  -5.451  -5.050  -1.691  -0.129  -3.151  -1.259  -0.422  -1.224  -4.092  -0.022  -0.032   4.408   1.108  -0.015  -2.005  -1.701   0.708 
  9 A   4.023  -7.297  -7.597  -7.786  -5.965  -6.107  -7.060  -6.824  -7.629   2.865   0.045  -6.864   0.957  -4.393  -7.040  -5.343  -3.448  -7.476  -6.500   4.109 
