#HLA-B9510

Last position-specific scoring matrix computed       
            A       R       N       D       C       Q       E       G       H       I       L       K       M       F       P       S       T       W       Y       V 
  1 A  -0.218   0.834  -5.679  -7.249  -5.166  -1.444  -6.435  -2.379  -1.697   0.418   1.678   0.489   3.377   2.434  -6.528   1.806  -2.362   1.068   1.662  -1.056 
  2 A   0.131  -5.573  -6.613  -7.030  -6.635   5.389  -5.573  -7.261  -6.349  -1.126   2.430  -5.700   6.249  -5.922  -7.153   0.138  -2.019  -7.121  -6.330  -0.316 
  3 A   1.485   1.738   1.222  -6.412  -5.188  -2.413  -6.345  -5.472   0.307   2.304  -2.072  -0.136   3.032   2.152  -4.331  -0.159  -4.154  -6.357   2.218  -0.071 
  4 A   1.891  -2.925   1.096   0.706  -2.058   0.304  -0.139  -1.659  -0.259  -3.167  -2.832   0.301   0.021  -0.821   1.628   1.850   0.643   0.017   1.939  -2.043 
  5 A   0.616  -1.080   0.774  -0.390  -3.743  -2.924  -2.097   0.523   1.688  -3.453  -0.413  -2.449  -0.594   1.012  -0.193   2.921   1.688  -0.404   1.236  -3.412 
  6 A  -0.386  -2.868   0.054  -3.171  -3.676  -1.356  -3.140   1.018  -0.448   0.337  -0.387  -5.578  -0.412   1.665  -1.143   2.431   2.451   0.213  -0.661   0.410 
  7 A   0.565  -3.886  -0.304  -4.566  -1.250  -0.255  -0.598  -1.853   0.832  -0.452   1.842  -3.767  -0.578  -1.258  -1.127   2.849   1.906  -4.314  -1.551  -0.197 
  8 A   2.967  -3.229  -2.549  -3.888  -3.287  -2.913   0.346  -3.080   1.880  -3.006  -1.509  -4.593  -3.176  -1.019   3.740   2.649   0.503  -7.327  -0.538   0.171 
  9 A  -7.246  -7.781  -7.858  -7.667  -7.559  -7.895  -7.927  -8.235  -5.925  -5.325  -4.128  -8.005   3.007   7.911  -8.668  -7.337  -7.015  -4.338   3.487  -5.871 
