#HLA-B4705

Last position-specific scoring matrix computed       
            A       R       N       D       C       Q       E       G       H       I       L       K       M       F       P       S       T       W       Y       V 
  1 A   0.833   5.115  -4.877  -6.787  -4.879  -2.617  -5.372  -0.177  -0.581  -3.060  -3.592   2.397   0.716  -0.345  -6.989   0.169  -3.860   3.708   1.837  -3.676 
  2 A  -5.630   4.349  -5.349  -2.054  -8.256   7.800   1.859  -7.063  -5.084  -7.835  -7.194  -1.857  -0.167  -8.203  -6.745  -5.409  -5.942  -7.484  -6.641  -7.292 
  3 A  -2.078  -4.206  -5.499  -8.133  -7.080  -4.104  -6.001  -7.948  -1.857   1.425   0.671  -6.334   4.464   4.627  -7.167  -3.756  -3.878   6.539   3.442  -1.108 
  4 A   1.388  -1.181   1.794   1.751  -1.882  -0.782   1.361   0.648   0.576  -3.385  -2.172  -0.927  -0.919  -1.928  -0.044   1.509   0.020   0.862   0.480  -3.775 
  5 A   0.024  -0.537  -1.809  -2.623  -2.510  -1.357  -1.852   0.156   0.098   0.158   1.194  -2.069   0.056   2.380  -2.590   0.485  -0.327   2.208   1.958  -0.173 
  6 A   1.850  -0.202  -0.970  -3.399  -2.003   0.017  -3.746   0.154  -0.701   0.707   0.745  -3.773  -1.456   1.475  -1.824   0.874   1.261   1.982  -2.375  -0.497 
  7 A  -0.776  -2.587  -1.789  -1.858  -1.460   0.169  -0.556  -2.139   0.613   0.369   1.260  -3.113  -0.038   1.307   0.807   0.811   1.285   1.439   1.354   0.212 
  8 A   2.018  -1.149  -1.100  -3.410  -6.807   0.524  -0.454  -0.544  -2.310  -2.728   0.449  -1.871  -2.827  -1.524   4.017   1.792   0.352  -0.719  -1.218  -1.371 
  9 A  -3.269  -5.511  -7.902  -8.356  -6.885  -7.089  -7.629  -8.266  -5.601   2.291   2.774  -3.053   4.108   4.390  -8.074  -7.135  -6.405   2.610   3.647  -1.813 
