#HLA-B5514

Last position-specific scoring matrix computed       
            A       R       N       D       C       Q       E       G       H       I       L       K       M       F       P       S       T       W       Y       V 
  1 A  -1.255   1.937  -1.366  -7.246  -2.769  -2.795  -3.509  -4.675  -0.194   1.347   1.504  -1.112   4.130   1.244  -7.423   0.015  -1.709   2.210   2.290  -0.483 
  2 A  -1.643  -7.167  -7.078  -6.861  -7.417  -5.944  -6.384  -7.167  -7.216  -4.106  -5.318  -6.211  -1.485  -7.476   8.679  -4.344  -3.709  -9.335  -7.565  -1.214 
  3 A   0.878   3.405   0.441  -4.714  -4.207  -1.362  -2.149  -3.756   0.230  -0.832  -0.213  -1.609   0.860   1.927  -4.322  -0.146  -0.607   1.199   2.143   0.032 
  4 A   0.533  -0.460  -0.213   0.012  -3.433   0.726  -0.112  -0.360   1.690  -1.648  -1.230   0.015   1.168  -0.532   1.067   0.971   0.150   1.545   1.171  -0.704 
  5 A   0.133   0.875  -1.274  -2.678  -1.853   0.062  -1.855  -0.593   1.889  -0.301   0.083  -0.414   0.010   0.742   0.762   0.440   0.613   1.429   0.739   0.001 
  6 A   0.379   1.602  -0.538  -2.401  -2.276  -0.755  -2.545   1.503   0.539  -1.007  -1.238  -1.249  -1.590   0.037  -0.275   1.466   1.834   1.157  -0.244  -0.520 
  7 A   0.334   0.663  -0.600  -4.741  -2.470  -1.214  -2.757  -0.188  -0.027  -0.194   1.837  -2.794   0.432  -0.315   0.313   1.134   1.165  -1.576  -0.927   0.147 
  8 A   3.506  -2.128  -2.225  -4.364  -3.586  -1.184  -0.364  -2.045  -1.757  -1.091  -1.453  -3.130  -1.103  -2.414   3.366   1.644   0.416  -4.463  -3.035   0.987 
  9 A  -6.272  -7.298  -7.615  -8.311  -7.436  -6.277  -7.499  -8.225  -2.813  -4.490  -1.289  -7.399   5.111   6.060  -8.211  -7.076  -6.760  -4.127   6.619  -5.241 
