#HLA-B1502

Last position-specific scoring matrix computed       
            A       R       N       D       C       Q       E       G       H       I       L       K       M       F       P       S       T       W       Y       V 
  1 A  -2.756  -1.435  -3.055  -6.385  -5.244  -1.745  -4.091  -5.317   1.460   0.100   0.600  -2.837   5.732   3.651  -7.599   0.329  -1.026   3.050   2.953  -2.034 
  2 A   3.752  -6.535  -6.792  -7.170  -6.164   2.031  -5.847  -5.665  -6.857  -0.096   1.414  -5.520   4.763  -5.346  -4.828   0.766  -0.146  -7.322  -6.500   1.298 
  3 A   0.578   2.535   0.171  -6.997  -5.308  -1.171  -5.540  -6.114   1.108   0.867  -1.311  -0.023   2.283   2.840  -6.538  -0.416  -2.904  -3.763   3.744  -0.362 
  4 A   1.196  -2.205   0.608   1.503  -1.686   0.579   1.645  -0.756  -0.152  -4.687  -2.961  -0.098   0.003  -1.011   1.814   1.892   0.026   0.379   1.090  -3.012 
  5 A   1.232  -0.393  -1.764  -1.167  -2.046  -1.788  -2.531   1.407   2.841  -2.357  -0.792  -2.349  -2.174   1.075   0.270   2.633   0.557  -0.661   0.270  -2.163 
  6 A  -0.065  -1.589  -0.139  -1.297  -3.009  -3.977  -2.475   1.940  -1.236  -0.546  -1.644  -4.477  -1.266  -0.024  -0.927   2.813   2.955  -0.691  -0.954   0.125 
  7 A   0.329  -2.089   1.263  -4.996  -1.269   0.262  -2.036  -0.779   1.189  -0.831   1.406  -2.897   0.223  -1.047   0.448   2.834   1.439  -5.446  -2.331  -1.348 
  8 A   3.826  -4.355  -2.896  -6.044  -3.230  -3.181  -0.699  -2.552  -0.590  -2.882  -3.398  -4.041  -3.914  -3.390   4.639   2.310  -0.027  -7.842  -4.544   0.986 
  9 A  -7.095  -7.430  -7.628  -8.358  -7.685  -7.241  -7.575  -8.258  -4.808  -5.639  -4.457  -7.553   2.619   6.585  -8.313  -7.160  -6.945  -3.121   7.166  -6.026 
