#HLA-B5709

Last position-specific scoring matrix computed       
            A       R       N       D       C       Q       E       G       H       I       L       K       M       F       P       S       T       W       Y       V 
  1 A  -4.717  -0.844  -0.520   5.554  -6.741  -3.188   0.600  -2.626  -5.489  -5.160  -6.192   0.648  -1.875  -8.255   5.688  -4.554  -5.390  -8.600  -5.419  -6.152 
  2 A  -4.532   3.518  -0.582   3.491  -0.540  -3.837   2.813  -4.373  -0.029  -7.819  -7.028   3.571  -5.930  -7.933  -3.818   0.770   0.325  -5.732  -4.666  -6.963 
  3 A  -0.450  -4.378   0.417   2.596  -0.257   0.012   3.820  -0.136  -1.987  -2.244  -1.186  -2.457  -0.404  -2.273   1.583  -1.521   0.034  -2.937   0.387  -1.873 
  4 A  -0.424  -1.399   0.272   1.980  -3.874   0.205   2.656   1.261  -0.886  -1.482  -2.253  -0.141  -1.858  -1.977   1.210   0.248   0.189  -0.993  -1.241  -1.029 
  5 A  -1.559  -1.031  -0.158   2.854  -2.911   1.117   3.559  -0.858  -1.447  -2.155  -0.536   1.314  -2.432  -1.860  -0.492  -1.466  -0.678  -3.591  -1.121  -1.514 
  6 A  -1.098  -0.592  -0.457   2.402  -2.641  -0.141   3.758  -0.165  -1.794  -2.397  -2.422   2.535  -3.329  -3.811  -0.399   0.042  -1.056  -1.317  -3.100  -1.672 
  7 A  -0.821   0.153   0.334   2.278  -1.054  -0.977   2.501  -0.018  -1.811  -2.044  -2.690   3.084  -1.685  -2.241  -0.564  -0.745  -0.543  -2.988  -2.103  -1.255 
  8 A   0.188  -0.155  -1.063   3.220  -0.142  -0.840   2.208   0.349  -1.662  -0.923  -1.547   1.685  -1.032  -2.453  -0.415  -1.254  -1.707  -2.025  -1.797  -1.666 
  9 A  -5.230  -3.280   2.164   4.543  -5.039   0.046   4.275  -1.313  -5.216   0.924  -3.090  -5.447  -5.722  -6.328   1.544  -1.685  -2.092  -2.091  -5.730  -6.140 
