#HLA-B0704

Last position-specific scoring matrix computed       
            A       R       N       D       C       Q       E       G       H       I       L       K       M       F       P       S       T       W       Y       V 
  1 A   0.455   3.882  -2.215  -6.974  -2.295  -3.463  -4.880  -2.350   0.311  -0.359   0.503   0.208   3.196   0.064  -7.134   0.907  -1.131   2.002   1.843  -2.729 
  2 A  -0.638  -7.194  -7.140  -6.938  -7.282  -6.624  -6.446  -6.415  -7.272  -3.665  -2.883  -6.272  -3.475  -8.058   8.472  -5.007  -4.281  -9.175  -7.496   0.055 
  3 A   0.949   5.873  -0.608  -6.676  -6.241  -0.341  -4.149  -4.151   0.247  -2.063  -2.551  -1.091   1.165  -0.717  -7.016  -0.668  -0.795  -1.235  -0.004  -1.105 
  4 A   0.948   1.182  -1.053  -0.635  -2.310   1.484  -0.867  -0.935   1.799  -2.105  -0.745   0.858   0.423  -1.051   1.069   0.611   0.145   1.770   0.771  -1.819 
  5 A   0.632   3.418  -0.909  -3.044  -4.251  -0.339  -3.856  -0.670   2.621  -1.233  -1.077   0.624   0.593  -1.563   0.968  -0.033  -0.317  -0.199   0.888  -0.661 
  6 A  -0.023   3.726  -1.220  -3.465  -3.818  -0.188  -2.731   1.277   0.547  -1.552  -0.554  -0.256  -1.582   0.070  -1.347   0.778   1.088   0.376  -1.971  -1.456 
  7 A   0.557   1.653  -0.004  -5.151  -2.015  -1.781  -2.955   0.472   0.081  -0.912   1.215  -2.389   0.563  -2.563  -0.429   2.133   1.306  -2.421  -1.884  -0.161 
  8 A   3.974  -2.932  -4.223  -3.911  -3.955  -0.571   0.228  -3.562  -4.586  -2.341  -3.448  -3.221  -1.808  -2.595   3.798   2.427  -0.448  -1.664  -3.555   0.740 
  9 A   0.015  -7.252  -7.961  -8.317  -5.573  -6.217  -6.984  -7.982  -6.325  -0.218   4.369  -7.236   5.171   2.192  -7.782  -5.652  -3.562  -5.078  -4.975   0.727 
