#HLA-B4403

Last position-specific scoring matrix computed       
            A       R       N       D       C       Q       E       G       H       I       L       K       M       F       P       S       T       W       Y       V 
  1 A   1.032   1.505  -1.019  -6.240  -2.511  -0.384  -2.789   0.472  -2.443  -0.376  -0.397   0.773   2.270   0.207  -6.980   1.725  -0.403   2.000   2.037  -1.722 
  2 A  -6.015  -5.298  -5.467  -3.369  -8.679  -2.896   8.050  -7.325  -5.191  -8.409  -8.023  -4.408  -7.075  -8.172  -6.361  -5.260  -6.109  -7.651  -7.062  -7.612 
  3 A   0.204  -5.652  -0.751  -5.593  -4.535  -0.978  -5.042  -6.934  -2.087   2.377   1.034  -6.312   4.012   2.060  -7.483   0.806  -1.682   4.137   2.484   0.121 
  4 A   2.033  -3.582   0.149   1.137  -1.293   0.961   1.961  -1.146  -0.402  -1.602  -0.656  -1.763  -0.591  -2.035  -1.100   2.047   0.040  -0.710  -1.213  -1.263 
  5 A   0.989  -3.016  -3.461  -0.191  -1.122  -0.817   0.093  -0.560  -0.805   0.406   1.299  -4.047   0.670   1.788  -2.256  -0.246   0.271   0.049   1.403   0.124 
  6 A   2.665  -3.127  -1.204  -2.046  -1.236  -0.135  -4.263  -0.032  -3.441   0.706   0.424  -3.230  -1.646   0.053  -0.664   1.577   1.519   0.372  -1.986  -0.180 
  7 A  -0.207  -3.905  -2.409  -1.761  -2.291   0.904   0.819  -3.977   0.378  -0.504   1.275  -1.972   0.151   2.650   1.788  -1.157  -0.285   1.575   1.798  -0.223 
  8 A   0.489  -0.300  -0.545  -2.018  -4.184   1.647   1.061  -0.319  -0.407  -2.909   0.767  -1.374  -0.934  -0.986   1.806   1.689   0.895  -0.007  -0.446  -1.608 
  9 A  -5.962  -7.625  -8.075  -8.505  -7.110  -7.441  -7.866  -8.335  -6.483   3.184   1.628  -7.668   3.007   4.685  -8.405  -7.396  -6.582   6.968   3.169  -3.637 
