#HLA-B1531

Last position-specific scoring matrix computed       
            A       R       N       D       C       Q       E       G       H       I       L       K       M       F       P       S       T       W       Y       V 
  1 A  -4.278  -3.481  -1.881  -4.987  -6.072  -1.887  -1.913  -6.446   0.598  -1.094  -0.057  -5.285   5.900   3.934  -7.678  -0.423  -0.306   3.697   4.410  -3.196 
  2 A   4.214  -6.110  -6.395  -6.684  -6.292   4.102  -2.408  -4.451  -6.423  -1.824  -0.834  -5.672   4.803  -6.158  -0.988   0.809   0.010  -7.420  -6.599  -0.369 
  3 A   1.208  -1.978   0.397  -5.160  -3.330  -1.054  -4.245  -6.399  -0.094   1.591   0.296  -3.327   3.215   3.127  -6.008   0.325  -3.137   1.471   2.138   0.533 
  4 A   1.610  -3.123   0.093   1.632   0.094   0.308   1.660   0.177  -1.022  -3.421  -1.880  -0.774  -0.522  -1.173   1.506   1.199  -0.830   1.868   0.348  -2.142 
  5 A   1.555  -2.715  -0.112  -0.310  -1.126  -2.802  -1.027   0.823   1.258  -0.588  -0.256  -3.223  -1.909   1.410  -0.943   1.711   0.426  -0.183   0.672  -0.699 
  6 A   0.734  -2.853  -0.039  -0.953  -2.719  -2.449  -1.875   0.930  -0.332  -0.794  -0.976  -5.219  -1.236   1.254  -0.500   2.622   2.370  -1.244  -1.247   0.412 
  7 A   1.248  -3.261   0.533  -2.909  -0.556  -0.619  -0.984  -2.391   1.501   0.315   0.942  -3.834   0.324   1.889  -0.365   0.990   0.741  -0.905   0.436  -0.632 
  8 A   4.179  -4.871  -3.840  -4.602  -4.888  -3.681  -0.477  -3.957  -4.218  -2.231  -2.110  -4.648  -3.180  -2.734   4.458   1.589   0.927  -7.785  -4.556   0.646 
  9 A  -7.135  -7.584  -7.774  -8.411  -7.538  -7.521  -7.759  -8.253  -5.457  -5.346  -1.967  -7.755   3.457   7.232  -8.476  -7.251  -6.935  -1.910   5.516  -5.837 
