#HLA-B0751

Last position-specific scoring matrix computed       
            A       R       N       D       C       Q       E       G       H       I       L       K       M       F       P       S       T       W       Y       V 
  1 A   0.215   3.121  -1.391  -7.021  -3.764  -3.568  -6.277  -2.355   0.567   0.015   0.621  -0.736   3.067   0.714  -7.192   1.205  -0.539   2.391   2.589  -1.863 
  2 A  -4.336  -7.186  -7.064  -6.773  -7.690  -6.595  -6.322  -7.205  -7.189  -7.379  -8.022  -6.149  -7.683  -8.859   9.069  -5.583  -6.141  -9.771  -7.773  -6.428 
  3 A   2.278   3.425   0.111  -3.437  -5.186   0.506  -1.317  -2.589   0.217  -0.929  -1.611  -2.828   1.181  -1.302  -3.029   0.766   0.635   0.201   0.223  -0.077 
  4 A   1.256  -0.032  -0.754  -0.759  -2.288   0.833  -1.301  -0.272   1.840  -1.936  -0.772   0.227   0.893  -1.151   2.114   0.820   0.418   1.410  -0.247  -1.387 
  5 A   0.852   1.440   0.002  -1.820  -1.856   0.005  -3.129   0.084   2.138  -0.691  -0.373  -0.197   0.760  -1.206   1.330   0.494  -0.046  -0.208   0.374  -0.631 
  6 A   0.370   3.660  -1.028  -2.389  -6.121  -0.102  -3.213   1.766   0.468  -2.684  -1.417   0.022  -1.636  -1.207  -0.126   0.795   1.554   0.182  -1.871  -2.210 
  7 A   0.974   1.177   0.426  -3.424  -2.477  -1.763  -1.946   0.096   0.774  -1.104   0.524  -2.107  -0.095  -1.753  -0.752   2.262   1.461  -1.964  -0.360  -0.326 
  8 A   3.895  -2.550  -3.379  -4.284  -3.962  -0.844   0.552  -3.458  -2.580  -2.107  -2.909  -3.486  -1.456  -3.949   3.798   1.963   0.821  -3.680  -4.193   0.497 
  9 A  -1.967  -7.335  -8.132  -8.494  -6.478  -7.087  -7.753  -8.295  -7.448   0.059   4.802  -7.393   4.793   2.628  -7.962  -6.637  -4.886  -6.500  -5.327  -0.191 
