#HLA-B5704

Last position-specific scoring matrix computed       
            A       R       N       D       C       Q       E       G       H       I       L       K       M       F       P       S       T       W       Y       V 
  1 A  -0.699   3.581  -6.176  -4.758  -2.316  -2.657  -5.388  -2.617  -2.071   0.958  -0.344   3.980   2.368  -2.224  -3.698  -0.494  -1.516  -0.701  -2.030  -0.377 
  2 A   1.636  -5.412  -4.848  -5.010  -6.104  -5.552  -5.677  -5.892  -6.523  -6.397  -6.829  -3.721  -6.130  -7.303  -6.079   5.549   5.501  -7.650  -6.879  -2.147 
  3 A   1.641  -1.417   1.377  -4.231  -5.117  -0.364  -3.737  -3.093  -1.646   0.499  -0.151  -4.330   2.241   2.023  -4.961   1.841   0.076   2.478   2.258  -0.628 
  4 A   2.063  -1.344  -0.753  -0.394  -3.060  -0.295  -0.071  -1.208   0.853  -1.560  -1.545  -0.310  -0.054  -0.031   2.482   1.885  -0.225   1.972  -0.808  -1.798 
  5 A   0.483  -1.284   0.051  -1.311  -1.462   1.318  -0.862  -0.753  -0.096  -0.875   0.158  -1.230   0.783   0.934  -0.513   1.426   0.895   0.726  -0.215   0.103 
  6 A   0.897  -0.562   0.430  -1.233  -3.033   0.052  -2.642   0.063   0.280  -0.863  -0.151  -2.249  -1.378   0.049   0.142   2.100   1.766   1.288  -0.509  -0.333 
  7 A   0.152  -1.474  -1.211  -2.334  -3.071   0.118  -0.175  -2.122   1.843  -1.006   1.532  -2.402   0.583   1.704  -0.223   0.609   0.607   1.687   1.911  -1.347 
  8 A  -0.665   0.887  -1.420  -1.972  -4.675   1.955   0.020  -1.621  -1.479  -2.145   1.117  -1.231  -1.031   0.477   0.442   2.084   1.070   0.221   1.120  -1.405 
  9 A  -7.476  -7.542  -7.172  -5.444  -8.202  -7.428  -4.869  -7.940  -5.850  -5.193  -5.513  -7.753  -3.880   4.692  -7.850  -7.519  -7.271  10.631   4.377  -6.883 
