#HLA-B2727

Last position-specific scoring matrix computed       
            A       R       N       D       C       Q       E       G       H       I       L       K       M       F       P       S       T       W       Y       V 
  1 A   0.382   5.120  -1.313  -6.721  -3.939  -1.982  -4.857  -0.588   1.669  -4.937  -2.549   1.392   1.635  -0.019  -7.069  -0.328  -3.224   2.800   2.771  -6.332 
  2 A  -6.598   8.075  -5.580  -6.695  -8.514   0.526  -4.420  -7.477  -5.455  -8.243  -7.349  -2.972  -6.512  -8.053  -7.155  -5.845  -6.242  -7.495  -6.906  -7.623 
  3 A  -0.851  -1.526  -1.596  -5.320  -5.263   0.058  -4.084  -5.782   0.008   1.222   1.824  -2.521   2.576   2.731  -5.665  -0.806  -2.353   5.843   2.579  -1.235 
  4 A   1.568   1.187  -0.499  -2.085  -1.643   0.479  -0.455   0.288  -0.421  -0.675   0.504  -0.812   0.541  -2.075  -0.201   0.505   0.376   0.547  -0.365  -1.061 
  5 A  -0.417   1.390  -1.320  -3.433  -2.774  -0.888  -2.306  -0.368   0.846   1.109   0.995  -0.865   0.671   1.092  -2.935  -0.785   0.175   0.045   1.446   0.524 
  6 A   1.436   1.099  -1.330  -4.803  -1.820  -1.330  -2.528  -0.725  -0.692   0.510   1.446  -1.243  -1.591   1.251  -0.295   0.077   0.093   2.087  -0.656  -0.542 
  7 A   0.599  -0.904  -1.331  -2.611  -1.832  -0.202  -1.654  -2.281   0.288  -0.672   1.354  -2.526   0.504   1.423   1.050  -0.156   0.444   1.687   2.284   0.132 
  8 A   1.787  -0.332  -0.378  -3.298  -2.730  -0.019  -1.761  -0.870  -1.229  -1.773   0.952  -1.882  -0.914  -1.490   2.977   1.811   0.681  -1.993  -1.088  -0.830 
  9 A  -3.088  -7.527  -8.349  -8.600  -6.365  -7.331  -7.958  -8.563  -7.933   3.280   5.118  -7.523   0.565  -3.383  -7.954  -6.845  -6.123  -7.054  -6.223   0.534 
