#HLA-B5310

Last position-specific scoring matrix computed       
            A       R       N       D       C       Q       E       G       H       I       L       K       M       F       P       S       T       W       Y       V 
  1 A  -5.394  -5.082  -0.423  -5.049  -0.449  -4.597  -2.477  -7.855  -1.032   1.368   1.684  -6.492   4.824   3.585  -7.776  -2.492   0.281   3.054   3.539  -1.804 
  2 A  -0.684  -7.145  -7.022  -6.763  -7.539  -6.548  -6.293  -7.032  -7.156  -7.851  -7.963  -6.128  -7.603  -8.777   8.916  -4.102  -5.694  -9.620  -7.724  -7.438 
  3 A   1.179  -5.341   1.750  -0.449  -2.762   1.070   0.386  -2.371  -1.636   0.127  -0.182  -5.754   1.453   1.047  -5.341   0.905   0.339   2.552   1.807  -0.113 
  4 A   1.610  -2.277  -0.554  -0.078  -2.506   0.602   1.058  -0.974   0.192  -1.594  -0.436  -1.353   0.437  -0.496   1.337   1.071   0.019   2.072  -1.274   0.046 
  5 A  -0.136  -3.121  -1.289   0.076  -0.206  -0.348   0.527  -0.646  -0.819   1.125  -0.099  -2.984   1.692   0.904  -1.061   0.357   0.735   2.363  -0.990   0.765 
  6 A   1.843  -2.122  -0.835   0.035  -2.228  -0.429  -2.525  -0.222  -0.330  -1.223  -0.650  -2.587  -1.733   0.297   1.164   1.530   2.138   0.712  -0.712   0.064 
  7 A   0.302  -3.966  -0.745  -0.335  -0.842  -1.450   0.101  -3.198   2.087  -0.764   1.383  -3.873   0.148   1.549   0.243  -0.448   0.354   1.683   1.867   0.315 
  8 A   1.330  -1.725  -0.806  -3.770  -1.430  -0.017   0.288  -2.463  -1.738   0.418   0.537  -1.999  -0.385  -0.229   1.249   1.301   1.843  -0.968  -1.834   0.487 
  9 A  -7.082  -7.644  -7.971  -8.492  -7.432  -7.522  -7.820  -8.256  -5.987   2.070  -0.634  -7.745   2.173   5.767  -8.560  -7.397  -6.803   7.427   4.450  -4.631 
