#B3708

Last position-specific scoring matrix computed       
            A       R       N       D       C       Q       E       G       H       I       L       K       M       F       P       S       T       W       Y       V 
  1 A  -3.982  -6.090   1.551  -1.149  -2.487  -2.302   0.769  -5.790  -0.128  -3.221  -0.012  -5.839   4.998   2.785  -6.872   1.644   1.153   4.370   2.622  -3.976 
  2 A  -4.125  -4.400  -5.003   0.405  -8.119   0.010   7.526  -6.796  -3.433  -7.908  -7.590  -4.110  -6.662  -7.784   1.157  -4.861  -5.670  -7.350  -6.671  -7.178 
  3 A   1.565  -2.597  -0.190  -2.179  -6.329  -1.892  -3.370  -5.572  -0.358   1.756   0.065  -3.731   3.853   2.009  -2.112   0.332  -1.114   2.325   3.098  -1.625 
  4 A   0.966  -0.900  -0.747  -0.243  -0.827   0.158   1.449  -2.232  -0.117  -1.403   1.307  -1.156   1.090  -0.126  -1.373   0.346   0.195   0.744   1.078  -1.276 
  5 A   0.029   1.061  -0.338  -1.920  -2.219  -2.072  -2.395  -1.002   2.574   0.042   0.065  -0.147   0.189   2.821  -0.969  -2.054  -0.476   1.595   1.929  -0.882 
  6 A   0.001   0.320  -0.395  -2.665  -3.819  -1.046  -3.099  -1.015   0.815  -0.086   0.264  -1.395  -1.821   3.107  -1.195   1.281   1.021   1.740   0.628  -0.587 
  7 A   1.165  -2.853  -0.178  -0.717  -1.321  -0.735  -1.984  -3.949   1.586  -0.398   0.455  -3.374   1.051   2.065   0.252  -0.714   0.248   0.122   2.442   0.793 
  8 A   2.680  -4.733  -1.466  -5.350  -3.550  -2.100  -0.660  -4.503  -3.758  -0.250   0.094  -4.635  -0.351  -2.492   4.774   1.038   1.307  -6.025  -2.379   0.191 
  9 A  -1.584  -7.100  -7.730  -7.974  -5.869  -6.740  -7.366  -7.892  -7.402   3.974   3.396  -6.966   3.972  -1.780  -7.391  -6.602  -5.462  -6.667  -5.721   2.701 
