#HLA-B0813

Last position-specific scoring matrix computed       
            A       R       N       D       C       Q       E       G       H       I       L       K       M       F       P       S       T       W       Y       V 
  1 A  -5.136  -2.576   2.056  -2.651  -3.482  -2.765  -0.152  -6.913   2.356  -3.756  -0.542  -5.954   5.816   3.559  -7.542   0.231  -2.333   2.985   3.811  -4.599 
  2 A   2.203  -0.484  -2.492  -5.238  -5.760  -0.225  -5.751  -2.035  -2.626  -0.210   2.380  -2.757   3.586   1.325   2.606  -1.206  -3.827   0.384  -4.078  -1.892 
  3 A  -3.251   4.859  -1.919  -5.217  -6.450  -1.902  -3.541  -4.982   0.502  -1.201   0.497   3.968   1.195  -0.673  -6.359  -2.545  -4.118   0.884   0.648  -3.902 
  4 A   0.649   2.129   0.109  -2.816  -1.020   1.414   0.766  -2.323   1.023  -1.337   0.321   1.454   1.319  -1.446  -0.590  -1.212  -0.736   0.211   1.052  -2.410 
  5 A  -2.881   6.002  -2.737  -5.850  -5.722  -2.832  -4.030  -4.122   2.977  -1.480  -2.447   2.769  -1.631  -0.847  -4.001  -3.651  -2.599  -1.210   1.281  -3.350 
  6 A  -1.577   2.616   0.683  -3.338  -3.455  -0.657  -1.953  -3.314   1.458   0.441  -0.217  -0.583  -3.269   2.884  -1.172   0.383   0.400   1.321   0.546  -0.436 
  7 A   1.438  -1.155   1.200  -4.925  -0.087  -0.787  -3.099  -3.822   1.948  -1.753   1.142  -1.696   0.950  -0.032  -0.686   0.736   0.586   1.186   2.200   0.016 
  8 A   3.503  -3.396  -1.842  -4.502  -2.173  -2.749  -0.628  -4.260  -4.144  -2.015  -3.092  -4.176  -2.021  -2.230   4.529   2.942   1.145  -5.706  -3.574  -0.543 
  9 A  -1.958  -7.424  -8.309  -8.602  -6.373  -7.243  -7.870  -8.436  -7.809   1.416   5.387  -7.472   1.526  -0.916  -7.936  -7.254  -6.172  -6.911  -6.020   0.532 
