#HLA-B4075

Last position-specific scoring matrix computed       
            A       R       N       D       C       Q       E       G       H       I       L       K       M       F       P       S       T       W       Y       V 
  1 A   0.485   4.457  -0.913  -6.699  -1.712  -2.199  -4.262  -0.030   0.244  -2.588  -1.622   1.466   1.162   0.735  -7.046   0.516  -1.987   2.552   1.803  -3.713 
  2 A  -6.028  -1.809  -5.461  -3.136  -8.665  -0.577   7.925  -7.317  -5.192  -8.395  -7.992  -4.173  -7.032  -8.175  -6.382  -5.272  -6.106  -7.646  -7.048  -7.607 
  3 A  -0.956  -4.537  -1.619  -4.597  -4.678  -0.888  -4.836  -5.837   0.129   1.253   0.863  -6.427   4.483   3.475  -6.262  -1.772  -3.286   5.356   3.816  -1.222 
  4 A   1.531  -0.481   0.717   0.473  -0.219   0.840   1.067   0.397  -0.294  -1.677  -0.409  -1.759  -0.250  -1.520   0.016   0.989   0.015   0.365  -0.971  -1.798 
  5 A  -0.046  -2.180  -1.611  -2.742  -2.508  -1.757  -1.538   1.069   1.048   0.553   1.298  -2.597  -0.245   2.688  -1.182  -0.622  -0.126  -0.149   0.900  -0.091 
  6 A   0.923  -0.146  -0.534  -2.270  -1.631  -0.636  -3.756   0.139   0.517  -0.022   1.152  -2.227  -1.972   2.400  -1.977   0.849  -0.255   1.034  -1.663   0.260 
  7 A  -0.453  -3.263  -1.150  -1.212  -0.446  -0.623  -0.290  -3.329   0.282   0.243   0.717  -2.077  -0.371   1.609   1.361  -0.207   0.838   1.567   2.021   0.932 
  8 A   2.354  -2.932  -0.720  -4.305  -4.077  -0.094  -0.411  -0.853  -0.953  -0.520  -1.159  -2.658  -1.122  -1.950   4.181   1.558   1.082  -1.648  -2.409  -0.529 
  9 A  -2.270  -7.597  -8.248  -8.479  -6.307  -7.323  -7.900  -8.450  -7.987   4.097   4.173  -7.488   1.110  -4.091  -7.863  -6.687  -4.476  -7.177  -6.294   2.348 
