#B3712

Last position-specific scoring matrix computed       
            A       R       N       D       C       Q       E       G       H       I       L       K       M       F       P       S       T       W       Y       V 
  1 A  -0.834   0.275  -0.258  -5.821  -2.420  -0.630  -3.598  -2.005  -1.690  -1.048  -0.346  -1.845   4.096   1.475  -6.672   3.062   0.156   4.159   2.463  -2.206 
  2 A  -5.581  -4.864  -4.981  -1.230  -8.228  -1.683   7.915  -6.857  -4.756  -7.958  -7.584  -3.979  -6.633  -7.732  -5.923  -4.816  -5.662  -7.221  -6.628  -7.175 
  3 A   0.341  -2.120  -0.181  -3.747  -5.476  -0.578  -3.570  -4.705  -0.082   1.155   0.733  -3.920   4.043   2.407  -3.121  -0.037  -2.061   2.781   3.922  -1.671 
  4 A   0.869  -0.736  -0.042   0.168  -0.032  -0.127   1.798  -2.095   0.214  -1.805   1.077  -0.775   0.911  -0.034  -0.266   0.014  -0.962   0.307   1.154  -1.767 
  5 A   0.284   0.495  -1.348  -1.902  -1.687  -1.324  -1.662  -0.222   1.280   0.452   0.711  -0.677  -0.948   2.533  -1.782  -0.905  -0.226   0.375   1.870  -0.728 
  6 A   0.770   1.262  -1.264  -2.857  -3.065  -1.982  -3.759  -1.293   0.258  -0.132   0.240  -1.070  -2.048   3.120  -2.801   1.589   0.506   1.012   0.637  -0.499 
  7 A   0.285  -3.437  -0.305  -0.810  -1.624  -0.568  -0.176  -3.745   1.511  -0.324   0.501  -1.942   1.408   1.257   1.174   0.086   0.157  -0.695   1.631   1.048 
  8 A   2.002  -3.854  -1.483  -3.455  -2.661  -0.762  -0.268  -3.193  -1.459  -1.227  -0.106  -3.415  -0.428  -2.882   4.556   1.942   1.678  -7.161  -1.967  -0.391 
  9 A  -3.074  -7.215  -7.828  -8.050  -5.927  -6.948  -7.518  -8.075  -7.456   4.411   3.753  -7.103   1.860   0.235  -7.494  -6.820  -5.556  -6.534  -5.473   1.973 
