#HLA-B4072

Last position-specific scoring matrix computed       
            A       R       N       D       C       Q       E       G       H       I       L       K       M       F       P       S       T       W       Y       V 
  1 A   1.183   4.497  -2.800  -6.738  -2.111  -2.375  -5.540   1.502  -2.198  -1.521  -3.027   1.594  -0.510  -0.069  -6.972   0.670  -1.980   3.008   1.113  -3.721 
  2 A  -6.013  -5.298  -5.471  -3.687  -8.680  -3.320   8.062  -7.328  -5.190  -8.410  -8.023  -4.407  -7.077  -8.170  -6.360  -5.260  -6.109  -7.650  -7.061  -7.611 
  3 A   0.955  -5.110  -0.181  -2.712  -2.483   1.845  -0.852  -4.711  -0.643   1.489   0.726  -5.602   3.402   1.627  -4.675   0.056  -1.055   2.477   2.069  -0.407 
  4 A   1.466  -1.443   0.705  -0.165  -0.716   1.287   1.122   0.875   0.016  -1.019  -0.766  -2.037   0.336  -0.025   0.387   0.320  -0.978   0.192  -0.625  -1.264 
  5 A   1.514  -4.714  -0.961  -0.560  -2.712  -3.801  -0.942   1.641  -0.039   1.084   0.754  -4.467  -0.057   0.179  -3.505   0.447   0.009  -5.331  -0.723   0.999 
  6 A   1.463  -0.283   0.408  -1.558  -1.136  -0.024  -1.222   0.122   1.446  -0.904   0.263  -1.995  -1.204   1.571  -0.771   0.738  -0.417   0.732  -0.103  -0.532 
  7 A   0.345  -2.735  -1.709  -2.059  -2.257   0.360  -0.679  -1.653   0.096   0.273   0.576  -4.393   0.141   1.906   1.096   0.064   0.531   1.569   1.906   0.833 
  8 A   2.751  -3.190  -1.526  -2.328  -3.304  -0.384   1.081  -0.983  -1.905  -1.383  -1.287  -2.525  -1.600  -1.845   3.008   2.137   0.809  -1.301  -2.231  -0.190 
  9 A  -6.573  -7.424  -8.416  -8.728  -6.430  -7.299  -7.988  -8.709  -7.834   1.035   5.798  -7.549   1.313  -1.196  -8.065  -7.538  -6.297  -6.863  -6.019  -1.650 
