#HLA-B4209

Last position-specific scoring matrix computed       
            A       R       N       D       C       Q       E       G       H       I       L       K       M       F       P       S       T       W       Y       V 
  1 A  -1.320   1.221  -0.450  -5.878  -2.774  -2.652  -4.061  -5.268  -0.177   0.788   1.567  -2.735   4.442   2.388  -7.496   0.097  -1.809   1.929   2.947  -1.341 
  2 A   0.136  -6.616  -7.115  -6.920  -7.268  -5.933  -6.410  -6.350  -7.211  -4.146  -3.493  -5.882  -0.486  -5.738   8.436  -4.960  -5.013  -9.089  -7.430  -0.710 
  3 A   0.561   3.589   0.026  -4.997  -3.100  -0.529  -3.028  -4.051   0.032  -0.767  -0.097   0.359   1.847   0.998  -4.632  -0.875  -0.796   1.561   1.399   0.414 
  4 A   1.183  -0.172  -0.767  -1.236  -1.855   1.685  -0.826  -1.249   1.687  -1.034  -0.334   0.531   1.556  -0.590   0.266   0.570  -0.145   1.026   0.896  -1.036 
  5 A  -0.343   2.742  -0.778  -2.795  -2.092  -0.446  -2.198  -1.345   2.618  -0.289  -0.051   0.523   0.621   0.380  -0.218  -0.194  -0.272   1.034   0.919  -0.753 
  6 A  -0.022   3.005  -1.143  -2.530  -2.808  -0.727  -2.308   0.496   1.068  -1.646  -0.829  -1.124  -1.574   1.144  -0.767   1.209   1.528   1.422  -0.768  -0.789 
  7 A   0.689   0.587  -0.338  -3.893  -1.631  -0.889  -1.912  -1.019   1.065  -0.366   1.583  -2.913   0.671   0.425  -2.250   0.616   0.617  -0.386   1.757  -0.063 
  8 A   3.642  -2.452  -2.487  -4.135  -3.590  -1.070   0.213  -3.632  -2.838  -0.953  -1.296  -3.391  -1.938  -1.457   3.589   1.670   0.195  -2.994  -3.012   0.485 
  9 A  -5.311  -6.845  -7.667  -8.342  -7.466  -7.244  -7.600  -8.220  -2.183  -4.016  -0.903  -7.011   3.687   6.580  -8.299  -7.141  -6.827  -3.421   6.188  -3.814 
