#HLA-B3523

Last position-specific scoring matrix computed       
            A       R       N       D       C       Q       E       G       H       I       L       K       M       F       P       S       T       W       Y       V 
  1 A  -4.458  -4.727   0.388  -3.646  -2.299  -2.903  -0.688  -5.862  -1.424   0.332   0.671  -6.292   5.230   3.770  -7.682  -2.161   0.003   2.688   4.129  -2.250 
  2 A   2.697  -7.041  -6.947  -6.810  -7.027  -6.432  -6.272  -5.980  -7.097  -5.791  -6.282  -6.122  -1.827  -7.422   8.176  -2.902  -2.747  -9.007  -7.469  -3.277 
  3 A   1.660  -4.169   1.191  -2.114  -2.214  -0.363  -0.922  -3.454  -1.524   1.313  -0.238  -4.813   1.912   0.770  -3.084   0.734   0.260   1.039   1.289   1.266 
  4 A   1.387  -2.171  -0.900   0.696  -1.486   0.422   1.220   0.359  -0.300  -2.583  -1.638  -1.085   0.317  -0.502   1.733   0.654   0.055   2.695  -0.083  -0.549 
  5 A   1.190  -4.358  -0.184   0.127   0.312  -1.105  -0.651   0.561   0.908  -0.420   0.179  -2.758   0.194   0.891  -0.684   0.739   0.416   1.418  -0.887   0.008 
  6 A   0.973  -1.409  -0.463   0.184  -2.028  -0.688  -1.501   1.004   0.272  -0.829  -1.511  -3.725  -1.115   0.339   0.391   1.554   2.382  -0.004  -0.820  -0.015 
  7 A   0.707  -2.873   0.432  -1.120  -0.439  -1.849  -0.096  -1.900   0.984   0.666   1.276  -5.068   0.242   1.297   0.540  -0.238   0.531   0.404   0.617  -0.339 
  8 A   3.882  -3.571  -2.362  -4.129  -2.160  -1.790   0.611  -2.762  -3.430  -1.148  -1.172  -3.874  -2.127  -1.941   2.888   1.174   0.919  -2.467  -2.807   0.687 
  9 A  -6.296  -7.344  -7.648  -8.330  -7.444  -7.079  -7.547  -8.220  -3.135  -4.861  -1.489  -7.457   5.077   6.288  -8.263  -7.102  -6.784  -0.917   6.364  -5.477 
