#B3574

Last position-specific scoring matrix computed       
            A       R       N       D       C       Q       E       G       H       I       L       K       M       F       P       S       T       W       Y       V 
  1 A  -5.237  -5.736   0.606  -6.864  -3.694  -3.369  -3.146  -6.749  -0.938  -0.809   1.608  -6.394   5.054   4.052  -7.295  -1.181   0.386   3.589   3.869  -2.978 
  2 A  -2.940  -6.706  -6.590  -6.300  -7.194  -6.113  -5.844  -6.698  -6.709  -7.446  -7.549  -5.671  -6.054  -8.381   9.002  -5.400  -5.664  -9.276  -7.295  -7.096 
  3 A   1.706  -4.192  -0.175  -1.233  -4.023  -0.838  -1.619  -3.722  -0.196   1.144  -0.042  -5.938   2.478   1.183  -2.402   0.112   0.035   3.078   1.606   1.239 
  4 A   1.038  -1.274  -1.475  -0.102  -1.244   1.159   1.224  -0.798  -0.734  -1.449  -0.317  -2.492   0.514   0.193   1.846   0.201  -0.108   3.021   0.601  -0.544 
  5 A   1.716  -2.310  -0.415  -1.049  -1.101  -1.452  -0.352  -0.887   0.491   0.422  -0.225  -3.097  -0.072   0.828  -0.302   0.446   0.151   1.328   0.145   1.147 
  6 A   1.013  -1.414  -0.587   0.290  -1.222   0.152  -1.327   0.422   0.462  -0.690  -0.654  -1.911  -0.418   0.677   0.023   0.971   1.117   1.616  -0.015  -0.044 
  7 A   1.330  -2.875   0.046  -0.124  -1.183  -2.328  -0.315  -3.692   1.888   0.269  -0.042  -5.214  -0.027   1.684   0.955  -0.216   1.119   0.936   1.252   0.070 
  8 A   3.288  -4.389  -2.985  -5.310  -2.629  -1.270   0.071  -2.977  -2.661  -0.461  -0.467  -4.701  -0.727  -1.472   3.596   0.667   1.434  -3.116  -3.434   0.970 
  9 A   0.001  -6.818  -7.539  -7.864  -5.045  -6.454  -7.125  -7.551  -6.991   1.692   4.103  -6.761   5.227   0.491  -7.280  -6.310  -3.916  -4.691  -3.436   1.238 
