#HLA-B4043

Last position-specific scoring matrix computed       
            A       R       N       D       C       Q       E       G       H       I       L       K       M       F       P       S       T       W       Y       V 
  1 A   1.207   4.945  -3.084  -6.707  -2.345  -2.341  -5.814   1.482  -1.607  -2.503  -3.382   1.188  -1.039  -0.436  -6.278   0.937  -2.282   2.089   1.313  -4.050 
  2 A  -6.014  -5.297  -5.118  -3.689  -8.679  -3.100   8.056  -7.325  -5.189  -8.410  -8.023  -4.407  -7.075  -8.171  -6.361  -5.259  -6.108  -7.650  -7.061  -7.611 
  3 A   0.749  -4.356  -0.929  -1.799  -3.714   1.844  -1.325  -5.132   0.111   1.446   0.789  -5.325   3.718   1.569  -3.811  -0.268  -0.995   3.024   2.150  -0.570 
  4 A   1.298  -0.424   0.663  -0.215  -0.722   1.195   1.092   1.243  -0.643  -1.146  -0.881  -1.256  -0.047  -0.034   0.327   0.035  -0.598   0.546  -1.057  -1.739 
  5 A   1.261  -4.018  -0.809  -1.065  -2.721  -2.865  -1.140   1.365   0.595   1.031   0.674  -3.736  -0.161   0.386  -2.549   0.518   0.197  -4.225   0.087   0.947 
  6 A   1.356   0.162   0.193  -2.335  -1.640   0.108  -2.367  -0.024   0.614  -0.294   0.751  -1.917  -0.886   1.876  -0.960   0.592  -0.202   0.886  -0.636  -0.629 
  7 A   0.065  -2.053  -1.501  -2.253  -2.042   0.231  -0.798  -0.695  -0.201  -0.094   0.481  -3.522   0.035   1.759   1.051   0.272   0.611   1.569   2.022   0.743 
  8 A   2.697  -2.922  -1.259  -2.454  -3.303  -0.154   0.627  -0.936  -2.320  -1.260  -1.241  -2.983  -1.428  -1.640   3.146   2.094   0.808  -0.475  -2.224  -0.116 
  9 A  -5.941  -7.438  -8.417  -8.707  -6.403  -7.301  -7.322  -8.702  -7.890   1.379   5.757  -7.542   0.525  -2.830  -8.038  -7.515  -6.255  -6.949  -6.154  -0.586 
