#HLA-B3529

Last position-specific scoring matrix computed       
            A       R       N       D       C       Q       E       G       H       I       L       K       M       F       P       S       T       W       Y       V 
  1 A  -4.432  -4.450   0.770  -2.171  -2.811  -2.862   0.056  -5.811  -0.978   0.186   0.996  -6.185   4.814   3.434  -7.585  -1.413   0.244   2.340   3.885  -2.427 
  2 A   0.876  -7.119  -7.010  -6.790  -7.357  -6.521  -6.298  -6.538  -7.149  -6.689  -7.377  -6.136  -4.954  -7.668   8.687  -4.832  -3.368  -9.390  -7.625  -4.619 
  3 A   1.809  -3.762   1.197  -1.403  -2.459   0.031  -0.781  -3.210  -1.684   0.763  -0.344  -4.772   1.747   0.766  -2.887   0.706   0.346   1.994   1.341   1.044 
  4 A   0.979  -1.591  -0.819   0.503  -2.081   1.099   1.100   0.477   0.552  -2.423  -1.340  -0.891   0.407  -0.436   1.732   0.471   0.190   2.267   0.002  -0.998 
  5 A   0.851  -3.399  -0.447  -0.785  -0.325  -0.352  -0.657   0.552   1.436  -0.409   0.063  -2.057   0.288   1.166  -0.145   0.004   0.364   1.985  -0.369   0.419 
  6 A   0.796  -0.283  -0.457   0.050  -2.262  -0.166  -1.486   0.848   0.614  -1.051  -1.569  -2.750  -1.596   0.285   0.331   1.553   2.337   1.012  -1.147  -0.315 
  7 A   0.627  -1.680   0.287  -1.576  -0.836  -1.215  -0.239  -1.514   1.384   0.350   1.204  -4.769   0.412   1.159   0.247  -0.054   0.530   0.411   1.197  -0.512 
  8 A   3.662  -3.102  -2.354  -3.429  -1.753  -1.931   0.377  -2.682  -4.159  -1.262  -1.211  -3.558  -1.250  -2.050   3.148   1.393   0.990  -3.626  -2.425   0.656 
  9 A  -5.475  -7.283  -7.596  -8.292  -7.408  -6.258  -7.479  -7.649  -2.341  -3.858  -0.920  -7.374   5.043   5.901  -8.180  -7.040  -5.516  -1.538   6.593  -4.824 
