#HLA-B2728

Last position-specific scoring matrix computed       
            A       R       N       D       C       Q       E       G       H       I       L       K       M       F       P       S       T       W       Y       V 
  1 A  -2.516   4.910  -1.628  -6.935  -2.390  -3.081  -5.569  -2.929   2.401  -2.543  -0.796   0.905   3.211  -0.353  -7.281  -0.328  -3.747   3.667   3.548  -5.093 
  2 A  -6.622   8.171  -5.592  -6.756  -8.525  -2.369  -5.237  -7.500  -5.478  -8.254  -7.348  -2.949  -6.539  -8.039  -7.176  -5.869  -6.258  -7.496  -6.921  -7.635 
  3 A  -2.076  -2.135  -1.462  -7.849  -4.226  -1.351  -6.652  -7.846  -0.654   1.063   2.024  -3.953   2.664   4.269  -8.017  -3.425  -4.731   6.201   2.870  -1.683 
  4 A   1.683   1.280   0.826  -1.962  -0.987   0.602  -0.396   0.198  -0.403  -1.101   0.122  -1.822  -0.016  -2.830  -0.426   0.688   0.061   1.872   0.420  -1.240 
  5 A  -0.999   1.732  -1.832  -3.815  -2.525  -0.041  -2.764  -1.332  -0.101   0.632   1.325  -0.807   0.439   2.205  -2.778  -1.601  -0.232   1.688   1.520   0.630 
  6 A   0.734   1.967   0.024  -3.874  -4.172  -0.590  -2.594  -1.220  -0.206  -0.067   1.174  -1.545  -1.006   1.764  -0.012   0.685   0.045   2.544  -0.629  -1.691 
  7 A   0.563  -1.689  -1.354  -3.172  -0.977  -0.471  -2.791  -3.005   0.627  -0.433   1.791  -3.291   0.173   1.903   0.237  -0.128   0.032   2.396   2.791  -0.199 
  8 A   1.476  -0.944  -0.653  -4.153  -2.019  -0.018  -0.423  -0.608  -1.075  -2.186   1.382  -1.898  -1.658  -0.536   2.449   1.512   0.933  -3.515  -0.182  -0.919 
  9 A  -1.311   1.702  -6.631  -7.835  -6.922  -5.187  -6.867  -5.695  -1.083   1.122   3.165   0.649   2.983   2.971  -7.655  -5.292  -5.850  -1.098   2.093  -1.384 
