#HLA-B2718

Last position-specific scoring matrix computed       
            A       R       N       D       C       Q       E       G       H       I       L       K       M       F       P       S       T       W       Y       V 
  1 A   0.174   5.038  -4.896  -6.830  -5.524  -2.825  -5.418  -0.304   0.342  -2.619  -2.074   2.315   0.653   0.377  -7.045   0.114  -4.071   2.717   2.198  -3.408 
  2 A  -4.559   0.605  -5.384  -2.668  -8.164   7.661   3.861  -7.000  -5.115  -7.605  -6.766   1.518   1.694  -8.087  -6.591  -5.324  -5.895  -7.492  -6.637  -7.139 
  3 A  -1.998   0.305  -2.281  -7.728  -7.235  -2.238  -5.386  -7.799   0.432   0.681  -0.045  -2.742   3.429   4.329  -6.990  -3.670  -4.261   4.995   4.683  -0.845 
  4 A   1.550  -0.750   1.291   1.261  -2.089  -0.504   1.116   0.407   0.736  -3.337  -2.093   0.277  -0.299  -1.898   0.458   1.175  -0.764  -0.680   1.296  -2.624 
  5 A  -0.315   0.030   0.654  -1.469  -3.428  -1.790  -1.303   1.207   1.516  -1.675   0.343  -1.047  -0.111   1.144  -1.056   1.194  -0.053   1.786   1.447  -1.013 
  6 A   1.329  -0.043  -0.946  -2.455  -2.011  -0.530  -3.247   0.381   0.074   0.642  -0.004  -3.307  -0.896   0.972  -1.695   1.558   1.298   1.877  -1.346   0.106 
  7 A  -0.365  -1.826  -0.246  -2.883  -0.822   0.382  -1.094  -1.157   0.180  -0.076   1.555  -3.448  -1.129  -0.141   0.440   2.403   1.517  -0.945  -0.242  -0.690 
  8 A   2.280  -1.910  -1.853  -3.549  -4.560  -1.277   0.263  -2.086  -1.236  -2.204  -1.225  -2.141  -2.901  -1.747   4.663   2.001   0.571  -2.472  -1.351   0.069 
  9 A  -5.710  -7.426  -7.819  -8.425  -7.246  -7.223  -7.672  -8.310  -5.528  -1.246   1.682  -7.535   3.813   5.822  -8.251  -7.207  -6.701   0.678   5.806  -3.371 
