#B3920

Last position-specific scoring matrix computed       
            A       R       N       D       C       Q       E       G       H       I       L       K       M       F       P       S       T       W       Y       V 
  1 A  -4.789  -5.909  -0.573  -7.212  -3.256  -3.715  -5.905  -7.334   0.087  -1.387   1.250  -6.627   4.363   5.088  -7.499  -2.383  -1.243   4.785   4.092  -2.439 
  2 A  -0.713  -5.702  -6.252  -6.034  -7.029  -1.066  -1.592  -5.980   0.016  -7.241  -7.278  -5.011  -2.485  -8.026   8.536  -2.715  -5.141  -8.721  -6.857  -6.441 
  3 A   1.634  -4.894  -0.633   2.448  -4.694  -0.851   0.440  -2.476  -0.297  -0.479  -0.921  -4.709   1.286   1.177  -2.498   0.188  -0.218   3.384   2.126  -0.298 
  4 A   1.400  -1.201  -1.300  -0.718  -2.685   0.705   1.055  -0.654  -1.361  -1.564   0.105  -1.834   1.195   0.368   1.897   0.331  -0.358   2.451   0.436  -0.957 
  5 A   0.476  -1.739  -2.249  -1.175  -0.150  -2.025  -0.441  -0.418   0.089   0.859   0.387  -2.799   0.673   1.621  -1.490  -0.013   0.230   0.785   0.858   1.280 
  6 A   1.490  -0.197  -0.493   0.065  -1.853   0.359  -1.105   0.540   0.265  -1.491  -1.404  -1.987  -0.319   0.940  -0.465   0.798   1.171   2.453   0.309  -0.611 
  7 A   1.037  -3.698  -0.548  -0.884  -1.121  -2.271  -2.003  -3.018   2.416  -0.560   0.800  -4.139   0.435   2.387  -0.326   0.394   0.341   2.119   2.072  -0.127 
  8 A   2.799  -4.379  -2.938  -4.007  -2.048  -1.545  -0.192  -3.125  -3.296   0.594   0.382  -3.509   0.124  -2.119   3.342   0.530   1.591  -3.063  -5.042   0.727 
  9 A  -4.189  -6.904  -7.776  -8.088  -5.899  -6.702  -7.379  -8.039  -7.191   1.861   5.122  -6.967   3.210   0.439  -7.486  -6.838  -5.672  -4.634  -4.739   0.268 
