#HLA-B0816

Last position-specific scoring matrix computed       
            A       R       N       D       C       Q       E       G       H       I       L       K       M       F       P       S       T       W       Y       V 
  1 A  -5.289  -4.091   2.524  -1.280  -3.875  -3.337   0.987  -6.442   1.893  -4.484  -0.914  -6.223   5.493   3.165  -7.424   0.951  -2.780   2.836   4.066  -5.076 
  2 A   1.288   0.663  -1.674  -4.455  -5.891   1.243  -4.340  -3.006  -2.569  -0.639   2.349  -2.391   3.780   2.343   1.596  -2.088  -4.757   1.434  -1.955  -2.277 
  3 A  -2.756   4.474  -1.709  -6.200  -6.408  -1.155  -3.080  -5.386   0.141  -0.731   0.482   4.295   1.448  -0.556  -6.312  -2.632  -3.081   0.204  -0.419  -3.854 
  4 A   0.242   2.185   0.274  -2.560  -1.181   1.190   0.737  -2.662   1.160  -1.229  -0.175   2.109   1.722  -0.888  -1.034  -1.146  -0.671  -0.933   0.826  -2.122 
  5 A  -3.395   6.393  -2.715  -5.824  -6.687  -3.397  -3.978  -5.189   2.647  -2.372  -2.873   2.820  -2.233  -1.816  -4.942  -3.968  -2.989  -1.915   1.268  -3.899 
  6 A  -1.764   3.055   0.680  -4.924  -3.465  -1.262  -1.964  -2.904   1.081   0.273  -0.387  -0.517  -3.279   3.226  -1.858   0.264   0.439   0.605   0.867  -0.650 
  7 A   1.419  -1.555   0.760  -5.222   0.019  -0.348  -2.971  -3.011   1.898  -1.637   1.176  -2.310   0.806   0.615  -1.827   1.143   0.703   1.902   2.246  -0.543 
  8 A   3.031  -2.426  -1.427  -3.346  -3.278  -1.896   0.314  -4.312  -2.799  -2.013  -3.092  -2.959  -3.231  -1.063   4.138   2.906   1.238  -4.464  -2.410  -0.315 
  9 A  -1.591  -7.420  -8.246  -8.553  -6.429  -7.226  -7.842  -8.357  -7.652   1.570   5.136  -7.460   2.730   1.353  -7.948  -6.714  -6.207  -6.709  -5.148  -0.369 
