#B3544

Last position-specific scoring matrix computed       
            A       R       N       D       C       Q       E       G       H       I       L       K       M       F       P       S       T       W       Y       V 
  1 A  -5.487  -6.030   0.504  -4.191  -3.724  -3.160   0.138  -6.797   0.171  -2.082   0.474  -6.308   5.061   4.325  -7.340  -0.985  -0.547   3.721   4.278  -3.494 
  2 A   0.347  -6.761  -6.708  -6.512  -6.918  -5.542  -6.006  -6.655  -6.819  -4.583  -3.063  -5.835  -0.770  -7.781   8.463  -4.315  -3.596  -8.802  -7.146  -2.031 
  3 A   2.810  -1.580   0.467  -3.091  -5.296  -1.053  -2.141  -4.586   0.755   1.412  -1.796  -4.267   1.969   0.715  -3.484   0.198  -0.109  -1.103   1.826   1.494 
  4 A   0.778  -0.742  -0.241   0.459  -0.922   0.766   1.098  -0.591   0.366  -2.565  -1.814  -0.560   0.415  -0.445   1.770   0.959   0.493   1.434   1.380  -1.447 
  5 A   1.032  -0.760   0.457  -0.363  -1.481  -0.807  -1.075   0.457   2.403  -0.176  -0.826  -1.535  -0.195  -0.313   0.128   0.379   0.989   0.800   0.851  -0.880 
  6 A   0.677  -0.687  -0.014  -0.360  -1.057  -0.337  -2.266   0.858   0.004  -1.365  -1.254  -2.097  -0.754   1.197  -0.847   1.336   2.431   1.570  -0.549  -0.414 
  7 A   1.641  -1.177   0.255  -1.752  -2.105  -1.566  -2.036  -0.656   2.323  -0.755   0.157  -3.730   0.713  -0.231  -0.395   1.482   1.549  -1.165  -0.169   0.153 
  8 A   3.815  -4.485  -3.094  -4.474  -2.288  -1.831  -0.284  -2.075  -2.477  -1.104  -1.829  -4.291  -1.674  -2.233   3.879   1.398   0.299  -5.262  -3.160   0.908 
  9 A  -2.003  -6.898  -7.648  -8.043  -6.170  -6.561  -7.291  -7.836  -6.832  -0.213   3.960  -6.943   6.283   3.578  -7.605  -6.638  -5.444  -5.906  -4.199  -0.274 
