#HLA-B4446

Last position-specific scoring matrix computed       
            A       R       N       D       C       Q       E       G       H       I       L       K       M       F       P       S       T       W       Y       V 
  1 A   1.031   1.028  -0.791  -6.297  -3.386  -1.160  -4.647   0.533  -1.305  -0.782  -0.638   0.761   2.800   0.515  -7.019   1.907  -0.829   3.092   2.516  -1.930 
  2 A  -4.894  -5.242  -5.466  -3.598  -8.621   1.173   7.901  -7.286  -5.180  -8.350  -7.953  -4.389  -5.338  -8.171  -6.372  -5.253  -6.087  -7.638  -7.026  -7.566 
  3 A   0.422  -3.892  -0.347  -5.274  -4.501  -1.079  -5.326  -6.236  -2.559   2.664   0.846  -6.677   4.361   1.388  -7.462   0.530  -2.839   3.482   1.786   1.006 
  4 A   1.820  -3.433   0.865   1.615  -1.149   1.012   1.940   0.048  -0.173  -2.142  -1.453  -2.381  -0.748  -1.730  -0.484   1.483   0.027  -0.977  -0.473  -1.703 
  5 A   1.461  -2.621  -1.576  -0.748  -2.248  -1.863  -1.197   0.523   0.536  -0.614   0.933  -3.869   0.484   1.928  -1.711   0.290   0.404  -0.152   1.686  -0.454 
  6 A   1.756  -1.951  -0.633  -1.264  -1.788   0.023  -3.681   1.031  -1.256   0.229   0.543  -4.506  -0.763   0.200  -1.677   1.971   1.546  -1.267  -3.139  -0.321 
  7 A  -0.088  -3.944  -1.719  -3.537  -1.463   1.248   0.005  -4.582   0.536   0.609   1.608  -4.373   0.170   2.043   1.679  -0.161   1.081   0.906   1.320  -1.172 
  8 A   2.903  -2.540  -1.348  -2.429  -5.755  -0.467   1.177  -1.983  -4.515  -2.726  -1.513  -3.477  -1.621  -2.439   3.954   1.949   1.024  -2.479  -2.095  -0.028 
  9 A  -2.082  -7.290  -7.774  -8.338  -7.006  -6.977  -7.538  -7.586  -4.136  -1.023   2.237  -7.339   5.026   4.766  -8.050  -6.974  -5.687   1.697   5.327  -1.931 
