#HLA-B5123

Last position-specific scoring matrix computed       
            A       R       N       D       C       Q       E       G       H       I       L       K       M       F       P       S       T       W       Y       V 
  1 A  -4.388  -4.798  -1.623  -6.442   0.412  -3.191  -1.707  -7.900   0.511   1.473   2.919  -6.078   4.080   2.769  -7.684  -1.771   0.015  -0.337   1.544  -0.222 
  2 A  -3.008  -7.172  -7.042  -6.764  -7.656  -6.579  -6.310  -6.761  -7.176  -7.923  -8.032  -6.140  -7.680  -8.851   9.034  -4.770  -5.739  -9.735  -7.765  -7.566 
  3 A   0.243  -4.104   1.049  -0.967  -4.163  -0.029   0.110  -2.967   0.319   0.449   0.430  -3.107   1.959   1.437  -4.643   0.355   0.189   1.809   2.958  -0.061 
  4 A   0.947  -2.208  -1.369   0.220  -1.132  -0.327   0.583  -2.570  -0.680   0.304   0.593  -1.191  -0.396   0.814   1.153   0.728   0.057   1.538  -0.892   0.029 
  5 A   0.502  -0.240  -1.126  -1.052  -1.825  -0.505  -0.075  -1.897  -0.556   1.318  -0.436  -2.185   1.279   0.290  -0.291   0.883   0.015   2.180   0.104   1.090 
  6 A   1.528  -1.564  -0.249  -0.376  -1.628  -0.701  -1.945  -1.242  -0.805  -0.183   0.053  -1.695  -1.688   1.233   1.017   1.156   1.296   1.542  -0.387  -0.306 
  7 A  -0.979  -3.398   0.764  -0.316   0.002  -0.345  -0.026  -2.893   1.889  -0.165   1.189  -2.987   1.027   1.193   0.481   0.264  -0.427   0.226   0.983   0.465 
  8 A   0.513  -1.151  -1.381  -3.158  -3.344   0.972   0.032  -2.409  -0.806   0.830   0.161  -1.661   0.723  -0.044   1.801   1.284   1.004  -0.684  -0.516   0.653 
  9 A  -5.767  -8.082  -8.329  -8.402  -6.372  -7.706  -8.210  -8.733  -8.200   6.661  -0.585  -7.692  -0.677  -2.132  -7.952  -7.404  -5.843  -3.573  -6.241   1.790 
