#HLA-B4443

Last position-specific scoring matrix computed       
            A       R       N       D       C       Q       E       G       H       I       L       K       M       F       P       S       T       W       Y       V 
  1 A   0.613   1.866  -1.666  -6.852  -3.073  -0.385  -4.197   0.239  -2.240   0.180   0.134   1.449   2.496   0.455  -7.061   0.916  -0.846   1.679   1.795  -1.288 
  2 A  -6.014  -5.295  -5.469  -3.526  -8.678  -2.702   8.050  -7.325  -5.189  -8.409  -8.021  -4.406  -7.072  -8.172  -6.361  -5.260  -6.108  -7.650  -7.060  -7.611 
  3 A   0.483  -5.534   0.500  -4.168  -4.549  -0.153  -3.673  -6.095  -1.858   1.651   1.081  -6.131   4.007   1.739  -7.347   1.387  -1.493   3.606   2.440  -0.546 
  4 A   2.082  -3.127  -0.329   0.786  -0.977   1.007   1.810  -1.318  -0.770  -1.393  -0.488  -1.771  -0.703  -1.517  -0.181   1.867  -0.112  -1.276  -0.866  -0.855 
  5 A   0.658  -3.160  -3.281  -0.191  -0.562  -0.819   0.135  -0.162  -1.234   0.592   1.301  -3.571   0.748   1.871  -2.413  -0.348   0.224  -0.163   1.038   0.127 
  6 A   2.486  -2.971  -1.098  -1.417  -1.779  -0.363  -3.207   0.212  -1.939   0.077   0.195  -3.078  -2.741   0.093   0.510   1.867   1.548   0.369  -2.149  -0.482 
  7 A  -0.514  -3.904  -2.268  -1.344  -1.862   0.743   1.057  -4.983   0.550  -0.595   1.140  -2.145   0.147   2.737   1.482  -1.025   0.257   1.203   2.006  -0.190 
  8 A   0.459  -0.479  -1.080  -2.345  -4.155   1.599   0.988  -0.801  -0.419  -1.775   0.804  -1.927  -0.531  -0.686   1.657   1.354   1.507  -0.691  -0.732  -0.664 
  9 A  -6.589  -7.742  -8.187  -8.549  -7.092  -7.614  -7.978  -8.352  -6.981   3.756   1.604  -7.781   2.169   4.728  -8.512  -7.500  -6.583   7.668  -0.006  -3.897 
