#HLA-B4103

Last position-specific scoring matrix computed       
            A       R       N       D       C       Q       E       G       H       I       L       K       M       F       P       S       T       W       Y       V 
  1 A   0.749   3.192  -1.172  -6.754  -1.873  -1.596  -4.185   0.674  -0.606  -2.039  -1.097  -0.203   2.116   0.678  -7.073   1.813  -1.425   3.929   2.279  -3.393 
  2 A  -6.013  -5.298  -5.471  -3.687  -8.680  -3.320   8.062  -7.328  -5.190  -8.410  -8.023  -4.407  -7.077  -8.170  -6.360  -5.260  -6.109  -7.650  -7.061  -7.611 
  3 A  -0.606  -1.947  -0.255  -4.862  -5.211   0.942  -2.132  -6.933  -0.287   1.220   0.960  -3.714   4.564   2.566  -7.454   0.310  -1.620   3.724   2.390  -1.385 
  4 A   1.401  -1.433   0.430   0.303  -0.002   1.341   1.485  -0.927   0.477  -1.454  -0.380  -2.115   0.756   0.539  -0.503   0.617  -0.041  -1.235   0.166  -1.649 
  5 A   0.604  -0.665  -1.505  -2.184  -3.362  -3.784  -2.049   0.948   1.314   0.871   1.268  -2.263   0.966   1.576  -2.933  -0.356  -0.558  -1.495   1.452  -0.009 
  6 A   1.292   0.897   0.201  -2.919  -0.842   0.251  -2.691  -0.243   0.924  -1.461   0.223  -2.064  -2.058   2.955  -2.719   1.200   0.003   0.899  -0.776  -1.080 
  7 A  -0.152  -3.940  -0.916  -3.890  -1.460   0.670  -0.566  -3.106   0.201   0.431   1.217  -3.263   0.511   1.833   0.538   0.229   1.184   1.457   2.397  -0.263 
  8 A   2.978  -3.361  -1.955  -3.377  -5.052  -0.081   0.313  -2.881  -2.107  -1.987  -1.460  -3.364  -1.444  -1.374   4.200   2.377   0.502  -2.987  -1.753  -0.426 
  9 A  -2.533  -7.488  -8.251  -8.525  -6.372  -7.231  -7.870  -8.449  -7.789   3.121   4.637  -7.461   3.117  -0.651  -7.924  -6.733  -6.074  -5.277  -5.423   1.290 
