#HLA-B5520

Last position-specific scoring matrix computed       
            A       R       N       D       C       Q       E       G       H       I       L       K       M       F       P       S       T       W       Y       V 
  1 A  -3.417  -1.565  -0.698  -7.597  -1.140  -4.971  -4.045  -5.662   0.542  -0.349   2.855  -5.390   4.539   4.004  -7.804  -1.411  -2.062   1.249   2.654  -3.360 
  2 A  -4.838  -7.188  -7.066  -6.777  -7.694  -6.599  -6.327  -7.219  -7.192  -6.555  -6.979  -6.153  -7.651  -8.831   9.066  -5.592  -5.760  -9.760  -7.768  -7.120 
  3 A   1.726   1.182   0.729  -0.785  -4.144   0.071  -2.105  -4.088   0.485  -0.339  -0.768  -1.619   3.189   0.766  -3.728   0.187   0.151   1.444   1.890  -0.666 
  4 A   1.156   0.757  -1.660  -1.061  -2.508   0.269  -1.074  -0.956   0.922  -0.210   0.926  -1.281   1.278  -0.563   0.376   0.439  -0.916   1.545   0.714  -0.583 
  5 A  -1.045   3.146  -2.239  -4.551  -3.830  -1.026  -2.449  -2.315   1.451   0.783  -0.373   0.987   0.299   1.285   1.186  -1.437  -1.724   0.894   1.040   0.542 
  6 A   0.390   2.843  -0.415  -2.414  -1.858   0.151  -2.518  -0.061   0.378  -0.848  -1.030  -1.616  -2.570   1.456  -0.356   1.153   1.413   0.207  -0.875  -0.638 
  7 A   0.875  -1.052   0.018  -2.830  -0.824  -2.145  -2.420  -1.386   1.263  -0.363   0.637  -3.672   1.410   1.547  -1.160   1.042   0.376  -0.371   2.060   0.614 
  8 A   3.262  -2.026  -2.764  -4.578  -3.622  -0.585   0.033  -2.618  -2.570  -0.869  -1.252  -3.529  -0.032  -1.184   3.900   1.734  -0.001  -2.974  -1.744  -0.060 
  9 A   3.496  -7.412  -7.669  -7.859  -5.274  -6.926  -7.209  -7.055  -7.739   3.779  -0.057  -6.984  -0.578  -3.888  -7.154  -4.982  -2.505  -7.471  -6.470   4.029 
