#HLA-B4207

Last position-specific scoring matrix computed       
            A       R       N       D       C       Q       E       G       H       I       L       K       M       F       P       S       T       W       Y       V 
  1 A  -3.975  -1.201   0.549  -6.156  -3.107  -2.847  -2.492  -6.332   1.596  -2.285   0.800  -4.913   5.797   3.835  -7.623   0.410  -1.742   2.682   3.525  -4.558 
  2 A   0.684  -7.179  -7.291  -7.217  -6.944  -6.671  -6.680  -5.366  -6.282  -0.472   1.581  -6.087   0.692  -5.920   7.446  -3.706  -4.064  -8.371  -7.085  -1.214 
  3 A   0.293   3.812  -0.636  -2.039  -6.129   0.125  -2.951  -4.870   0.809  -1.239   0.051   0.634   3.125   0.625  -7.102  -0.286  -0.736   1.441   1.396  -1.943 
  4 A   1.220   1.303  -1.261  -2.514  -1.672   0.677  -0.227  -1.372   1.899  -1.967   0.085   0.717   1.253  -0.328   0.262  -0.403   0.087   2.278   0.907  -1.593 
  5 A  -2.763   5.167  -2.005  -5.526  -5.612  -1.303  -3.927  -3.578   3.175  -1.069  -1.533   2.419  -0.469  -0.110  -1.710  -2.227  -1.577   0.408   1.395  -1.674 
  6 A  -0.820   3.371   0.969  -2.816  -2.842   0.746  -1.158  -0.900   1.148  -0.789  -1.284  -0.403  -4.175   1.308  -0.356   1.092   1.127  -0.208  -2.057  -1.394 
  7 A   1.588  -0.576  -0.271  -4.986  -1.430  -0.890  -2.732  -2.302   1.505  -1.458   1.015  -2.937   1.861   0.415  -1.951   1.288   0.932   0.232   1.490   0.556 
  8 A   4.034  -3.398  -3.577  -5.050  -3.220  -1.932  -0.628  -4.547  -5.154  -1.802  -2.864  -3.995  -1.472  -2.616   4.544   2.542   0.598  -5.727  -4.560  -0.832 
  9 A   0.765  -7.357  -8.071  -8.356  -5.466  -7.079  -7.625  -7.439  -7.746   1.494   4.775  -7.283   2.022  -2.188  -7.677  -5.634  -3.867  -7.057  -6.187   1.828 
