#HLA-B1504

Last position-specific scoring matrix computed       
            A       R       N       D       C       Q       E       G       H       I       L       K       M       F       P       S       T       W       Y       V 
  1 A   1.317   2.573  -5.878  -6.507  -4.597  -2.301  -5.711  -2.567  -1.056  -0.707   1.068   1.710   3.895   0.581  -6.997   1.760  -2.561  -0.404   0.183  -1.851 
  2 A  -0.219  -6.268  -6.874  -7.305  -6.508   4.247  -6.046  -7.458  -6.664   0.507   2.504  -6.059   6.362  -5.739  -7.259  -1.098   0.335  -7.104  -6.324   0.610 
  3 A  -0.469   4.344  -0.672  -7.045  -7.387  -4.275  -5.756  -7.346   1.124   0.856  -2.998   0.990   2.444   2.796  -7.316  -1.918  -4.338  -5.811   3.952  -1.778 
  4 A   1.404  -1.060   1.504   1.447  -1.172   1.321   1.198  -2.226   0.671  -4.484  -3.586   0.369   0.006  -1.792   0.986   1.267   0.211   0.007   1.635  -2.318 
  5 A   0.280   0.270  -1.124  -1.634  -4.687  -2.051  -2.312   0.353   3.382  -3.067  -0.459  -1.354  -0.968   1.604   0.665   2.153   1.229  -0.172   0.998  -1.891 
  6 A  -0.631  -2.099  -1.868  -3.914  -2.707  -2.368  -4.228   1.448  -1.594   1.134   0.174  -6.019  -0.866   1.673  -2.552   2.040   2.383  -0.657  -0.668   1.024 
  7 A   0.372  -2.634   0.438  -3.853  -0.676   0.530  -0.624  -1.118   1.614  -0.992   1.237  -3.679  -0.629  -2.581  -0.413   3.234   1.886  -3.572  -2.541  -1.144 
  8 A   2.167  -3.394  -2.972  -4.717  -5.091  -2.383  -0.197  -2.287   1.427  -2.490  -2.977  -4.798  -4.358  -1.789   5.005   3.183   0.470  -2.504  -3.756   0.340 
  9 A  -3.049  -7.401  -7.643  -8.312  -7.476  -7.176  -7.550  -8.119  -4.575  -3.953  -2.961  -7.493   4.115   6.503  -8.231  -7.025  -6.804  -3.340   6.528  -4.923 
