#HLA-B4405

Last position-specific scoring matrix computed       
            A       R       N       D       C       Q       E       G       H       I       L       K       M       F       P       S       T       W       Y       V 
  1 A   0.793   1.748  -1.587  -6.926  -0.986  -0.577  -3.708  -0.186  -1.851   0.222   0.340   0.486   3.132   1.373  -7.127   0.717  -0.600   1.567   1.589  -2.197 
  2 A  -6.013  -5.298  -5.471  -3.687  -8.680  -3.320   8.062  -7.328  -5.190  -8.410  -8.023  -4.407  -7.077  -8.170  -6.360  -5.260  -6.109  -7.650  -7.061  -7.611 
  3 A   1.662  -5.352   1.512  -4.013  -5.755   0.560  -3.242  -5.317  -2.032   1.381  -0.237  -3.987   4.430   0.617  -7.066   2.165  -0.994   2.794   1.588  -1.447 
  4 A   2.157  -3.160  -0.914   0.344  -1.118   0.998   1.899  -3.752  -1.203  -0.485   0.436  -2.621  -1.871  -0.910  -0.186   1.285   0.902  -1.269  -1.071  -0.716 
  5 A   0.157  -2.409  -2.965  -0.825  -0.693  -2.020  -0.366   0.185  -0.556   1.089   1.040  -3.910   1.600   1.966  -3.129  -0.215   0.176  -0.872   1.729   0.172 
  6 A   2.245  -1.176  -0.648  -2.910  -0.069  -0.521  -2.261  -0.588  -1.242   0.084   0.133  -2.589  -1.671   0.676  -1.331   2.039   1.371   1.015  -1.645  -0.361 
  7 A  -0.230  -4.086  -0.403  -1.405  -1.851   0.630   0.644  -3.667   0.630  -1.545   1.185  -2.422   0.810   2.272   1.098  -0.109   0.485   0.759   1.611   0.078 
  8 A   1.412  -1.216  -1.106  -2.975  -2.739   1.183   0.734  -1.418  -1.365  -0.823   0.936  -2.231   0.306  -0.106   1.069   1.433   0.898  -1.579  -0.525  -0.501 
  9 A  -5.867  -7.893  -8.369  -8.491  -6.402  -7.591  -8.173  -8.746  -8.097   6.052   2.929  -7.650   0.327  -3.309  -7.990  -7.473  -5.988  -2.925  -6.262  -0.018 
