#HLA-B4063

Last position-specific scoring matrix computed       
            A       R       N       D       C       Q       E       G       H       I       L       K       M       F       P       S       T       W       Y       V 
  1 A   0.492   3.848  -1.831  -3.882  -2.105  -1.441  -5.021   0.552  -1.301  -0.855  -1.391   1.048   0.504   0.471  -1.254   0.723  -1.793   3.152   1.666  -2.888 
  2 A  -6.038  -5.341  -4.047  -3.429  -8.652  -3.389   7.954  -6.916  -5.134  -7.737  -7.952  -4.465  -7.042  -7.685  -5.837  -5.293  -6.124  -5.507  -0.628  -7.565 
  3 A   0.856  -5.763  -0.292  -0.748  -2.253   1.805  -0.965  -3.780  -1.042   1.348   0.467  -5.318   3.305   1.711  -2.421  -0.073  -1.202   2.296   1.865  -0.307 
  4 A   1.757  -2.176   0.614   0.033  -0.455   1.555   1.310   0.454  -0.187  -1.592  -0.706  -2.411  -0.141   0.080   0.775   0.084  -0.531  -0.006  -0.725  -1.114 
  5 A   1.371  -4.921   0.155  -0.105  -3.018  -3.243  -0.184   1.481   0.172   0.592   0.442  -4.829  -0.293   0.068  -2.376   0.936   0.156  -4.261  -0.170   0.502 
  6 A   1.402  -1.387   0.830  -0.095  -0.992   0.122  -0.993   0.294   1.565  -0.842  -0.295  -2.001  -2.333   1.464   0.134   0.908  -0.530   0.878  -0.463  -0.949 
  7 A   0.018  -2.467  -1.316  -1.273  -1.850   0.500   0.196  -3.205   0.627  -0.142   0.390  -3.362  -0.278   1.959   1.680  -0.347   0.442   2.201   1.991   0.575 
  8 A   2.709  -2.923  -1.350  -2.339  -3.299  -0.652   1.012  -1.602  -1.232  -0.731  -1.112  -3.107  -0.968  -2.045   3.030   1.875   1.055  -2.019  -2.062  -0.067 
  9 A  -6.584  -1.701  -8.235  -6.191  -6.484  -6.351  -5.849  -8.655  -7.715   0.360   5.816  -7.231   0.598  -1.660  -8.022  -7.464  -6.312  -6.895  -6.081  -2.022 
