#HLA-B4102

Last position-specific scoring matrix computed       
            A       R       N       D       C       Q       E       G       H       I       L       K       M       F       P       S       T       W       Y       V 
  1 A   0.767   4.381  -2.541  -6.801  -1.891  -2.544  -5.260   0.278  -0.615  -1.986  -1.669   1.382   2.933  -0.105  -7.033   1.015  -3.009   3.148   0.842  -3.416 
  2 A  -6.037  -4.932  -5.383  -0.506  -8.620   2.708   7.671  -7.251  -5.186  -8.328  -7.938  -4.206  -4.750  -8.194  -6.400  -5.266  -6.081  -7.660  -7.028  -7.584 
  3 A  -1.693   1.203  -0.883  -6.324  -7.085  -0.121  -4.871  -7.096  -0.874  -0.104   1.286  -0.777   4.760   3.214  -7.595  -0.975  -3.407   4.097   2.794  -2.075 
  4 A   1.635  -0.425   0.316  -0.134  -0.453   0.545   0.888  -1.720   0.394  -1.138   0.442  -1.206   0.775   0.476  -1.342   0.151  -0.202  -0.181   1.228  -2.068 
  5 A  -0.200   1.758  -2.507  -3.456  -2.797  -2.983  -2.763  -0.172   2.184   0.654   1.021  -0.748   0.661   1.883  -1.861  -0.683  -0.756  -1.820   2.220  -0.601 
  6 A   0.713   2.114  -1.108  -4.283  -1.307   0.192  -3.508  -1.161   1.504  -0.619   0.279  -1.539  -2.706   3.091  -4.026   1.357   0.189   1.896  -1.314  -1.270 
  7 A  -0.564  -2.583  -0.550  -4.286  -0.202   0.234  -1.064  -3.323   0.009   0.625   1.082  -2.876   0.824   0.880   0.306   0.608   1.379   0.914   2.519   0.409 
  8 A   2.965  -3.910  -1.558  -4.521  -5.731  -0.870  -0.251  -2.698  -1.929  -2.060  -1.726  -3.688  -0.612  -1.668   4.820   2.138   0.580  -3.017  -2.813  -0.312 
  9 A  -0.008  -7.497  -8.119  -8.364  -6.290  -7.187  -7.739  -8.123  -7.824   3.638   4.039  -7.363   2.335  -1.770  -7.740  -6.867  -3.668  -7.095  -6.165   2.010 
