#HLA-B4440

Last position-specific scoring matrix computed       
            A       R       N       D       C       Q       E       G       H       I       L       K       M       F       P       S       T       W       Y       V 
  1 A   1.027   1.650  -1.370  -6.768  -2.274  -0.934  -3.196   0.468  -2.232  -0.453  -0.137   1.202   2.571   0.357  -7.016   1.336  -0.838   2.290   1.879  -1.781 
  2 A  -6.019  -4.479  -5.454  -2.720  -8.664  -0.574   7.967  -7.311  -5.190  -8.387  -7.996  -4.028  -6.086  -8.174  -6.370  -5.263  -6.103  -7.650  -7.052  -7.602 
  3 A   0.132  -5.658  -0.413  -6.372  -5.120  -1.547  -5.360  -6.960  -2.497   2.015   1.207  -5.983   4.248   2.398  -7.538   0.489  -1.977   4.374   2.955  -0.357 
  4 A   1.998  -2.967  -0.015   1.104  -1.297   0.963   1.985  -0.896   0.117  -1.881  -0.761  -1.602  -0.722  -2.039  -0.645   1.871   0.131  -0.981  -1.093  -1.382 
  5 A   0.865  -2.270  -3.267   0.049  -1.456  -0.286  -0.498  -0.560  -0.432   0.065   1.110  -3.266   0.418   1.932  -2.259  -0.345   0.132   0.757   1.598   0.392 
  6 A   2.457  -2.595  -1.372  -2.041  -1.769   0.017  -4.459  -0.181  -3.780   0.433   0.352  -3.492  -2.025   0.403  -0.267   1.774   1.950   0.374  -2.135  -0.153 
  7 A   0.012  -3.722  -1.816  -1.945  -2.055   0.737   0.362  -4.098   0.462  -0.289   1.341  -1.973   0.060   2.447   1.402  -0.263  -0.117   1.060   1.793  -0.215 
  8 A   0.314  -0.091  -0.836  -2.546  -4.667   1.563   1.123  -0.528  -1.343  -2.521   0.588  -1.235  -0.936  -0.992   2.272   1.664   1.170  -0.010  -0.644  -1.161 
  9 A  -5.986  -7.614  -8.064  -8.514  -7.185  -7.439  -7.841  -8.298  -6.400   2.830   1.404  -7.676   2.745   4.698  -8.454  -7.400  -6.631   7.497   3.406  -3.083 
