#HLA-B4816

Last position-specific scoring matrix computed       
            A       R       N       D       C       Q       E       G       H       I       L       K       M       F       P       S       T       W       Y       V 
  1 A   0.354   4.847  -3.316  -4.762  -3.910  -0.939  -4.917  -0.594   0.659  -2.696  -2.495   1.092   2.058   0.464  -3.764  -0.386  -2.117   4.812   0.989  -3.619 
  2 A  -3.144  -4.360  -4.027  -4.699  -5.760   7.980   3.723  -6.619  -1.933  -6.464  -3.847  -1.122   2.513  -6.508  -3.847  -5.326  -4.922  -5.528  -5.271  -6.223 
  3 A   0.686  -1.675  -1.454  -2.667  -6.909   0.720  -3.023  -5.159   0.643  -0.186   0.994  -3.715   4.169   2.764  -3.599  -0.383  -2.004   3.556   2.931  -1.028 
  4 A   1.645  -1.445  -0.974   0.878  -1.319   0.016   1.310   0.954  -0.294  -2.544  -0.512  -1.208  -0.489  -0.498   1.658   0.325  -0.368   0.552   0.493  -2.642 
  5 A   0.546  -0.858  -0.872  -1.442  -0.832  -2.163  -3.022   2.153   0.759  -0.150   0.348  -2.993  -0.411   0.334  -1.594   0.654  -0.423  -0.660   0.709   0.959 
  6 A   1.048   0.348  -0.171  -0.651  -0.993   0.196  -1.424   0.413   1.781  -0.426  -0.615  -2.058  -1.237   1.220  -0.284   0.873   0.327   2.271  -1.582  -0.712 
  7 A   0.259  -1.493  -0.342  -2.699  -2.026   0.554  -2.080  -2.689   0.691  -0.075   0.757  -3.086   0.579   1.429   1.567   0.398   1.060  -0.402   0.805   0.980 
  8 A   3.489  -3.757  -3.039  -2.852  -4.975  -1.802  -0.154  -1.756  -4.625  -1.204  -2.064  -4.404  -2.903  -2.722   4.263   2.063   0.995  -4.509  -3.322   0.165 
  9 A  -6.243  -4.951  -8.348  -6.665  -6.429  -7.203  -5.899  -8.682  -7.817  -0.105   5.917  -7.444   0.842  -2.822  -8.032  -7.499  -6.295  -6.923  -6.149  -1.184 
