#HLA-B1320

Last position-specific scoring matrix computed       
            A       R       N       D       C       Q       E       G       H       I       L       K       M       F       P       S       T       W       Y       V 
  1 A   0.433   2.313  -4.805  -7.034  -1.672  -0.940  -5.792  -0.007   0.308  -0.411  -0.523   1.261   2.842   1.576  -6.444   0.709  -1.294   3.230   2.292  -1.988 
  2 A  -4.542  -4.423  -5.015  -0.439  -8.308   6.399   6.368  -7.085  -5.137  -7.861  -7.373  -3.482   0.842  -8.089  -6.501  -3.366  -5.943  -7.569  -6.814  -7.288 
  3 A  -1.426  -5.772  -2.443  -7.872  -7.036  -3.745  -6.699  -7.310  -1.729   0.851   0.404  -6.214   4.565   4.353  -6.980  -1.639  -3.816   3.655   5.247  -1.129 
  4 A   1.725  -3.255   1.105   1.648  -0.861   0.452   2.193  -0.893  -0.499  -3.205  -1.608  -1.524  -1.493  -0.811   1.388   1.483  -0.024  -0.978  -0.465  -2.773 
  5 A   0.208  -1.613  -1.681  -2.169  -0.975  -2.503  -2.041   1.198   0.271  -0.637   0.862  -3.422   0.568   1.842  -1.848   0.848   0.572   0.906   1.455   0.460 
  6 A   1.454  -2.412  -1.587  -3.273  -1.258  -2.053  -4.407   0.529  -0.837   0.774   0.463  -4.663  -1.148   2.180  -2.242   1.724   1.233   2.281  -0.932   0.024 
  7 A  -0.860  -3.713  -0.392  -2.911  -1.640   0.794  -0.837  -4.204   1.560  -0.172   1.047  -3.090   0.326   1.153   1.795   1.160   1.588   0.739   0.926   0.229 
  8 A   1.010  -2.435  -1.344  -4.535  -5.805  -0.589  -0.818  -1.635  -1.235  -1.352  -0.245  -2.887  -1.398  -1.006   3.984   2.758   1.881  -1.287  -1.082  -0.225 
  9 A  -5.002  -7.718  -8.276  -8.491  -6.485  -7.452  -7.361  -8.594  -7.774   4.902   3.361  -7.603   2.662   1.811  -8.041  -7.376  -6.096   0.027  -5.539   0.538 
