#B3547

Last position-specific scoring matrix computed       
            A       R       N       D       C       Q       E       G       H       I       L       K       M       F       P       S       T       W       Y       V 
  1 A  -3.635  -4.372  -0.112  -5.589  -2.129  -2.568  -2.600  -5.783  -0.807  -0.117   1.311  -6.440   5.206   3.608  -7.383  -1.592  -0.744   3.485   4.191  -1.732 
  2 A   2.774  -6.672  -6.595  -6.465  -6.611  -6.062  -5.917  -5.593  -6.730  -5.054  -5.598  -5.768  -0.924  -6.966   8.040  -2.412  -3.776  -8.566  -7.059  -2.267 
  3 A   2.122  -3.788   1.240  -3.956  -3.120  -0.626  -2.869  -3.414  -0.949   0.953  -0.481  -4.041   2.528   1.283  -6.722   0.535   0.137   1.465   2.164   1.191 
  4 A   1.797  -2.179  -0.129  -0.344  -1.479   0.323   0.770   0.220   0.268  -2.562  -1.932  -0.862   0.377  -0.530   1.317   1.028   0.292   1.950   0.988  -0.796 
  5 A   1.373  -2.856  -0.827   0.021  -0.053  -1.264  -0.948   0.196   1.507  -0.557  -0.125  -2.066   0.253   1.004  -1.038   0.760   0.642   1.056   0.071   0.090 
  6 A   0.818  -1.010  -0.812   0.373  -1.432  -0.264  -1.753   1.335   0.342  -1.653  -2.225  -1.970  -0.888  -0.182  -0.230   1.454   2.346   1.945  -0.226  -0.089 
  7 A   1.291  -2.680  -0.209  -2.368  -0.978  -1.883  -0.900  -1.121   0.545   0.197   1.375  -4.009   0.283   0.985   0.502   0.636   1.173   0.623   0.128  -0.694 
  8 A   3.775  -4.348  -2.466  -4.483  -2.422  -2.819   0.110  -2.303  -3.419  -0.775  -0.621  -3.463  -0.950  -2.168   3.188   1.036   0.441  -2.591  -2.965   0.854 
  9 A  -5.670  -6.917  -7.287  -7.957  -6.970  -6.606  -7.149  -7.858  -3.824  -3.846  -0.254  -7.012   5.444   5.833  -7.821  -6.695  -5.868  -2.494   6.331  -4.564 
