#B3713

Last position-specific scoring matrix computed       
            A       R       N       D       C       Q       E       G       H       I       L       K       M       F       P       S       T       W       Y       V 
  1 A   0.007  -1.838  -1.317  -6.442  -2.523  -0.989  -3.156  -2.982  -0.940  -0.983  -0.340  -3.387   4.285   1.771  -6.751   3.503   0.455   4.435   1.731  -1.689 
  2 A  -5.799  -4.983  -4.860   2.736  -8.275   3.328   7.150  -6.824  -4.947  -7.964  -7.638  -3.810  -3.560  -7.902  -6.133  -4.966  -5.765  -7.436  -6.790  -7.310 
  3 A   0.076   1.672  -1.496  -6.406  -6.762  -2.321  -4.454  -6.087   1.276   1.278  -1.282  -1.621   3.623   2.697  -2.923  -0.735  -2.292   0.424   4.741  -1.199 
  4 A   1.053  -0.331   0.452   0.114  -1.319   0.908   1.014  -3.120   0.382  -2.084   0.921  -0.369   1.184   0.388  -2.119   0.697  -0.191  -1.958   1.683  -2.599 
  5 A  -0.011   1.727  -0.587  -1.895  -3.487  -1.179  -2.278  -0.262   2.481  -1.006  -0.300  -0.037   0.165   2.190  -0.023  -0.020  -0.637   0.572   1.869  -1.159 
  6 A   0.080   0.765  -1.689  -4.135  -3.377  -1.109  -5.192  -0.362   0.420   0.651   0.537  -2.280  -2.396   2.885  -2.399   1.422   0.951   1.670  -0.046   0.179 
  7 A   0.032  -2.284  -0.080  -1.139  -0.842   0.085  -2.778  -2.027   0.821  -0.210   1.399  -2.291   1.779  -0.711   0.776   1.179   1.551  -5.008  -0.300   0.521 
  8 A   2.314  -4.062  -2.826  -4.671  -5.011  -2.490  -1.333  -3.195  -2.416  -0.412  -0.700  -4.254  -1.003  -3.534   5.063   2.189   1.414  -4.191  -3.391   0.315 
  9 A  -3.507  -7.279  -7.900  -8.135  -6.056  -6.935  -7.593  -8.188  -7.496   4.542   3.381  -7.154   4.135  -0.443  -7.606  -6.902  -5.657  -6.683  -5.681   1.727 
