#HLA-B4411

Last position-specific scoring matrix computed       
            A       R       N       D       C       Q       E       G       H       I       L       K       M       F       P       S       T       W       Y       V 
  1 A   1.744   0.770  -0.317  -5.800  -1.824  -0.002  -1.861   0.420  -2.975  -0.453  -0.109  -0.122   2.804   0.142  -6.954   1.634  -0.572   1.993   1.172  -2.169 
  2 A  -6.015  -5.296  -5.464  -3.223  -8.678  -2.524   8.042  -7.323  -5.191  -8.408  -8.022  -4.408  -7.072  -8.173  -6.362  -5.260  -6.108  -7.652  -7.061  -7.611 
  3 A   1.157  -5.220   0.640  -5.727  -5.047  -1.049  -5.183  -6.297  -2.511   2.314   0.142  -4.719   4.124   1.053  -7.256   1.819  -1.717   3.600   1.986   0.073 
  4 A   2.063  -4.001   0.020   0.779  -0.969   0.427   1.542  -2.655  -0.296  -1.298   0.495  -2.528  -0.104  -1.210  -1.654   2.082  -0.059  -1.257  -0.101  -1.168 
  5 A   0.733  -1.784  -4.121  -0.896  -1.637  -0.375  -0.687  -0.656  -0.318   0.439   1.155  -3.415   1.106   2.331  -1.857  -0.359  -0.274   0.607   1.870   0.123 
  6 A   2.443  -3.111  -1.114  -3.366  -1.762   0.295  -4.471  -0.417  -2.846   0.110   0.965  -3.644  -1.798   0.549  -1.790   2.043   2.050  -0.686  -2.123  -0.372 
  7 A  -0.026  -3.411  -2.842  -2.373  -1.467   0.999   0.140  -4.274  -0.102  -0.799   2.053  -2.884  -0.324   2.565   1.093  -0.675   0.637   0.917   1.619  -0.682 
  8 A   0.654   0.286  -0.554  -2.442  -6.002   1.562   0.960  -0.441  -0.900  -2.899   0.672  -1.438  -0.214  -0.489   2.014   1.684   0.067   0.549  -0.437  -1.326 
  9 A  -4.661  -7.479  -7.869  -8.409  -7.204  -7.203  -7.678  -8.283  -5.050   2.595   0.570  -7.499   3.353   4.532  -8.236  -7.219  -6.586   5.675   5.674  -2.927 
