#HLA-B1405

Last position-specific scoring matrix computed       
            A       R       N       D       C       Q       E       G       H       I       L       K       M       F       P       S       T       W       Y       V 
  1 A  -5.512  -2.639   0.636  -5.798  -4.840  -2.360  -1.819  -6.734   2.864  -3.145  -0.144  -6.267   4.673   4.930  -7.860  -0.816  -2.411   5.329   3.426  -4.620 
  2 A  -2.594   3.385  -3.814  -4.959  -7.951   4.664  -3.490  -6.047   6.392  -5.792  -2.004   2.098   1.525  -4.964   1.802  -4.085  -6.206  -2.940  -4.535  -5.566 
  3 A   0.142  -1.051  -1.353  -1.672  -6.089  -1.365  -3.477  -5.675   1.552  -1.157   0.622  -2.385   3.037   3.695  -6.081  -0.884  -1.950   2.358   4.698  -2.306 
  4 A   1.337   0.018  -0.153  -0.253  -2.087   0.327   1.951  -0.432   0.878  -3.253  -0.671  -0.473   0.044  -1.662   1.296   0.327   0.190   1.769   1.155  -2.575 
  5 A  -1.035   2.168  -0.436  -4.279  -2.579  -1.907  -4.230   0.507   3.325  -1.144  -0.508  -0.027   0.179   2.007  -0.458  -0.660  -0.185   1.063   2.194  -0.785 
  6 A   0.166   1.791   0.312  -2.912  -2.059  -0.675  -3.201  -0.671   0.778  -0.535   0.196  -1.330  -2.270   2.039  -0.605   1.171   1.287   1.669  -0.341  -1.020 
  7 A   0.928  -1.015   0.940  -3.473  -0.436   0.187  -3.058  -3.114   2.575  -0.575   0.117  -2.800   0.712   0.302   0.495   1.344   0.749  -0.401   1.491   0.425 
  8 A   3.278  -4.194  -3.857  -6.202  -4.423  -2.297  -1.971  -4.538  -4.719  -0.484  -2.855  -4.905  -0.993  -3.543   5.277   1.811   1.260  -5.784  -5.007   0.863 
  9 A  -3.738  -7.420  -8.363  -8.665  -6.343  -7.253  -7.905  -8.580  -7.918   0.711   5.563  -7.498   0.892  -4.651  -7.965  -7.364  -6.149  -7.027  -6.247   1.506 
