#HLA-B6702

Last position-specific scoring matrix computed       
            A       R       N       D       C       Q       E       G       H       I       L       K       M       F       P       S       T       W       Y       V 
  1 A  -5.151  -2.488  -6.751  -8.080  -7.357  -6.910  -7.335  -7.473  -4.317  -2.395  -0.626  -4.809   4.047   5.841  -8.082  -0.932  -5.078   3.125   5.892  -3.427 
  2 A   4.109  -6.435  -5.543  -6.468  -6.164  -0.416  -5.914  -2.478  -6.686  -2.848  -2.709  -5.557   0.494  -6.562   2.641   3.440   3.384  -7.712  -5.533  -1.821 
  3 A   1.306  -6.978  -2.466   0.644  -5.170  -2.081  -5.415  -5.589  -2.532  -0.134   0.892  -6.708   4.736   2.537   0.791  -1.674  -1.916   4.743   1.937  -0.826 
  4 A   1.490  -0.763  -1.185  -0.752  -0.993  -0.489   0.803   0.056  -1.549  -1.177  -0.525  -2.869  -1.967  -0.937   3.481   0.747  -0.249   3.329  -2.160  -0.918 
  5 A   0.200  -3.982   1.885  -4.908  -1.276  -2.865  -2.682  -0.380   0.612   1.350   0.242  -3.298   2.422   0.500  -0.083   0.473   0.505   0.400   0.726   0.727 
  6 A   0.647   0.338  -0.235  -2.435  -3.389  -0.111  -4.644   0.380   2.089  -1.492   0.476  -3.704  -3.030   2.017   0.764   1.680   1.161  -0.171   0.700  -2.027 
  7 A   0.567  -5.303  -0.555   0.085  -1.868  -2.546  -1.930  -7.233   2.739   0.528  -0.469  -6.616  -0.891   3.744   1.555  -1.998  -1.258   1.239   3.372  -0.222 
  8 A   2.732  -6.191  -1.231  -6.539  -4.458  -1.832  -0.231  -5.222  -3.786  -1.345  -0.008  -4.945  -1.707  -1.082   4.336   0.913   2.279  -3.604  -1.466   0.577 
  9 A  -5.802  -7.591  -8.373  -8.616  -6.348  -7.387  -8.002  -8.681  -8.019   3.579   4.829  -7.571   0.018  -3.594  -7.982  -7.423  -6.060  -7.104  -6.241   1.949 
