#HLA-B0804

Last position-specific scoring matrix computed       
            A       R       N       D       C       Q       E       G       H       I       L       K       M       F       P       S       T       W       Y       V 
  1 A  -3.285  -0.456   1.804  -4.201  -3.120  -1.931  -1.735  -5.797   1.775  -3.206  -0.392  -5.191   5.496   2.831  -7.389   2.160  -2.726   3.678   3.532  -5.381 
  2 A  -1.397   2.507  -3.334  -3.621  -6.085   3.709  -1.713  -5.085  -2.261  -1.428   2.751  -0.827   4.341   1.051  -4.734  -3.661  -6.115   2.372  -2.006  -3.308 
  3 A  -3.604   4.792  -2.428  -6.375  -6.418  -2.080  -4.546  -6.272   0.328  -0.955   0.459   3.807   2.615   0.691  -6.422  -3.432  -4.581   0.227   0.732  -3.589 
  4 A   0.646   1.866   0.606  -2.958  -1.334   1.669  -0.006  -3.037   1.095  -0.897   0.375   1.909   1.506  -0.860  -2.363  -1.345  -0.377  -0.652   1.371  -2.804 
  5 A  -3.077   6.215  -3.035  -5.848  -5.745  -3.216  -3.832  -4.609   2.871  -1.957  -2.907   2.677  -0.880  -0.787  -4.002  -3.654  -3.129  -1.912   1.011  -3.380 
  6 A  -1.533   3.051  -0.394  -5.314  -2.098  -1.064  -2.719  -3.018   1.520  -0.153   0.075  -1.165  -3.248   3.489  -2.284   0.214   0.258   1.585   1.468  -1.018 
  7 A   1.071  -0.625   0.679  -4.433   0.220   0.115  -2.821  -3.221   1.397  -1.120   0.869  -2.581   0.646   0.515  -1.579   1.579   1.001   1.565   2.090  -0.543 
  8 A   2.743  -2.426  -1.627  -4.466  -3.299  -1.770  -0.045  -4.343  -3.069  -2.517  -2.825  -2.518  -3.247  -0.555   4.731   2.918   1.036  -5.605  -1.749  -0.696 
  9 A   0.177  -7.407  -8.137  -8.419  -5.527  -7.158  -7.721  -8.087  -7.687   2.160   4.788  -7.360   2.392   0.366  -7.785  -6.085  -4.798  -6.876  -5.883   0.647 
