#HLA-B5603

Last position-specific scoring matrix computed       
            A       R       N       D       C       Q       E       G       H       I       L       K       M       F       P       S       T       W       Y       V 
  1 A  -3.067  -0.945  -1.221  -5.938  -3.087  -5.243  -1.760  -5.361  -0.369   0.098   1.201  -5.249   4.927   3.754  -7.664  -0.530  -0.774   2.522   3.994  -2.180 
  2 A   2.239  -7.068  -6.974  -6.921  -6.866  -5.863  -6.384  -6.766  -7.203  -2.765  -4.736  -6.231  -1.396  -7.786   7.725  -2.593  -0.474  -8.742  -7.314   0.802 
  3 A   2.337   2.208   1.585  -5.449  -4.079  -1.271  -3.499  -5.064  -0.400   0.901  -2.678  -1.742   1.386   0.741  -4.893   0.548   0.352  -1.899   1.126   1.011 
  4 A   1.193  -1.326   0.197   0.703  -2.075   1.251   0.591  -0.505   0.875  -2.818  -2.094  -0.597   0.399  -0.910   1.297   1.444   0.253   1.655   0.938  -1.208 
  5 A   0.535  -0.676  -0.120  -1.725  -1.841  -0.582  -1.290  -0.173   2.036  -0.520  -0.106  -1.046   0.453   0.065   1.015   0.774   1.161   0.876   0.180  -0.071 
  6 A   0.113   1.300  -1.040  -1.550  -3.040  -0.670  -2.902   1.608  -0.437  -1.368  -1.797  -2.593  -1.595  -0.576  -0.751   1.608   3.117   0.710  -0.952   0.270 
  7 A   1.253  -1.320   0.564  -3.419  -1.608  -0.594  -1.697   0.234   0.687  -0.837   1.157  -4.230  -0.398  -1.751  -0.195   2.226   1.974  -2.409  -1.191  -1.135 
  8 A   3.974  -3.110  -3.238  -5.395  -4.909  -2.410  -0.641  -2.919  -2.151  -2.298  -2.324  -4.032  -2.398  -2.852   4.023   2.190  -0.128  -4.493  -2.837   1.024 
  9 A  -5.965  -7.330  -7.696  -8.338  -7.318  -7.042  -7.568  -8.215  -5.379  -4.515  -0.793  -7.436   5.811   6.240  -8.245  -7.081  -6.701  -3.561   5.855  -4.742 
