#HLA-B0722

Last position-specific scoring matrix computed       
            A       R       N       D       C       Q       E       G       H       I       L       K       M       F       P       S       T       W       Y       V 
  1 A   0.682   3.997  -1.960  -6.897  -3.098  -3.687  -5.692  -2.030   0.797  -0.176   0.020   0.558   2.450  -0.240  -7.075   1.129  -0.914   2.285   1.387  -2.265 
  2 A  -1.899  -7.185  -7.086  -6.823  -7.528  -6.599  -6.355  -7.159  -7.213  -5.408  -6.274  -6.184  -6.331  -8.594   8.873  -5.547  -5.372  -9.560  -7.679  -2.398 
  3 A   1.767   4.959  -0.339  -4.589  -5.315   0.158  -2.030  -3.090   0.953  -1.684  -1.846  -1.852   0.336  -1.615  -5.251   0.620   0.012  -1.251  -0.441  -0.839 
  4 A   1.192   0.218  -0.969  -0.403  -3.095   1.296  -1.137  -0.192   1.395  -2.182  -1.218   0.645   0.498  -1.502   1.771   0.952   0.585   1.762   0.074  -1.347 
  5 A   1.122   1.831  -0.547  -2.526  -2.529  -0.060  -3.561   0.384   2.408  -1.282  -1.042  -0.137   0.669  -1.668   1.458   0.781   0.241  -0.208   0.507  -0.651 
  6 A   0.629   3.489  -1.115  -2.617  -6.088   0.113  -2.820   1.689   0.383  -2.081  -1.054  -0.072  -1.987  -0.961  -0.583   1.135   1.160  -0.452  -1.718  -2.188 
  7 A   0.830   1.686   0.123  -3.942  -3.019  -1.498  -2.549   0.482  -0.005  -0.954   0.727  -1.825   0.007  -3.345  -0.663   2.474   1.551  -3.555  -1.102  -0.690 
  8 A   3.750  -2.318  -3.201  -4.096  -4.424  -0.480   0.228  -3.471  -2.573  -2.025  -2.975  -3.083  -1.622  -3.348   3.816   2.109   0.510  -2.493  -3.062   0.662 
  9 A  -1.045  -7.293  -8.069  -8.434  -5.597  -7.019  -7.681  -7.626  -7.445  -0.326   4.767  -7.327   4.901   2.174  -7.884  -6.131  -3.957  -5.068  -5.455   0.014 
