#HLA-B0814

Last position-specific scoring matrix computed       
            A       R       N       D       C       Q       E       G       H       I       L       K       M       F       P       S       T       W       Y       V 
  1 A  -3.250  -1.060   0.459  -4.859  -4.254  -4.716  -2.274  -6.274   0.619  -3.459  -0.212  -4.681   5.425   4.186  -7.593   1.255  -3.376   2.621   4.610  -4.708 
  2 A   0.927   1.115  -5.220  -4.783  -6.680   0.409  -6.160  -4.154  -5.319   1.137   2.727  -4.117   2.931  -0.607   2.839  -2.392  -1.893   0.706  -4.248   0.186 
  3 A  -1.808   4.406  -1.898  -6.548  -5.439  -1.650  -4.336  -6.007  -0.388   0.258   0.878   2.187   2.784   1.191  -6.550  -2.600  -3.561   2.000   0.985  -1.518 
  4 A   0.570   1.628   0.878  -3.064  -1.341   1.832  -0.186  -3.221   2.019  -1.749  -0.356   1.866   1.662  -1.096  -0.755  -0.112  -0.601   0.028   1.702  -3.379 
  5 A  -2.886   6.152  -2.059  -5.455  -7.979  -1.686  -4.583  -5.157   3.522  -3.022  -2.674   2.660  -2.023  -0.461  -3.734  -3.073  -2.598  -3.441   0.601  -4.342 
  6 A  -1.520   3.533  -1.125  -6.035  -2.827  -1.066  -3.404  -1.733   0.290  -0.698   0.404  -2.218  -2.445   3.545  -1.999   0.415   0.901   1.687  -0.432  -0.974 
  7 A   0.925  -0.391   0.137  -5.229  -0.199  -0.101  -2.272  -2.483   1.685  -1.203   1.359  -2.280   0.659  -0.440  -1.956   1.082   1.196   1.050   2.341  -0.297 
  8 A   3.115  -3.679  -0.915  -4.004  -2.438  -1.629   0.011  -3.704  -2.798  -2.754  -3.842  -2.726  -3.297  -1.612   4.746   3.180   0.602  -3.685  -3.552  -1.232 
  9 A  -1.957  -2.906  -7.839  -8.337  -6.976  -7.243  -7.054  -8.140  -3.666  -0.348   2.622  -5.435   3.282   5.936  -7.187  -7.059  -6.089  -3.425   2.963  -1.208 
