#HLA-B2730

Last position-specific scoring matrix computed       
            A       R       N       D       C       Q       E       G       H       I       L       K       M       F       P       S       T       W       Y       V 
  1 A  -1.780   6.013  -4.227  -6.722  -4.014  -2.323  -5.514  -0.933   1.183  -2.826  -3.732   2.509   0.385  -1.241  -7.045  -0.818  -3.095   2.187   1.371  -5.404 
  2 A  -6.511   7.659  -5.551  -5.829  -8.513   2.061   1.409  -7.429  -4.827  -8.239  -7.404  -2.233  -6.524  -8.080  -7.045  -5.759  -6.209  -7.509  -6.895  -7.608 
  3 A  -2.448  -3.247  -0.857  -5.773  -4.773  -1.853  -4.908  -6.892  -0.149   0.447   1.260  -4.325   2.225   4.518  -7.992  -2.556  -5.008   5.961   4.287  -1.511 
  4 A   1.510   0.839   0.371  -1.451  -1.850  -0.225  -0.682   1.004  -1.189  -1.663  -0.042  -0.765  -0.239  -1.056   0.972   0.821   0.056   1.652   0.212  -1.986 
  5 A  -0.481  -0.303  -1.518  -2.734  -3.711   0.490  -1.424  -0.098  -1.238   1.349   0.991  -2.044   1.115   1.009  -2.425   0.003  -0.481   1.036   0.542   1.434 
  6 A   1.749  -0.302  -1.161  -3.423  -1.808  -0.451  -2.408  -2.244  -0.230   0.265   1.337  -2.310  -1.118   1.184   0.654  -0.001   0.577   2.456  -0.190  -0.013 
  7 A  -0.298  -2.486  -1.604  -2.068  -0.983  -0.211  -1.063  -2.453   0.376  -0.767   1.355  -3.557  -0.039   2.311   0.177   0.738   0.801   2.479   2.230  -0.040 
  8 A   0.962  -0.615  -0.447  -4.168  -3.722  -0.249  -1.159   0.084  -1.376  -1.279   0.918  -0.800  -1.198  -0.675   2.801   0.975   1.415  -0.689  -0.019  -1.018 
  9 A  -4.123  -6.915  -8.139  -8.497  -6.766  -7.385  -7.863  -8.410  -5.396   3.220   3.722  -4.545   1.314   3.662  -8.171  -6.413  -6.376   4.669   0.983  -1.402 
