#HLA-B3513

Last position-specific scoring matrix computed       
            A       R       N       D       C       Q       E       G       H       I       L       K       M       F       P       S       T       W       Y       V 
  1 A  -4.161  -3.259  -3.974  -7.918  -3.053  -6.017  -5.586  -6.297  -2.987   1.073   1.338  -5.228   6.010   4.172  -7.871  -1.801  -1.125   2.842   3.433  -1.786 
  2 A   3.131  -6.927  -6.857  -6.766  -6.940  -2.532  -5.803  -5.380  -6.997  -6.770  -6.211  -6.049   0.130  -8.152   7.936  -1.638  -3.277  -8.852  -7.415  -4.918 
  3 A   1.782  -4.919   1.190  -0.801  -2.724  -1.478  -1.826  -3.576  -0.529   0.620   0.512  -6.390   2.630   1.357  -3.309   0.404  -0.353   2.472   1.981   0.229 
  4 A   2.280  -2.318  -0.713  -0.248  -0.978   0.201   0.228  -0.865  -0.664  -1.696  -0.755  -2.455   1.171  -0.903   2.479   0.516   0.060   2.996  -0.251  -0.995 
  5 A   0.781  -4.629   0.044  -0.062  -0.201  -1.223  -0.720   0.498   0.906   0.237   0.488  -4.391   0.712   0.601  -0.603   1.082   0.462   1.157  -1.120   0.027 
  6 A   1.532  -2.034  -0.388   0.004  -2.743  -1.090  -2.207   1.662   0.269  -2.850  -1.559  -4.246  -1.458   0.171   1.166   2.154   1.971   0.704  -1.833  -0.457 
  7 A   0.039  -3.671  -0.127  -1.985  -0.827  -2.900  -0.965  -4.607   1.662   0.506   2.128  -5.499   0.198   2.078   0.414  -0.915   0.309   0.592   0.953   0.452 
  8 A   4.072  -5.133  -3.268  -4.377  -2.138  -2.098   0.114  -4.295  -3.809  -0.134  -1.392  -4.666  -2.112  -3.280   2.987   1.348   1.292  -3.648  -3.296   0.735 
  9 A  -4.972  -7.397  -7.977  -8.458  -6.889  -7.161  -7.752  -8.328  -6.481  -0.185   3.142  -7.499   5.542   5.326  -8.206  -7.212  -6.492  -0.003   2.668  -3.113 
