#HLA-B4802

Last position-specific scoring matrix computed       
            A       R       N       D       C       Q       E       G       H       I       L       K       M       F       P       S       T       W       Y       V 
  1 A  -0.235   1.776  -3.660  -7.135  -6.053  -0.861  -5.557  -0.939   0.037  -0.096  -0.385   0.855   3.888   2.319  -7.278   0.480  -1.381   3.431   2.830  -1.688 
  2 A   1.400  -4.807  -5.741  -5.902  -7.289   7.621   0.488  -6.048  -5.408  -5.869  -4.094  -0.423   5.247  -7.307  -5.116  -1.860  -4.784  -7.332  -6.475  -5.943 
  3 A   0.436  -2.645   0.891  -5.169  -4.136  -1.400  -4.969  -6.473   0.221   0.840   0.359  -4.993   3.520   3.488  -7.480   0.155  -2.187   2.826   3.215   0.110 
  4 A   1.748  -2.856   0.260   1.792  -0.113  -1.325   1.553  -0.023  -0.399  -4.262  -1.996  -0.831  -0.304  -2.961   2.247   1.582  -0.451   0.696   0.028  -1.944 
  5 A   0.705  -4.165   0.053  -0.210  -1.642  -2.452  -0.843   1.019   0.995  -0.888   0.243  -3.689  -0.205   1.074  -1.955   1.423   0.662   1.312   1.489  -0.145 
  6 A   1.054  -2.139   0.487  -0.685  -2.479  -0.887  -1.440   1.576  -0.328  -0.181  -1.305  -4.460  -2.595   0.520  -0.751   2.327   1.769  -0.221  -2.139  -0.184 
  7 A  -0.130  -2.806   0.206  -1.987  -1.831   0.510  -0.367  -2.943   1.677  -0.403   1.138  -4.287  -1.148   1.255   0.816   1.698   1.448  -0.646   0.805  -0.580 
  8 A   3.075  -3.408  -2.478  -5.363  -4.965  -1.082  -0.161  -3.800  -3.792  -1.189  -1.459  -4.218  -2.137  -2.983   4.184   2.034   1.386  -4.500  -3.303   1.241 
  9 A  -7.112  -7.622  -7.886  -8.460  -7.405  -7.594  -7.840  -8.263  -5.919  -3.511   0.243  -7.809   3.751   7.140  -8.533  -7.315  -6.883   2.754   4.064  -5.396 
