#HLA-B4020

Last position-specific scoring matrix computed       
            A       R       N       D       C       Q       E       G       H       I       L       K       M       F       P       S       T       W       Y       V 
  1 A   0.668   3.649  -2.694  -6.829  -2.561  -3.209  -5.658   0.613  -1.134  -0.792  -1.251   1.486   1.364   0.157  -7.029   1.542  -2.859   2.640   2.607  -2.770 
  2 A  -6.012  -5.266  -5.466  -3.719  -8.668  -0.314   7.996  -7.316  -5.181  -8.397  -8.004  -4.393  -7.037  -8.178  -6.366  -5.259  -6.101  -7.645  -7.045  -7.602 
  3 A  -0.747  -0.873  -0.476  -5.961  -3.367   0.331  -4.513  -6.057  -1.518   1.846   1.234  -5.197   3.809   2.746  -7.613  -0.973  -2.211   4.187   2.360   0.155 
  4 A   1.103  -1.590   0.935   0.445  -0.859   1.650   1.521   0.517   0.124  -1.632  -1.385  -2.279  -0.264   0.072  -0.341   1.337  -0.082  -0.217  -0.726  -1.634 
  5 A   1.321  -3.640  -0.806  -0.681  -2.235  -3.066  -1.501   0.938   0.524   0.353   1.062  -3.729   0.040   0.842  -1.706   0.661   0.413  -1.530   1.015   0.011 
  6 A   1.232   0.157  -0.870  -1.438  -1.631  -0.196  -3.689   0.282   0.173  -0.094   0.591  -2.011  -0.887   1.843  -1.702   0.994   0.921   1.028  -1.438  -0.495 
  7 A  -0.445  -2.472  -1.495  -2.676  -1.646   0.242   0.007  -2.712   0.853   1.091   0.486  -3.812  -0.610   1.311   1.605   0.574   1.188   0.906   2.056   0.020 
  8 A   2.854  -3.528  -2.079  -3.717  -5.058  -0.403   0.266  -2.368  -2.327  -2.607  -1.820  -2.869  -1.618  -1.850   4.382   1.967   0.954  -2.027  -1.354   0.361 
  9 A  -4.611  -7.480  -8.056  -8.499  -6.828  -7.319  -7.838  -8.365  -5.236   0.172   3.599  -7.593   4.638   5.448  -8.227  -7.275  -6.481  -1.639   0.959  -1.871 
