#HLA-B3524

Last position-specific scoring matrix computed       
            A       R       N       D       C       Q       E       G       H       I       L       K       M       F       P       S       T       W       Y       V 
  1 A  -4.798  -5.954   0.539  -1.553  -2.297  -2.516  -0.089  -6.145  -1.289   0.587   1.164  -6.267   4.817   3.450  -7.636  -3.252   0.413   2.426   3.692  -1.822 
  2 A   1.987  -7.089  -6.996  -6.791  -7.223  -6.484  -6.273  -6.393  -7.121  -7.057  -7.338  -6.119  -5.529  -7.622   8.526  -4.135  -4.478  -9.273  -7.583  -4.923 
  3 A   1.460  -4.609   1.156  -1.336  -2.461  -0.125  -0.980  -3.235  -1.870   1.090   0.141  -4.390   1.532   0.857  -2.551   0.663   0.299   1.438   1.580   1.005 
  4 A   1.143  -2.500  -0.981   0.733  -1.674   0.664   1.369   0.385  -0.085  -2.319  -1.101  -1.088   0.142  -0.428   1.768   0.393  -0.151   2.448   0.301  -0.716 
  5 A   0.926  -3.961  -0.956  -0.173   0.117  -0.907  -0.437   0.107   0.518   0.378   0.406  -2.554   0.023   1.131  -0.146   0.327   0.190   1.659  -0.769   0.382 
  6 A   1.063  -1.328  -0.752   0.087  -1.636  -0.340  -1.503   0.710   0.841  -0.586  -1.101  -3.295  -1.572   0.250   0.387   1.361   1.863   1.414  -0.506   0.091 
  7 A   0.860  -2.612   0.229  -2.122  -0.442  -1.337  -0.050  -2.265   1.618   0.476   0.925  -5.314   0.409   1.724   0.367  -0.432   0.686   1.441   1.214  -0.508 
  8 A   3.464  -3.090  -1.877  -3.568  -1.762  -1.523   0.724  -2.199  -2.829  -0.992  -0.985  -3.271  -1.923  -1.267   2.681   1.362   1.056  -4.414  -2.222   0.546 
  9 A  -6.018  -7.314  -7.592  -8.315  -7.538  -7.033  -7.490  -8.221  -2.492  -4.276  -2.126  -7.415   4.342   6.011  -8.220  -7.086  -6.819   0.262   6.995  -5.351 
