#HLA-B4029

Last position-specific scoring matrix computed       
            A       R       N       D       C       Q       E       G       H       I       L       K       M       F       P       S       T       W       Y       V 
  1 A   0.553   5.058  -4.534  -6.701  -2.615  -3.972  -5.684   1.066  -1.787  -2.328  -2.711   2.751  -0.180  -1.011  -6.920   0.664  -4.021   1.772   0.811  -4.059 
  2 A  -6.016  -5.253  -5.450  -2.854  -8.659   0.700   7.934  -7.303  -5.179  -8.389  -7.997  -4.391  -7.017  -8.185  -6.372  -5.260  -6.097  -7.647  -7.041  -7.601 
  3 A  -1.832  -2.323  -1.732  -6.134  -4.164  -0.184  -5.105  -6.881  -0.653   1.393   2.062  -4.857   4.139   3.228  -7.798  -2.132  -2.989   4.754   3.004  -0.889 
  4 A   1.207  -0.604   0.874   0.113  -0.221   0.599   0.524   0.058  -0.190  -0.951  -0.078  -1.207   0.170   0.145   0.385   0.504  -0.359  -0.002  -0.523  -1.584 
  5 A   0.473  -1.355  -1.799  -2.272  -2.744  -2.159  -1.366   1.000   0.439   0.654   1.296  -2.260   0.248   1.123  -2.115   0.148   0.042  -2.300   1.132   0.604 
  6 A   0.923   0.017  -0.388  -1.770  -1.290  -0.118  -2.959  -0.178   0.912  -0.399   0.814  -1.768  -1.157   2.044  -1.261   0.824   0.050   1.034  -0.623  -0.017 
  7 A  -0.538  -2.483  -1.427  -3.111  -1.841   0.228  -0.629  -2.642   0.379   0.704   0.744  -3.267  -0.251   2.030   0.902  -0.078   0.835   2.015   2.570   0.458 
  8 A   2.444  -2.527  -0.630  -2.673  -4.565   0.471   0.401  -1.145  -1.074  -2.316  -1.793  -2.726  -2.204  -1.758   4.037   1.689   1.183  -0.730  -1.902  -0.290 
  9 A  -3.187  -7.482  -8.245  -8.548  -6.414  -7.275  -7.888  -8.480  -7.754   2.544   4.878  -7.496   2.402   0.824  -7.966  -6.343  -4.357  -4.179  -5.769   0.871 
