#B3554

Last position-specific scoring matrix computed       
            A       R       N       D       C       Q       E       G       H       I       L       K       M       F       P       S       T       W       Y       V 
  1 A  -4.156  -5.058   0.101  -3.424  -2.545  -2.338  -1.151  -5.773  -1.038  -0.251   1.487  -6.359   5.184   3.314  -7.326  -1.626  -0.496   3.171   4.159  -2.180 
  2 A   2.665  -6.682  -6.588  -6.435  -6.683  -6.075  -5.898  -5.903  -6.734  -5.766  -6.219  -5.750  -3.562  -7.100   8.202  -2.823  -3.231  -8.694  -7.125  -3.464 
  3 A   1.959  -3.802   1.086  -3.399  -2.494  -0.578  -1.987  -3.174  -1.029   0.726  -0.460  -4.599   2.048   1.457  -5.468   0.450   0.057   1.859   2.290   1.368 
  4 A   1.361  -2.218  -0.199   0.001  -1.488   0.478   0.790   0.029   0.263  -2.491  -1.520  -0.736   0.264  -0.385   1.413   0.932   0.522   1.947   0.855  -0.598 
  5 A   1.375  -2.790  -0.589  -0.149   0.025  -0.962  -0.846   0.186   1.084  -0.430  -0.306  -2.288   0.504   1.184  -1.043   0.736   0.422   1.288   0.116   0.213 
  6 A   0.852  -1.219  -0.799   0.656  -1.536  -0.025  -1.143   0.966   0.391  -1.467  -2.105  -2.389  -0.329  -0.117  -0.318   1.522   2.243   1.627  -0.278  -0.086 
  7 A   1.112  -2.467  -0.330  -1.657  -0.987  -1.264  -0.541  -1.488   0.711   0.333   1.418  -3.628   0.405   0.825   0.087   0.049   1.275   1.290   0.127  -0.595 
  8 A   3.577  -3.872  -2.567  -4.224  -2.390  -2.921   0.370  -2.415  -3.068  -0.697  -0.470  -3.146  -0.923  -2.302   3.250   0.953   0.682  -2.592  -2.725   0.785 
  9 A  -5.679  -6.893  -7.249  -7.946  -7.035  -6.564  -7.110  -7.860  -3.691  -3.930  -0.768  -6.980   5.253   5.671  -7.796  -6.680  -5.890  -2.408   6.767  -5.045 
