#B3909

Last position-specific scoring matrix computed       
            A       R       N       D       C       Q       E       G       H       I       L       K       M       F       P       S       T       W       Y       V 
  1 A  -5.401  -6.172  -0.333  -6.495  -5.183  -3.357  -1.801  -6.913   1.846  -4.639  -1.485  -6.686   3.854   5.714  -7.700  -1.539  -1.916   5.523   4.588  -4.478 
  2 A  -1.676   3.859  -4.639  -5.793  -7.659   5.101  -1.014  -5.088   6.893  -4.985  -3.790  -0.349  -0.177  -4.501  -1.930  -1.758  -4.526  -4.473  -4.431  -4.670 
  3 A   1.399  -5.152  -0.023   2.521  -4.935  -0.272   0.321  -4.688  -0.831  -0.442  -1.009  -5.259   2.705   1.680  -3.052  -0.290  -0.656   3.589   2.344  -0.623 
  4 A   1.354  -0.546  -1.546  -0.291  -0.504   0.849   2.044   0.304  -1.003  -2.751  -0.275  -1.167   0.124  -0.560   0.844   0.226  -0.397   2.203   0.685  -1.725 
  5 A   0.229  -1.295   0.272  -2.531  -1.844  -2.551  -2.037   1.048   1.671   0.564  -0.221  -2.419   0.689   2.485  -1.454   0.032   0.217  -0.018   1.065  -0.108 
  6 A   0.166   0.649   0.999  -0.291  -3.248  -0.286  -2.333   0.068   1.293  -1.064  -0.671  -1.656  -1.437   1.791  -0.259   0.834   1.293   2.900  -1.440  -0.698 
  7 A   1.120  -3.462  -0.308  -1.625  -1.515  -1.146  -1.597  -3.870   2.463  -0.003  -0.608  -3.874   0.057   3.038  -0.974  -0.747   0.041   1.408   2.748   1.017 
  8 A   3.618  -4.577  -3.487  -5.256  -2.877  -1.694  -1.748  -3.463  -3.152  -0.432  -0.139  -3.997  -1.369  -2.582   4.367   0.285   0.740  -3.680  -2.484   0.728 
  9 A  -3.681  -7.082  -8.040  -8.343  -6.036  -6.914  -7.584  -8.261  -7.557   0.836   5.584  -7.167   1.506  -3.797  -7.651  -7.056  -5.857  -6.669  -5.892   0.818 
