#HLA-B0812

Last position-specific scoring matrix computed       
            A       R       N       D       C       Q       E       G       H       I       L       K       M       F       P       S       T       W       Y       V 
  1 A  -5.802  -4.103   2.497  -1.363  -4.318  -3.351   1.016  -6.841   1.735  -5.249  -1.043  -6.262   5.623   3.558  -7.479   0.508  -2.800   2.914   4.013  -5.283 
  2 A   1.353   0.628  -2.107  -4.453  -5.882   1.645  -4.111  -3.107  -2.575  -0.777   2.461  -2.379   3.987   1.951   1.785  -2.270  -5.313   1.428  -2.910  -2.509 
  3 A  -2.342   4.128  -1.430  -5.501  -6.348  -1.185  -2.982  -5.385   0.652  -0.482   0.642   4.044   1.996  -0.348  -6.339  -2.143  -3.220   0.392  -0.145  -3.223 
  4 A   0.540   2.043   0.059  -2.816  -1.022   1.419   0.471  -2.656   1.158  -1.459  -0.147   2.086   1.881  -0.964  -0.587  -1.273  -0.491  -0.934   0.765  -2.119 
  5 A  -3.181   6.299  -2.449  -5.837  -5.757  -3.431  -4.004  -4.983   2.761  -2.189  -2.854   2.681  -1.646  -1.424  -4.951  -3.974  -2.987  -1.542   1.273  -3.181 
  6 A  -1.827   2.897   0.811  -4.669  -3.134  -1.385  -1.969  -2.625   1.147  -0.041  -0.247  -0.741  -2.988   3.208  -1.734   0.226   0.602   1.328   0.810  -0.572 
  7 A   1.269  -1.473   0.801  -4.953  -0.087  -0.268  -2.975  -3.459   1.846  -1.617   1.248  -2.410   0.956   0.661  -2.097   0.929   0.924   1.569   2.282  -0.226 
  8 A   3.240  -2.674  -1.930  -3.850  -3.259  -2.532   0.139  -3.844  -3.387  -1.946  -3.492  -3.493  -2.449  -1.318   4.155   3.166   1.080  -5.650  -3.037  -0.389 
  9 A  -1.590  -7.423  -8.251  -8.553  -6.420  -7.224  -7.846  -8.363  -7.678   1.776   5.141  -7.457   2.731   1.065  -7.943  -6.716  -6.199  -6.750  -5.725  -0.438 
