#HLA-B5305

Last position-specific scoring matrix computed       
            A       R       N       D       C       Q       E       G       H       I       L       K       M       F       P       S       T       W       Y       V 
  1 A  -5.010  -3.569  -0.699  -5.363  -0.849  -4.264  -2.709  -5.953  -1.026   1.221   1.446  -6.912   4.932   3.899  -7.817  -2.947  -0.005   3.389   3.570  -2.164 
  2 A  -0.397  -7.142  -7.021  -6.765  -7.518  -6.544  -6.292  -7.012  -7.154  -7.835  -7.949  -6.127  -7.588  -8.763   8.895  -4.277  -5.358  -9.599  -7.717  -7.413 
  3 A   1.312  -4.798   1.838  -0.751  -3.034   0.630  -0.016  -2.902  -1.314   0.179  -0.142  -5.794   1.742   1.162  -5.812   0.904   0.299   1.898   1.850   0.354 
  4 A   1.629  -2.392  -0.623  -0.077  -1.842   0.602   1.184  -0.601   0.457  -1.543  -0.687  -1.569   0.596  -0.564   1.501   0.853  -0.084   1.867  -1.040  -0.060 
  5 A  -0.133  -2.976  -0.874   0.080  -0.441  -0.696   0.527  -0.155  -0.568   1.222  -0.052  -2.639   1.214   0.519  -2.104   0.435   0.620   2.177  -0.895   0.893 
  6 A   1.860  -1.917  -0.542   0.178  -2.012  -0.179  -2.295  -0.219  -0.436  -1.413  -0.755  -2.573  -1.568   0.195   0.930   1.533   2.230   0.549  -0.520  -0.222 
  7 A   0.335  -4.162  -0.468  -0.553  -0.571  -1.570   0.275  -3.418   2.037  -0.619   1.352  -3.710   0.054   1.544   0.181  -0.346   0.357   1.444   1.558   0.467 
  8 A   1.915  -2.109  -1.465  -3.938  -1.596   0.058   0.416  -2.123  -1.742   0.213   0.016  -2.562  -0.897  -0.836   1.465   1.474   2.048  -1.990  -2.016   0.705 
  9 A  -7.053  -7.684  -8.005  -8.496  -7.327  -7.595  -7.881  -8.290  -6.217   2.138   0.169  -7.789   2.576   6.097  -8.542  -7.405  -6.760   6.649   3.565  -4.364 
