#HLA-B4003

Last position-specific scoring matrix computed       
            A       R       N       D       C       Q       E       G       H       I       L       K       M       F       P       S       T       W       Y       V 
  1 A   0.686   4.542  -4.129  -6.837  -3.483  -3.562  -5.859   0.338  -1.141  -0.959  -1.386   2.138   1.481  -0.727  -7.005   0.788  -4.008   2.461   1.607  -2.893 
  2 A  -5.304  -4.678  -5.370  -0.813  -8.418   6.002   6.732  -7.145  -5.131  -7.995  -7.521  -2.952  -0.121  -8.143  -5.902  -5.276  -5.998  -7.587  -6.853  -7.377 
  3 A  -1.832   0.480  -1.150  -6.455  -5.301  -0.575  -4.537  -6.133  -0.510   0.897   1.000  -4.269   4.174   3.430  -7.766  -1.690  -3.279   5.320   3.067  -0.679 
  4 A   1.469  -1.132   0.540   0.923  -0.999  -0.124   1.194  -0.109   0.717  -1.500  -0.956  -1.697   0.325  -0.433   0.273   1.336  -0.083   0.195   0.147  -2.214 
  5 A   0.903  -2.486  -1.042  -1.685  -3.702  -3.043  -1.427   0.636   1.056   0.047   1.351  -2.668   0.580   1.091  -2.397   0.980   0.325  -0.386   1.538  -0.357 
  6 A   0.882   0.458  -1.020  -2.045  -2.252  -1.112  -3.401   0.556   0.759  -0.297   0.257  -2.923  -1.336   2.195  -1.829   1.147   1.614   1.665  -1.677  -0.426 
  7 A  -0.609  -2.051  -0.910  -4.489  -1.458  -0.202  -0.516  -3.007   1.194   0.927   1.198  -4.003  -0.703   1.317   0.955   0.741   1.090   0.907   1.900   0.226 
  8 A   2.855  -3.728  -1.871  -4.528  -6.612  -1.412  -0.057  -3.429  -2.577  -2.503  -1.731  -3.260  -2.650  -3.150   4.920   2.073   0.737  -1.662  -1.642   0.675 
  9 A  -4.849  -7.575  -8.005  -8.483  -7.010  -7.493  -7.872  -8.324  -5.729  -0.177   2.793  -7.710   3.910   6.314  -8.337  -7.284  -5.439  -0.408   1.902  -2.720 
