#B3543

Last position-specific scoring matrix computed       
            A       R       N       D       C       Q       E       G       H       I       L       K       M       F       P       S       T       W       Y       V 
  1 A  -5.977  -6.185  -1.712  -2.734  -2.889  -3.533   1.561  -7.411   1.272  -1.518   1.219  -6.176   5.916   3.459  -7.273  -1.643  -1.772   2.513   3.818  -3.974 
  2 A   3.811  -6.483  -6.382  -6.672  -5.865  -4.416  -6.059  -5.173  -6.697  -0.389  -0.650  -5.918   3.351  -5.806   4.268   1.286   0.626  -7.388  -6.427   1.307 
  3 A   2.854   1.077   1.327  -6.442  -3.947  -3.062  -5.965  -5.238   0.144   1.595  -3.031  -1.362   2.150   1.295  -4.930   0.249  -1.671  -2.382   1.546   1.201 
  4 A   1.758  -2.593   1.017   0.740  -1.821   0.117   0.681  -0.689   0.756  -4.505  -2.937   0.397  -0.042  -1.714   1.568   1.709   0.844   0.870   1.233  -2.823 
  5 A   0.815  -0.093  -0.038  -0.519  -2.327  -0.740  -1.284  -0.016   2.870  -1.839  -0.960  -1.545  -1.490   1.004   0.532   1.841   1.119   0.206   0.062  -1.266 
  6 A  -0.425  -1.067  -0.338   0.376  -1.964  -1.661  -3.327   1.277  -0.695  -1.191  -1.435  -3.529  -0.737   0.172  -1.233   1.953   3.396   0.366  -0.665   0.245 
  7 A   1.441  -1.911   0.998  -3.963  -0.972  -0.412  -1.383  -0.482   0.277  -0.980   1.041  -2.931   1.385  -0.892  -0.440   2.417   1.180  -3.153  -2.272  -0.830 
  8 A   3.904  -4.745  -3.762  -5.004  -2.826  -3.468  -0.493  -3.205  -0.811  -2.069  -3.227  -3.861  -2.421  -3.443   4.463   2.176   0.156  -7.487  -5.340   0.987 
  9 A  -6.698  -7.082  -7.309  -7.991  -7.196  -6.891  -7.256  -7.869  -4.763  -5.072  -4.229  -7.213   4.359   6.773  -7.989  -6.788  -6.515  -3.665   6.361  -5.503 
