#HLA-B1528

Last position-specific scoring matrix computed       
            A       R       N       D       C       Q       E       G       H       I       L       K       M       F       P       S       T       W       Y       V 
  1 A   0.355   2.018  -5.899  -7.030  -5.930  -0.934  -6.125  -1.397  -1.680  -0.154   1.086   1.650   3.485   1.304  -7.084   1.867  -2.346   0.904   1.090  -1.847 
  2 A  -0.528  -5.980  -6.699  -7.112  -6.639   5.296  -5.654  -7.394  -6.395  -0.604   2.440  -5.767   6.468  -5.847  -7.224  -0.524  -1.749  -7.096  -6.308  -0.010 
  3 A   0.846   3.041   0.837  -6.881  -7.050  -2.348  -5.835  -5.522   0.582   1.579  -1.880   0.325   2.578   2.381  -7.216  -0.166  -3.999  -6.172   2.879  -0.624 
  4 A   1.669  -2.095   1.218   1.317  -1.671   0.959   0.245  -1.477  -0.044  -4.122  -2.800   0.153  -0.191  -1.488   1.471   1.734   0.520  -0.200   1.809  -2.529 
  5 A   0.531  -0.943   0.250  -0.869  -4.163  -2.542  -1.346   0.746   1.900  -2.995  -0.352  -2.549  -0.472   0.734   0.145   2.739   1.573  -0.177   1.483  -3.087 
  6 A  -0.340  -2.382  -0.291  -2.421  -2.456  -1.598  -3.577   1.019  -0.455   0.308  -0.392  -5.867  -1.047   1.122  -1.453   2.472   2.807  -0.672  -0.897   0.640 
  7 A   0.314  -3.669   0.182  -3.693  -1.255  -0.488  -0.523  -1.454   1.119  -0.819   1.498  -3.422  -0.736  -1.957  -1.016   3.345   2.247  -5.450  -2.013  -1.073 
  8 A   2.636  -3.234  -2.837  -4.466  -4.503  -3.581   0.696  -3.092   1.180  -2.897  -2.362  -4.576  -2.925  -1.659   4.398   2.849   0.550  -5.611  -1.884   0.720 
  9 A  -7.191  -7.673  -7.802  -8.418  -7.563  -7.686  -7.833  -8.238  -5.019  -5.363  -3.773  -7.868   3.334   7.600  -8.567  -7.284  -6.978  -3.465   4.784  -5.875 
