#HLA-B0815

Last position-specific scoring matrix computed       
            A       R       N       D       C       Q       E       G       H       I       L       K       M       F       P       S       T       W       Y       V 
  1 A  -2.893  -1.413   1.338  -3.210  -3.086  -2.779  -1.007  -6.477   1.034  -2.846   0.943  -5.292   5.502   2.683  -6.628   1.591  -1.203   2.038   3.227  -2.885 
  2 A   1.603  -5.379  -2.721  -7.626  -4.988  -2.447  -6.533  -3.139  -4.845   1.014   3.207  -4.645   3.693   1.352   2.220  -2.305  -2.526  -0.939  -4.804  -0.265 
  3 A  -3.245   5.926  -2.732  -6.570  -7.883  -2.056  -3.729  -5.604  -0.238  -3.766  -0.772   4.245   0.813  -1.877  -6.259  -2.711  -4.106  -2.410  -1.872  -4.758 
  4 A   0.176   2.203  -0.859  -2.729  -1.336   1.132   0.501  -3.515   0.570  -0.972   0.450   2.041   1.735  -0.935  -0.765  -1.371  -0.867   0.216   1.165  -1.398 
  5 A  -3.288   6.377  -3.344  -5.830  -8.046  -2.083  -4.804  -5.182   3.184  -2.934  -3.412   2.804  -2.035  -0.950  -4.590  -3.645  -3.606  -2.340   0.898  -3.802 
  6 A  -2.109   2.821   0.082  -4.284  -2.847  -0.862  -2.276  -1.610   1.631   0.177   0.055  -0.988  -1.835   3.502  -2.005  -0.090  -0.454   1.334   0.827  -0.919 
  7 A   1.496  -0.068   0.522  -5.596  -0.824  -0.512  -2.978  -3.037   1.327  -0.909   1.524  -0.938   1.171   0.325  -0.692   0.244  -0.777   0.413   1.581   0.199 
  8 A   2.805  -3.077  -1.843  -2.576  -3.295  -1.518   0.225  -4.363  -3.077  -1.647  -2.234  -3.111  -1.997  -0.749   4.456   2.734   0.295  -3.628  -1.748  -0.164 
  9 A   0.489  -7.398  -8.080  -8.365  -6.314  -7.116  -7.660  -7.039  -7.671   2.006   4.459  -7.322   2.745   0.355  -7.733  -5.679  -5.306  -6.901  -5.339   1.813 
