#HLA-B1506

Last position-specific scoring matrix computed       
            A       R       N       D       C       Q       E       G       H       I       L       K       M       F       P       S       T       W       Y       V 
  1 A   0.192   2.252  -5.960  -7.099  -5.947  -1.255  -6.168  -1.297  -1.200   0.482   0.722   1.794   3.543   1.161  -7.133   1.022  -2.155   0.750   1.088  -0.672 
  2 A   0.581  -5.696  -6.436  -6.835  -6.737   6.073  -5.252  -6.082  -6.141  -1.620   1.988  -4.931   6.118  -6.122  -7.060  -0.194  -2.563  -7.149  -6.349  -1.246 
  3 A   0.155   2.551   0.608  -7.017  -6.064  -1.184  -5.602  -5.880   0.744   1.010  -0.744  -0.608   2.665   2.978  -6.000  -0.804  -2.915  -1.377   3.425  -0.350 
  4 A   1.874  -2.423   0.741   1.605  -1.669   0.042   0.570  -1.135   0.139  -4.312  -2.953   0.310   0.005  -1.610   1.816   1.964   0.082  -0.441   1.192  -2.889 
  5 A   0.595  -0.559  -0.793  -1.147  -2.768  -2.207  -1.741   0.959   1.995  -3.002  -0.534  -2.240  -0.595   0.501   0.452   2.967   1.604  -0.658   0.957  -2.806 
  6 A  -0.229  -2.396  -0.562  -3.494  -2.226  -2.333  -3.613   1.258  -0.232   0.399  -0.193  -5.920  -1.504   1.755  -0.768   2.662   2.095  -0.660  -0.662   0.319 
  7 A  -0.313  -2.910   0.059  -3.907  -1.109  -0.016  -0.529  -1.663   1.119  -0.279   1.491  -2.913  -0.155  -0.953   0.447   2.848   1.929  -3.532  -1.546  -0.967 
  8 A   2.733  -2.812  -2.681  -4.504  -3.269  -2.732  -0.250  -3.402   0.678  -2.257  -2.127  -4.183  -3.185  -2.188   4.088   3.130   1.041  -4.466  -2.221   0.650 
  9 A  -7.207  -7.755  -7.889  -8.453  -7.482  -7.849  -7.937  -8.244  -6.056  -5.209  -1.900  -7.978   3.551   7.814  -8.649  -7.338  -6.970  -2.997   2.901  -5.768 
