#HLA-B4801

Last position-specific scoring matrix computed       
            A       R       N       D       C       Q       E       G       H       I       L       K       M       F       P       S       T       W       Y       V 
  1 A   1.053   5.096  -4.881  -4.069  -4.341  -1.582  -4.829   0.179  -0.487  -2.555  -2.878   1.926   0.870  -0.708  -2.697  -0.517  -3.058   3.466   0.382  -3.303 
  2 A  -4.885  -4.289  -4.240  -4.784  -5.763   8.394   2.961  -6.295  -5.051  -6.426  -3.832  -2.432   2.519  -7.874  -6.667  -5.324  -4.191  -7.402  -5.837  -5.224 
  3 A   0.253  -1.765  -1.651  -2.913  -6.929   0.778  -2.027  -4.616   0.395   0.047   1.203  -3.565   3.929   2.702  -3.851  -0.543  -1.819   3.496   2.986  -0.787 
  4 A   1.489  -2.076  -0.465   0.983  -1.671  -0.924   1.217   1.103   0.016  -2.043  -0.479  -0.850  -0.731  -0.836   1.421   0.548  -0.478   0.196   0.683  -2.091 
  5 A   0.518  -0.790  -0.949  -1.283  -0.694  -2.311  -2.112   1.980  -0.020  -0.001   0.418  -2.864  -0.085   0.284  -1.836   0.824  -0.097  -0.193   0.513   0.761 
  6 A   0.643   0.595  -0.302  -1.251  -1.472   0.194  -1.147   0.247   1.499   0.135   0.101  -2.432  -0.784   0.965  -0.602   1.021   0.329   1.876  -1.597  -0.599 
  7 A   0.069  -1.573  -0.672  -2.136  -1.827   0.558  -1.246  -2.119   0.362   0.132   0.694  -2.838   0.493   1.427   1.407   0.581   1.026  -0.180   0.679   0.726 
  8 A   2.966  -2.334  -2.437  -2.593  -5.036  -0.580   0.133  -1.242  -2.827  -1.095  -1.248  -3.667  -2.874  -2.561   3.848   2.033   1.058  -2.040  -2.833  -0.075 
  9 A  -5.953  -3.489  -8.281  -5.482  -6.440  -7.176  -6.255  -8.657  -7.800   0.980   5.755  -7.373   0.974  -2.993  -8.013  -7.463  -6.269  -6.953  -6.173  -1.062 
