#HLA-B1804

Last position-specific scoring matrix computed       
            A       R       N       D       C       Q       E       G       H       I       L       K       M       F       P       S       T       W       Y       V 
  1 A  -5.636  -5.516  -0.229   0.688  -3.151  -3.216   1.138  -6.078  -0.343  -0.842   0.163  -6.109   5.107   3.382  -7.567  -1.792  -0.258   4.056   3.969  -3.864 
  2 A   2.018  -5.605  -5.894  -3.627  -7.544   3.523   5.867  -6.076  -5.076  -6.602  -6.388  -3.588   1.042  -6.085   4.025  -3.038  -4.000  -7.827  -6.961  -5.895 
  3 A   0.557  -3.688   0.393  -3.333  -2.237  -1.407  -3.402  -5.629  -0.658   1.878   0.785  -5.279   2.948   2.696  -5.548   0.029  -1.694   2.734   2.487   0.516 
  4 A   1.209  -2.749  -0.713   2.089  -0.738   0.447   2.596   0.573  -0.630  -3.560  -1.657  -2.488  -1.044  -1.266   1.544   0.551  -0.985   2.610  -0.190  -2.022 
  5 A   1.179  -3.343  -0.617  -0.579  -1.278  -2.530  -1.850  -0.003  -0.226   1.108   0.538  -3.770  -0.860   1.925  -0.881   0.149  -0.919   1.313   1.045   0.847 
  6 A   0.879  -1.189  -0.422   0.294  -2.040  -1.709  -2.801  -0.205   1.256  -0.699  -0.749  -2.848  -1.374   2.580  -1.148   1.319   1.383   0.897   0.169   0.030 
  7 A   0.831  -3.797   0.171  -2.573  -1.643  -0.457  -0.868  -3.641   2.039   0.911   0.295  -5.105   0.230   2.514   0.646  -0.293   0.444   1.687   1.582  -0.120 
  8 A   3.909  -4.574  -1.682  -5.337  -4.949  -2.578   0.075  -3.137  -4.156  -2.420  -1.582  -3.711  -2.181  -1.970   4.325   1.347   0.884  -7.626  -2.440   0.131 
  9 A  -5.770  -7.496  -7.783  -8.398  -7.366  -7.352  -7.706  -8.249  -4.957  -3.268   0.069  -7.634   4.174   6.710  -8.359  -7.194  -6.320  -0.985   5.392  -3.859 
