#HLA-B0756

Last position-specific scoring matrix computed       
            A       R       N       D       C       Q       E       G       H       I       L       K       M       F       P       S       T       W       Y       V 
  1 A   0.517   3.832  -1.858  -6.917  -3.092  -3.714  -5.413  -2.183   0.646  -0.244   0.294   0.287   2.657  -0.051  -7.094   1.185  -0.657   1.897   1.842  -2.328 
  2 A  -1.833  -7.186  -7.089  -6.829  -7.513  -6.599  -6.359  -7.159  -7.217  -5.376  -6.481  -6.188  -5.547  -8.571   8.854  -5.547  -5.366  -9.542  -7.669  -2.027 
  3 A   1.857   4.949  -0.547  -5.771  -5.294  -0.066  -2.145  -3.204   0.651  -1.348  -2.128  -2.035   0.592  -1.086  -4.874   0.359  -0.088  -1.247  -0.435  -0.250 
  4 A   1.121   0.172  -0.891  -0.349  -2.299   1.295  -1.136  -0.350   1.794  -2.109  -1.336   0.609   0.579  -1.231   1.696   0.918   0.375   1.872   0.305  -1.405 
  5 A   1.052   2.004  -0.691  -2.533  -2.284  -0.064  -3.271   0.350   2.184  -1.052  -0.824  -0.629   0.514  -1.478   1.457   0.746   0.330  -0.209   0.370  -0.559 
  6 A   0.737   3.412  -1.294  -2.751  -5.307  -0.613  -3.111   1.767  -0.091  -1.993  -1.045  -0.220  -1.289  -0.734  -0.584   1.047   1.440  -0.010  -1.574  -2.102 
  7 A   0.808   1.486   0.176  -4.139  -2.729  -1.633  -3.049   0.572  -0.007  -0.952   0.767  -2.093   0.008  -3.343  -0.498   2.670   1.466  -4.353  -1.104  -0.645 
  8 A   3.851  -2.549  -3.561  -3.903  -4.419  -0.396   0.186  -3.340  -2.823  -2.439  -3.140  -3.486  -1.631  -3.540   3.939   2.213   0.342  -2.497  -3.071   0.518 
  9 A  -0.903  -7.268  -8.015  -8.390  -5.618  -5.677  -7.631  -7.582  -7.351  -0.346   4.523  -7.293   5.333   2.732  -7.882  -5.757  -4.158  -5.013  -5.297  -0.243 
