#HLA-B5521

Last position-specific scoring matrix computed       
            A       R       N       D       C       Q       E       G       H       I       L       K       M       F       P       S       T       W       Y       V 
  1 A  -2.469  -1.653  -1.523  -7.678  -4.161  -4.599  -5.482  -6.867   0.019  -0.316   2.472  -6.018   4.734   4.168  -7.786  -0.503  -2.368   1.959   3.284  -2.869 
  2 A  -3.911  -7.181  -7.061  -6.781  -7.660  -6.592  -6.329  -7.202  -7.191  -6.508  -7.235  -6.154  -5.676  -8.791   9.028  -5.886  -4.583  -9.715  -7.751  -6.078 
  3 A   2.160   1.533   0.476  -5.043  -4.090  -1.682  -5.923  -4.250   0.221   0.596  -1.577  -2.868   2.576   1.355  -2.238   0.058   0.377   0.264   2.808   0.399 
  4 A   1.119  -0.322  -0.562  -0.818  -2.279   0.655   0.272  -0.362   0.548  -0.594  -0.423  -1.632   1.184  -0.467   1.374   0.743   0.104   1.541   0.514  -0.794 
  5 A   0.029   0.888  -0.473  -3.402  -4.149  -1.698  -3.271  -1.712   1.310   0.779   0.145  -1.833   1.082   1.098   2.552   0.108   0.190   0.012  -0.200   0.779 
  6 A   0.735   1.759  -1.091  -2.929  -1.289   0.189  -3.505   0.863  -1.223  -0.707  -0.567  -2.491  -0.933   1.075  -0.596   0.945   1.984   0.876  -0.898   0.065 
  7 A   1.037  -1.259   0.698  -1.392  -2.019  -1.817  -2.056  -0.435   1.783  -0.175  -0.021  -4.912   0.004  -0.089   0.264   1.784   1.455  -2.351   0.834   0.116 
  8 A   3.613  -3.114  -2.779  -5.388  -4.458  -1.671  -0.162  -3.280  -1.255  -1.744  -2.208  -4.218  -0.996  -1.126   4.582   1.543  -0.257  -2.477  -2.393   0.316 
  9 A   4.004  -7.256  -7.542  -7.747  -6.010  -6.727  -6.548  -6.806  -7.481   2.880  -0.292  -6.833   2.780  -1.571  -7.046  -4.600  -2.879  -7.306  -4.716   3.645 
