#B3545

Last position-specific scoring matrix computed       
            A       R       N       D       C       Q       E       G       H       I       L       K       M       F       P       S       T       W       Y       V 
  1 A  -4.771  -6.575   0.277  -3.854  -2.948  -2.915  -1.743  -6.922  -1.143  -1.500   1.616  -6.501   5.116   3.985  -7.424  -2.257  -0.036   3.162   4.249  -2.590 
  2 A   1.136  -6.734  -6.581  -6.407  -6.957  -6.129  -5.917  -6.476  -6.768  -6.776  -7.393  -5.766  -4.339  -8.213   8.563  -1.715  -3.372  -8.995  -7.276  -5.183 
  3 A   2.241  -4.729   1.393  -0.168  -3.183   0.037   0.017  -2.540  -1.491   0.501  -1.019  -5.120   1.827   0.076  -3.867   0.860   0.506   1.804   1.112   0.512 
  4 A   1.279  -2.293  -0.028  -0.160  -1.516   1.272   1.141  -0.593  -0.094  -2.189  -1.162  -0.983   0.880  -0.594   1.177   0.954   0.663   2.029   0.265  -0.694 
  5 A   1.164  -3.207   0.020  -0.345  -0.508  -1.777  -0.295   0.048   0.979  -0.605  -0.135  -2.331   0.803   0.552  -0.562   0.907   0.587   1.960   0.352   0.235 
  6 A   0.631  -1.309   0.089   0.854  -1.575   0.816  -1.703   0.754  -0.114  -1.528  -1.809  -2.055  -1.014   0.150   0.249   1.355   2.140   1.460  -0.357  -0.282 
  7 A   0.961  -2.827   0.156  -1.176  -0.787  -0.882  -0.190  -2.052   2.367  -0.035   0.986  -4.035   0.285   0.902   0.509  -0.037   0.710   1.679   0.573  -0.530 
  8 A   3.200  -3.495  -2.701  -3.849  -2.031  -1.467  -0.000  -2.908  -3.096  -0.367   0.101  -3.187  -0.114  -1.475   2.440   1.011   1.245  -2.593  -2.385   0.969 
  9 A  -4.484  -6.982  -7.401  -8.015  -6.868  -6.689  -7.233  -7.877  -4.573  -2.327   0.863  -7.073   5.470   5.722  -7.852  -6.740  -6.294   0.097   5.642  -3.393 
