#HLA-B0808

Last position-specific scoring matrix computed       
            A       R       N       D       C       Q       E       G       H       I       L       K       M       F       P       S       T       W       Y       V 
  1 A  -4.425  -1.967   0.773  -4.344  -3.811  -3.744  -0.727  -7.494   0.585  -2.375   0.042  -5.451   6.132   4.298  -7.633   0.136  -1.328   2.682   3.105  -4.920 
  2 A   2.499  -6.017  -4.593  -7.239  -6.588  -2.391  -6.608  -4.276  -3.549  -0.275   1.569  -5.430   3.599  -0.741   5.367  -0.481  -2.360  -1.003  -4.739  -0.786 
  3 A  -0.524   4.523  -0.845  -3.358  -6.269  -1.353  -3.055  -3.924   1.167  -0.865  -0.373   1.949   2.910   0.186  -4.965  -0.500  -3.051   0.898   1.437  -3.136 
  4 A   0.987   1.849  -0.632  -2.837  -3.440   1.220   0.536  -3.026   1.021  -1.161  -0.328   0.804   2.267  -0.148   0.073   0.181  -0.722   1.172   1.230  -2.169 
  5 A  -2.975   5.790  -2.894  -5.543  -4.020  -2.893  -4.722  -4.126   3.605  -1.069  -2.805   2.347  -1.625   0.199  -3.757  -3.101  -1.769  -0.397   1.352  -3.113 
  6 A  -0.716   2.571   0.500  -3.515  -2.830  -0.765  -3.358  -1.404   1.846   0.230  -1.017  -1.310  -2.519   2.981  -0.380   0.272   0.311   1.449   0.742  -0.574 
  7 A   1.246  -1.188  -0.046  -5.669  -0.551  -1.013  -3.953  -3.607   2.231  -1.216   1.633  -4.366   1.659   0.634  -2.563   1.071   0.542   1.689   2.426  -0.062 
  8 A   3.292  -3.536  -3.169  -3.858  -3.267  -1.763   0.515  -4.634  -1.932  -1.029  -3.480  -3.498  -1.828  -2.756   4.626   2.905   0.349  -5.736  -4.541  -0.419 
  9 A  -4.428  -7.544  -8.345  -8.608  -6.359  -7.344  -7.962  -8.615  -7.948   3.106   4.949  -7.543   0.789  -2.017  -7.972  -7.371  -5.710  -7.030  -6.138   1.700 
