#HLA-B1508

Last position-specific scoring matrix computed       
            A       R       N       D       C       Q       E       G       H       I       L       K       M       F       P       S       T       W       Y       V 
  1 A  -5.190  -4.481  -2.362  -4.733  -5.343  -3.833  -0.875  -7.750   1.304  -1.674   0.383  -6.334   5.824   4.526  -7.761  -0.344  -2.064   2.858   4.297  -3.546 
  2 A   3.625  -6.844  -6.749  -7.130  -6.126  -2.045  -6.490  -5.654  -7.169   0.449  -0.145  -6.360   2.298  -5.999   2.215   0.547   2.376  -7.604  -6.691   2.502 
  3 A   2.048   2.229   1.002  -6.311  -4.560  -2.743  -4.482  -5.862   0.112   2.044  -2.667  -0.880   1.517   1.258  -4.936   0.699  -1.161  -4.108   1.491   0.763 
  4 A   1.012  -2.533   0.955   1.469  -1.332   1.353   0.686  -0.134   0.737  -3.744  -3.410  -0.059   0.374  -1.006   1.031   2.001  -0.072   1.017   1.097  -3.006 
  5 A   1.130  -0.505  -0.033  -0.888  -3.063  -1.528  -2.418   0.574   2.572  -1.081  -0.426  -2.254  -1.414   0.844   1.021   1.948   1.296  -1.555   0.334  -2.659 
  6 A  -0.451  -0.369  -1.225  -1.188  -2.221  -3.249  -3.899   1.522  -1.751   0.058  -0.528  -4.696  -1.211   0.047  -1.802   2.266   3.187  -1.253  -0.948   0.632 
  7 A   1.368  -1.462   1.643  -3.672  -0.810  -0.408  -1.936   0.115  -0.212  -1.469   0.817  -3.527  -0.422  -2.360   0.278   2.747   1.832  -5.525  -2.794  -1.375 
  8 A   4.165  -4.579  -2.746  -5.340  -4.913  -4.215  -0.522  -3.087  -0.711  -3.234  -3.023  -4.031  -3.559  -3.222   4.530   2.316  -0.393  -7.835  -4.951   0.513 
  9 A  -7.018  -7.470  -7.746  -8.358  -7.387  -7.284  -7.690  -8.204  -5.655  -5.158  -3.423  -7.615   5.756   7.072  -8.408  -7.151  -6.791  -4.411   4.777  -5.647 
