#HLA-B4039

Last position-specific scoring matrix computed       
            A       R       N       D       C       Q       E       G       H       I       L       K       M       F       P       S       T       W       Y       V 
  1 A   0.461   4.360  -2.407  -6.799  -2.343  -2.733  -4.993   0.610  -0.372  -1.936  -1.523   1.562   1.703   0.019  -7.065   0.755  -2.897   3.651   1.577  -3.452 
  2 A  -6.019  -5.260  -5.442  -2.384  -8.660   0.582   7.928  -7.300  -5.183  -8.389  -8.001  -4.397  -7.023  -8.185  -6.373  -5.260  -6.098  -7.651  -7.046  -7.604 
  3 A  -1.581  -1.528  -0.684  -5.988  -5.269   0.203  -4.096  -7.160  -0.505   0.679   1.590  -3.643   4.507   3.226  -7.703  -1.382  -2.591   4.755   3.246  -1.690 
  4 A   1.361  -1.293   0.705   0.214   0.201   0.292   1.391   0.094   0.119  -1.173  -0.389  -2.226   0.067   0.154  -0.129   0.615  -0.358  -0.673   0.508  -1.593 
  5 A   0.524  -0.657  -2.010  -2.277  -2.260  -2.151  -1.760   0.846   1.378   0.692   0.909  -1.978   0.235   1.725  -1.981   0.061  -0.325  -1.172   1.503   0.079 
  6 A   0.973   0.901  -0.376  -1.844  -1.646   0.118  -2.677  -0.492   1.255  -0.465   0.565  -1.359  -2.029   2.170  -2.096   1.138   0.102   0.733  -1.277  -0.395 
  7 A  -0.334  -3.112  -0.687  -2.942  -1.464   0.367  -0.396  -3.104   0.291   0.553   0.659  -3.120  -0.050   1.677   1.003   0.150   1.186   1.573   2.324   0.455 
  8 A   2.952  -3.218  -1.751  -3.721  -5.067  -0.165  -0.096  -1.915  -1.924  -1.653  -2.185  -3.107  -1.304  -2.326   4.637   1.693   1.088  -2.491  -2.434  -0.311 
  9 A  -2.157  -7.479  -8.237  -8.520  -6.380  -7.254  -7.866  -8.416  -7.798   2.872   4.864  -7.464   2.180  -0.387  -7.914  -6.295  -4.338  -4.223  -5.964   0.807 
