#HLA-B2715

Last position-specific scoring matrix computed       
            A       R       N       D       C       Q       E       G       H       I       L       K       M       F       P       S       T       W       Y       V 
  1 A  -1.163   5.646  -2.917  -6.778  -2.948  -3.374  -5.636  -1.982   2.083  -4.609  -2.392   1.949   0.941  -0.849  -7.108   0.061  -5.361   3.480   2.646  -5.877 
  2 A  -6.600   8.084  -5.580  -6.712  -8.514   0.464  -5.156  -7.478  -5.457  -8.242  -7.347  -2.851  -6.512  -8.052  -7.158  -5.847  -6.242  -7.495  -6.906  -7.624 
  3 A  -2.898  -0.240  -1.738  -7.816  -6.234  -1.009  -7.062  -6.936  -0.846   0.668   0.614  -3.883   2.077   4.940  -8.056  -3.424  -4.792   6.113   4.187  -2.561 
  4 A   1.666   1.556   0.380  -1.693  -2.061   0.549  -0.845   0.661   0.721  -2.103  -0.237  -1.154  -0.138  -2.551  -0.056   1.044  -0.192   1.419   1.094  -2.072 
  5 A  -0.799   2.122  -0.583  -2.701  -3.804  -0.080  -3.055  -0.653   1.394  -0.180   0.696  -0.110   0.562   1.330  -1.067  -0.297   0.479   1.678   1.308  -0.817 
  6 A   1.139   2.252  -0.588  -4.268  -2.749   0.196  -3.835  -1.551  -1.380  -0.174   1.369  -1.993  -1.289   0.685  -0.069   1.174   1.197   1.157  -1.929  -1.493 
  7 A   0.055  -0.576  -0.805  -4.264  -1.273  -0.192  -2.729  -0.912   0.179  -0.455   1.606  -2.491   0.154  -0.419   0.193   1.837   1.421   0.882   0.649  -0.031 
  8 A   1.795  -0.272  -1.444  -4.831  -2.999  -0.322  -1.360  -0.914  -1.725  -2.459   0.492  -1.485  -1.068  -1.324   2.882   2.147   1.663  -2.942  -1.090  -0.335 
  9 A  -0.634  -0.608  -6.802  -7.961  -6.725  -5.377  -7.097  -6.601  -1.251   2.073   3.211  -0.189   3.354   2.254  -6.185  -5.295  -3.950  -3.191   2.508  -0.157 
