#B3548

Last position-specific scoring matrix computed       
            A       R       N       D       C       Q       E       G       H       I       L       K       M       F       P       S       T       W       Y       V 
  1 A  -5.127  -5.793  -0.040  -2.925  -2.702  -2.339  -0.956  -6.472  -0.893  -0.377   1.375  -6.371   5.379   3.474  -7.335  -1.667  -0.222   3.085   3.979  -2.105 
  2 A   3.013  -6.657  -6.546  -6.441  -6.567  -6.048  -5.895  -5.834  -6.731  -5.344  -6.120  -5.753  -3.522  -7.829   7.969  -2.046  -2.053  -8.572  -7.085  -2.273 
  3 A   2.203  -4.051   0.993  -3.702  -2.792  -1.216  -2.062  -3.299  -1.124   0.932  -0.433  -5.028   2.099   1.533  -4.998   0.437  -0.297   1.791   2.258   1.341 
  4 A   1.545  -2.233  -0.106  -0.045  -1.495   0.463   1.198   0.154  -0.251  -2.457  -1.620  -1.113   0.430  -0.421   1.383   0.816   0.211   2.413   0.564  -0.682 
  5 A   1.361  -2.654  -0.324  -0.558   0.078  -0.972  -0.980   0.062   1.193  -0.597  -0.283  -2.370   0.193   1.429  -0.735   0.731   0.325   1.569   0.129   0.323 
  6 A   0.719  -1.408  -0.633   0.660  -1.343  -0.063  -1.616   0.905   0.178  -1.136  -1.818  -2.355   0.065   0.250  -0.160   1.385   2.240   1.688  -0.275  -0.248 
  7 A   1.227  -2.240  -0.719  -1.939  -0.520  -1.592  -0.581  -1.792   0.793   0.538   1.443  -4.239   0.712   1.106   0.426  -0.395   0.818   1.430  -0.047  -0.260 
  8 A   3.535  -3.882  -3.354  -4.764  -2.401  -2.315   0.285  -2.311  -2.769  -0.792  -0.457  -3.302  -0.932  -1.985   3.554   0.828   0.826  -2.600  -2.967   0.623 
  9 A  -5.760  -6.873  -7.254  -7.943  -7.006  -6.520  -7.103  -7.850  -4.180  -4.631  -1.024  -6.957   5.764   5.637  -7.796  -6.663  -5.868  -1.527   6.619  -5.026 
