#HLA-B2714

Last position-specific scoring matrix computed       
            A       R       N       D       C       Q       E       G       H       I       L       K       M       F       P       S       T       W       Y       V 
  1 A  -1.013   5.907  -2.903  -6.727  -2.414  -3.799  -5.246  -2.697   1.376  -4.429  -2.566   2.373   1.461  -1.382  -7.036  -0.339  -3.710   1.995   1.871  -5.600 
  2 A  -6.623   8.174  -5.592  -6.757  -8.525  -2.369  -5.238  -7.501  -5.478  -8.255  -7.348  -3.071  -6.539  -8.038  -7.178  -5.870  -6.258  -7.496  -6.921  -7.636 
  3 A  -2.073  -3.257  -1.853  -7.191  -5.343  -0.820  -6.617  -7.821  -0.388   1.149   1.448  -5.507   2.808   4.338  -7.998  -2.559  -3.864   6.181   3.817  -2.093 
  4 A   1.958   1.186   0.470  -2.064  -1.296   0.479  -0.923   1.008  -0.409  -1.408   0.257  -1.238   0.077  -2.578  -0.666   0.861   0.061   0.866   0.047  -2.478 
  5 A  -0.336   0.541  -1.930  -3.802  -2.758  -0.130  -3.034  -0.534   0.085   0.779   1.075  -1.867   1.178   1.790  -2.763  -0.315   0.484   2.002   1.108   0.823 
  6 A   1.312   1.935  -0.977  -4.090  -3.044  -0.032  -2.492  -0.673  -1.916   0.230   1.192  -2.829  -1.801   1.339   0.862   0.689  -0.201   1.980  -2.217  -0.920 
  7 A   0.405  -1.597  -1.718  -2.620  -1.815  -1.024  -1.512  -2.708  -0.107   0.156   1.658  -3.136   1.119   1.681  -0.455   0.740   0.655   0.912   1.861   0.162 
  8 A   1.751  -0.679  -0.952  -4.622  -2.010   0.260  -1.521  -0.875  -2.320  -1.965   1.082  -1.360  -1.186  -0.901   2.699   1.740   1.009  -0.970  -0.854  -0.690 
  9 A   2.362   0.859  -5.133  -7.348  -4.456  -4.566  -6.394  -4.879  -4.752   2.238   1.896   2.378   1.525  -2.222  -5.339  -2.724  -2.248  -7.265  -3.730   1.358 
