#HLA-B5309

Last position-specific scoring matrix computed       
            A       R       N       D       C       Q       E       G       H       I       L       K       M       F       P       S       T       W       Y       V 
  1 A  -5.601  -5.292  -0.741  -2.934  -0.340  -3.116  -1.067  -6.854   0.950   0.870   0.409  -5.974   5.550   3.705  -7.707  -1.522  -0.593   2.985   3.613  -2.372 
  2 A   3.548  -5.932  -5.895  -3.252  -6.964   0.848   2.568  -5.506  -4.079  -7.322  -6.994  -3.683  -0.602  -6.658   6.663  -0.519  -3.726  -8.356  -7.184  -6.637 
  3 A   0.293  -6.424   1.014  -3.309  -2.246  -1.665  -3.564  -4.748  -1.680   1.435   0.735  -6.290   2.798   3.170  -6.677   0.508  -1.062   3.611   2.432   0.129 
  4 A   1.991  -2.911  -0.426   0.290  -0.209  -0.649   1.270  -1.015  -1.357  -1.965  -0.867  -1.818  -0.040  -0.367   1.982   0.984  -0.237   2.171  -0.255  -0.282 
  5 A   0.231  -1.984  -1.064  -0.690  -0.824  -1.030  -0.871  -0.562  -0.347   1.001   0.509  -4.631   0.890   1.492  -1.381   0.493  -0.251   1.883  -0.549   1.548 
  6 A   2.084  -2.141  -0.682   0.429  -1.259  -1.324  -2.888  -0.672   0.177  -1.501  -1.023  -3.930  -2.814   0.584  -0.338   1.587   2.533   0.872  -0.319   0.500 
  7 A   0.356  -4.646  -0.168  -1.525   0.109  -1.246  -0.688  -6.094   1.839  -0.730   1.373  -4.280  -0.247   2.946  -0.023   0.180   0.174   2.481   1.859  -0.614 
  8 A   2.185  -2.807  -1.376  -4.815  -3.623  -0.503  -0.118  -2.676  -2.136   0.171  -0.487  -2.680  -0.656  -0.569   2.729   1.681   2.146  -5.498  -2.188   0.648 
  9 A  -7.301  -7.698  -7.908  -8.507  -7.758  -7.721  -7.827  -8.174  -5.723  -1.691  -3.667  -7.900  -0.074   6.889  -8.762  -7.418  -7.081   7.539   4.763  -6.023 
