#HLA-B5147

Last position-specific scoring matrix computed       
            A       R       N       D       C       Q       E       G       H       I       L       K       M       F       P       S       T       W       Y       V 
  1 A  -5.858  -6.109  -1.000  -3.917   0.307  -3.960  -1.241  -7.914  -0.545   0.726   2.494  -6.518   4.096   3.905  -7.767  -2.719   0.048   0.662   2.678  -0.938 
  2 A  -2.033  -7.158  -7.025  -6.759  -7.612  -6.563  -6.300  -7.109  -7.165  -7.898  -8.008  -6.133  -7.650  -8.822   8.989  -3.961  -5.714  -9.691  -7.748  -7.520 
  3 A   0.449  -5.839   0.231   0.249  -4.160  -0.446   0.059  -3.186  -1.317   0.425   0.460  -5.659   2.378   1.781  -0.976   0.018  -0.430   2.648   2.815   0.045 
  4 A   0.897  -2.025  -1.959   0.717  -1.651  -0.757   1.493  -1.621  -0.939   0.186   0.708  -2.798   0.206   0.505   1.494   0.625  -0.148   1.535  -1.136  -0.709 
  5 A   0.033  -1.695  -1.417  -0.743  -1.817  -1.012   0.136  -2.066  -1.409   1.812   0.083  -3.686   1.033   0.879  -0.535   0.454  -0.141   2.539  -0.379   1.641 
  6 A   1.524  -2.730  -1.043  -0.240  -1.618  -0.547  -2.709  -1.548  -0.123  -0.025   0.704  -3.257  -0.743   1.582   0.763   0.701   0.959   1.169  -0.027   0.357 
  7 A  -0.558  -4.176   0.386   0.467  -0.223  -1.103   0.750  -5.378   1.893   0.205   0.313  -4.225   0.648   2.149   0.358  -1.225  -1.303   1.902   1.793   1.136 
  8 A   0.880  -1.228  -0.963  -2.879  -2.243   0.699   0.376  -2.170  -1.081   0.851   0.608  -1.823   0.950   0.066   1.287   0.804   1.200  -0.438  -0.922  -0.153 
  9 A  -5.313  -7.996  -8.306  -8.424  -6.399  -7.659  -8.153  -8.032  -8.090   6.235   0.782  -7.680  -0.322  -0.139  -7.975  -7.377  -5.894  -0.693  -5.975   2.001 
