#HLA-B5516

Last position-specific scoring matrix computed       
            A       R       N       D       C       Q       E       G       H       I       L       K       M       F       P       S       T       W       Y       V 
  1 A  -4.318  -3.236  -0.111  -6.456  -2.056  -5.434  -4.449  -6.879   0.471  -0.277   2.030  -6.467   5.005   4.376  -7.813  -1.328  -0.849   1.853   3.023  -2.149 
  2 A  -2.917  -6.639  -7.055  -6.771  -7.656  -6.581  -6.314  -7.164  -7.179  -7.383  -8.012  -6.138  -7.667  -8.842   9.034  -5.551  -5.746  -9.733  -7.762  -7.114 
  3 A   0.637  -1.865   0.266  -1.389  -3.388  -1.028  -2.320  -4.071  -0.493   0.487   0.339  -3.033   2.708   2.312  -4.386  -0.174  -0.805   3.943   3.447  -0.384 
  4 A   0.774  -0.766  -0.900  -1.943  -0.970  -0.035  -0.725  -0.819  -0.951   0.265   1.387  -2.296   1.478  -0.501   0.654   0.912  -0.903   2.078  -0.707   0.145 
  5 A  -0.197   0.143  -2.449  -3.810  -2.495  -1.602  -1.455  -1.884   0.254   2.038   0.619  -1.361   1.182   1.956   0.170  -0.872  -1.073   1.995   0.160   1.120 
  6 A   1.097   0.850  -1.036  -2.462  -1.456  -0.615  -2.602  -0.369  -0.114  -0.250  -0.171  -2.782  -2.998   2.272   0.253   1.198   0.663   1.431  -0.524   0.333 
  7 A   0.266  -2.912  -0.303  -0.900  -0.322  -2.361  -1.776  -3.569   0.932   0.891   0.624  -4.967   0.968   2.627  -1.747  -0.231  -1.073   0.790   3.030   0.926 
  8 A   3.064  -2.843  -1.911  -4.198  -3.280  -1.560  -0.434  -3.467  -2.136  -0.227  -0.326  -3.448  -0.111  -0.633   3.967   0.995   0.563  -1.998  -1.077  -0.292 
  9 A   4.481  -7.186  -7.361  -7.586  -4.663  -5.022  -6.881  -5.932  -7.375   2.885  -0.741  -6.709   0.782  -1.507  -6.890  -3.017  -1.432  -7.325  -3.716   3.169 
