#HLA-B4504

Last position-specific scoring matrix computed       
            A       R       N       D       C       Q       E       G       H       I       L       K       M       F       P       S       T       W       Y       V 
  1 A   1.845   2.364  -0.809  -6.876  -1.289  -1.914  -5.230   0.351  -0.413  -0.668   0.127  -0.702   2.916   0.622  -7.059   1.022  -1.342   2.462   0.793  -2.102 
  2 A  -6.013  -5.298  -5.471  -3.687  -8.680  -3.320   8.062  -7.328  -5.190  -8.410  -8.023  -4.407  -7.077  -8.170  -6.360  -5.260  -6.109  -7.650  -7.061  -7.611 
  3 A   0.947  -4.432   0.808  -4.391  -5.856  -0.941  -3.373  -6.410  -0.873   1.123   0.751  -5.215   4.662   2.369  -7.395   0.400  -3.009   3.040   3.299  -1.218 
  4 A   1.516  -1.588   0.030   0.558  -0.101   1.732   1.523  -0.634  -0.181  -2.137  -0.232  -2.371  -0.577  -1.797  -0.829   1.602   0.477  -1.976  -0.285  -0.917 
  5 A   0.751  -2.002  -3.937  -2.025  -2.766  -2.930  -2.174   0.530   0.914   0.233   1.432  -3.492   0.430   3.194  -1.874  -1.227  -0.137   0.934   2.017  -0.849 
  6 A   1.171   0.057  -0.444  -2.129  -0.434   0.030  -2.479   0.016   0.269  -0.769   0.140  -3.586  -1.182   2.485  -2.713   1.748   0.341   0.573  -1.669   0.205 
  7 A  -0.573  -3.785   0.062  -2.926  -0.441  -0.281   0.086  -2.720   0.988   0.855   1.119  -4.617   0.825   1.344   0.479   0.101   0.730   1.182   1.256   0.583 
  8 A   2.924  -4.556  -2.371  -4.814  -4.487  -0.419   0.294  -3.585  -2.364  -1.437  -0.378  -3.285  -1.735  -1.641   4.497   1.207   0.725  -3.008  -3.255   0.562 
  9 A   4.902  -7.141  -7.350  -7.544  -5.913  -6.588  -6.811  -6.370  -7.396   2.640  -0.535  -6.635   1.063  -4.254  -6.784  -4.307  -1.507  -7.478  -5.872   2.979 
