#HLA-B0710

Last position-specific scoring matrix computed       
            A       R       N       D       C       Q       E       G       H       I       L       K       M       F       P       S       T       W       Y       V 
  1 A   0.435   3.270  -0.943  -6.856  -3.087  -4.052  -5.163  -2.172   1.285  -0.370  -0.045  -0.450   3.023   0.695  -7.112   1.828  -1.112   2.387   2.282  -2.577 
  2 A  -3.539  -7.174  -7.082  -6.812  -7.604  -4.984  -6.341  -7.217  -7.198  -5.472  -5.511  -6.171  -4.031  -8.622   8.937  -5.592  -5.734  -9.603  -7.696  -3.557 
  3 A   1.938   3.650  -0.583  -5.267  -6.016   0.092  -2.893  -3.696   1.355  -0.934  -1.712  -3.520   1.496   1.810  -6.384   0.178  -0.725   1.804   2.330  -0.888 
  4 A   1.257   0.303  -0.404  -0.811  -3.095   0.949  -0.820  -0.388   1.515  -2.181  -0.813   0.429   0.890  -1.148   1.842   1.130  -0.038   1.651   0.080  -1.816 
  5 A   1.025   0.877   0.517  -2.515  -2.791  -0.233  -3.441   0.321   2.276  -0.953  -0.625  -0.716   0.596  -0.291   1.801   0.679   0.498   0.007   0.386  -1.203 
  6 A   1.424   2.815  -1.285  -2.859  -3.388   0.433  -3.519   1.535  -0.306  -2.733  -1.095  -0.328  -3.187  -1.468  -0.411   1.847   1.569  -0.709  -2.211  -1.584 
  7 A   1.214   1.081   0.671  -3.548  -2.465  -1.622  -2.318   0.004   0.369  -1.031   0.490  -2.183  -0.927  -2.736  -0.920   2.713   2.172  -2.933  -1.212  -1.430 
  8 A   3.481  -2.234  -3.213  -5.375  -4.418  -1.185  -0.876  -3.153  -3.781  -2.081  -2.159  -3.830  -1.443  -3.017   4.279   2.459   0.787  -3.031  -3.858   0.717 
  9 A  -2.517  -7.362  -8.198  -8.526  -6.350  -7.092  -7.770  -8.389  -7.713   0.782   4.879  -7.389   4.125  -0.515  -7.900  -7.133  -5.061  -6.890  -5.962   2.050 
