#HLA-B1813

Last position-specific scoring matrix computed       
            A       R       N       D       C       Q       E       G       H       I       L       K       M       F       P       S       T       W       Y       V 
  1 A  -3.567  -3.723   1.580   2.404  -3.173  -2.175   1.821  -5.101   0.078  -1.490  -0.215  -5.757   3.522   2.142  -7.235   0.308  -0.071   3.034   3.289  -3.804 
  2 A  -6.013  -5.304  -5.477  -3.698  -8.674  -3.108   8.044  -7.327  -5.197  -8.407  -8.022  -4.413  -7.078  -8.174  -4.276  -5.263  -6.109  -7.657  -7.064  -7.611 
  3 A   0.277  -1.424  -0.064  -2.732  -4.095   0.018  -1.754  -4.939  -0.927   1.930   1.012  -2.767   2.485   1.256  -2.758   0.555  -0.775   1.681   1.595   0.625 
  4 A   0.561  -2.972  -0.076   1.266  -0.604   0.515   2.592  -0.050   0.798  -1.713  -1.356  -1.191  -0.167  -0.636   0.507   1.037  -0.909   2.076   0.076  -1.778 
  5 A   1.395  -0.646   0.456   0.256  -3.374  -2.112  -1.304   0.081   0.850   0.722   0.098  -2.208   0.204   1.249  -1.829   0.050  -0.311  -1.206   0.852  -0.328 
  6 A   0.441   0.867  -0.170  -0.168  -3.402  -0.588  -2.765  -0.173   1.132  -0.364   0.173  -1.030  -1.200   2.013  -1.957   1.255   0.579   0.577  -0.009  -1.019 
  7 A   0.317  -1.734   0.137  -2.419  -1.648   0.908  -0.592  -2.860   1.206   0.644   0.204  -3.055   0.029   1.438   0.812   0.790   0.620   0.421   1.815  -0.211 
  8 A   3.208  -3.879  -0.949  -4.069  -4.480  -0.666   0.388  -2.120  -3.082  -1.552  -1.492  -2.648  -2.172  -2.180   3.936   1.671   0.954  -4.454  -1.776   0.127 
  9 A  -5.954  -7.436  -7.836  -8.416  -7.178  -7.242  -7.702  -8.293  -4.614  -2.045   1.658  -7.560   4.789   6.182  -8.282  -7.199  -6.670  -2.583   4.895  -3.042 
