#HLA-B5104

Last position-specific scoring matrix computed       
            A       R       N       D       C       Q       E       G       H       I       L       K       M       F       P       S       T       W       Y       V 
  1 A  -6.589  -6.615  -1.748  -6.572  -0.456  -4.667  -1.908  -8.044   0.015   0.569   2.241  -7.112   4.495   4.442  -7.931  -4.835  -0.681   2.607   3.465  -1.898 
  2 A  -3.784  -7.183  -7.063  -6.770  -7.688  -6.591  -6.317  -7.191  -7.185  -7.941  -8.048  -6.145  -7.702  -8.875   9.072  -5.889  -6.143  -9.774  -7.777  -7.597 
  3 A   1.104  -5.433   0.850   0.215  -4.143  -0.115  -0.479  -2.744  -0.268   0.344  -0.219  -5.304   1.847   1.227  -3.097   0.479   0.101   2.211   3.094   0.135 
  4 A   1.044  -1.908  -1.351   0.322  -2.516  -0.477   1.296  -2.081   0.186  -0.436   0.173  -2.080   0.281   0.679   1.690   0.834   0.007   2.175  -0.999  -0.363 
  5 A   0.535  -1.596  -1.227  -1.276  -1.441  -0.707  -0.091  -1.125  -1.925   1.358   0.044  -3.364   1.531   0.246  -0.781   0.817   0.250   2.083  -0.059   1.410 
  6 A   1.871  -2.461  -0.711   0.072  -1.434  -1.001  -2.233  -1.025  -0.335  -0.583   0.154  -2.512  -0.654   0.315   0.875   0.922   1.786   1.016  -0.508   0.218 
  7 A  -0.015  -4.832   0.442  -0.320  -0.842  -0.435   0.020  -3.648   2.271  -0.484   0.733  -3.696   0.731   1.894  -0.016   0.147  -0.314   1.312   0.773   1.039 
  8 A   0.791  -1.077  -0.867  -3.566  -1.622   0.468   0.579  -2.732  -1.076   0.814  -0.531  -1.971   0.550  -0.231   1.541   1.539   1.870  -1.258  -0.828   0.333 
  9 A  -6.194  -7.862  -8.283  -8.477  -6.538  -7.597  -8.107  -8.631  -7.747   5.543   2.183  -7.683   1.726   2.388  -8.088  -7.427  -6.086   1.891  -3.529   0.576 
