#HLA-B1309

Last position-specific scoring matrix computed       
            A       R       N       D       C       Q       E       G       H       I       L       K       M       F       P       S       T       W       Y       V 
  1 A   1.146   3.178  -3.636  -7.086  -1.670  -2.019  -5.485  -0.683  -0.878  -1.288  -0.335   0.827   3.528   1.788  -7.174   0.268  -3.334   2.952   2.106  -2.210 
  2 A  -2.852  -4.428  -5.358   0.291  -8.127   6.760   5.760  -7.011  -5.185  -6.371  -5.724  -3.827   1.788  -7.961  -6.541  -2.742  -5.224  -7.550  -6.768  -7.090 
  3 A  -2.341  -5.114  -1.967  -7.198  -7.035  -2.465  -5.533  -7.334  -2.203   0.545   1.251  -6.595   4.930   4.204  -7.045  -1.653  -4.011   5.455   4.052  -1.506 
  4 A   1.664  -1.701   0.501   1.917  -0.718  -0.041   1.885   0.072  -0.403  -2.438  -0.606  -2.599  -0.490  -1.264   0.276   0.701  -0.038  -0.459  -0.869  -1.698 
  5 A   0.546  -3.223  -3.360  -2.934  -2.024  -3.934  -3.581   0.531   0.166   0.388   1.499  -3.687   0.173   3.244  -1.188   0.325  -0.682   0.774   1.352   0.159 
  6 A   0.477  -1.620  -0.596  -1.878  -1.822  -0.950  -4.166   0.720   0.344   0.353   0.508  -4.649  -1.147   3.222  -3.326   1.536   0.149   1.181  -2.208   0.231 
  7 A  -0.890  -4.640  -0.288  -1.772  -1.654   0.083  -1.058  -4.254   1.063   1.096   0.054  -4.061  -0.271   2.350   2.287  -0.210   1.082   1.451   1.958   0.369 
  8 A   2.655  -4.865  -2.006  -5.384  -5.091  -1.833  -0.895  -2.384  -4.173  -2.076  -1.194  -3.898  -2.430  -1.978   5.680   1.633   0.763  -3.034  -1.941  -0.643 
  9 A   1.666  -7.450  -7.944  -8.171  -6.197  -7.044  -7.527  -7.706  -7.737   3.686   2.720  -7.207   3.176  -1.546  -7.531  -6.461  -3.950  -7.175  -6.191   3.038 
