#HLA-B4813

Last position-specific scoring matrix computed       
            A       R       N       D       C       Q       E       G       H       I       L       K       M       F       P       S       T       W       Y       V 
  1 A   1.123   4.521  -4.158  -5.994  -3.157  -1.628  -5.502  -0.216  -0.378  -1.855  -2.080   1.923   1.965   0.267  -7.053  -0.006  -4.046   4.123   0.858  -2.655 
  2 A  -4.896  -3.015  -5.394  -3.196  -8.000   8.620   1.589  -6.973  -5.025  -6.837  -3.647  -1.623   2.522  -7.932  -6.066  -5.071  -5.832  -7.408  -6.484  -6.897 
  3 A  -0.904  -1.898  -2.024  -3.776  -6.999  -0.772  -5.303  -6.406  -0.063  -0.435   1.642  -4.011   4.313   3.505  -6.868  -1.383  -2.602   4.720   3.748  -1.065 
  4 A   1.404  -1.975  -0.030   1.311  -0.861  -1.117   1.699   0.572   0.017  -1.903  -0.539  -1.147  -0.158  -0.996   1.251   0.477  -0.309   0.547   0.206  -2.385 
  5 A   0.529   0.193  -2.004  -2.392  -0.570  -1.591  -3.160   1.103   0.450  -0.155   0.858  -1.790   0.312   1.438  -1.723   0.426  -0.323   1.318   1.543  -0.118 
  6 A   0.809   0.859  -0.302  -1.917  -2.761  -0.504  -1.958   0.471   0.609  -0.112  -0.050  -2.433  -0.918   1.116  -1.145   1.427   1.032   1.980  -1.893  -0.169 
  7 A  -0.444  -1.181  -0.271  -2.561  -1.296   0.676  -1.469  -2.699   1.323   0.448   0.088  -3.474  -0.389   1.862   1.793   0.397   1.285  -1.187   1.311   0.613 
  8 A   2.866  -2.950  -1.365  -3.719  -5.066  -0.413  -0.298  -2.129  -2.575  -1.859  -1.352  -4.173  -3.199  -2.588   4.833   1.990   1.023  -2.503  -3.066  -0.552 
  9 A  -2.542  -7.450  -8.297  -8.585  -6.369  -7.244  -7.880  -8.475  -7.825   2.112   5.155  -7.476   2.144  -1.079  -7.939  -7.263  -5.748  -6.939  -6.040   1.040 
