#HLA-B5806

Last position-specific scoring matrix computed       
            A       R       N       D       C       Q       E       G       H       I       L       K       M       F       P       S       T       W       Y       V 
  1 A  -2.999  -6.733  -0.729   4.891  -6.641  -2.550   0.547  -1.998  -5.031  -7.997  -7.427  -5.019  -7.607  -7.587   7.049  -3.664  -4.560  -8.908  -5.454  -6.216 
  2 A  -6.462   3.049   0.856   5.702   0.209  -3.494   1.405  -4.210  -0.461  -8.125  -8.045   3.196  -7.205  -7.363  -3.876  -5.442  -6.103  -8.087  -5.248  -7.367 
  3 A  -1.097  -1.777  -2.009   2.585  -1.064  -0.409   4.155   0.438  -3.566  -2.924  -2.298   0.744  -5.101  -7.736   3.427  -1.287   0.310  -4.593  -7.207  -3.754 
  4 A  -1.531   0.071   0.735   2.194  -2.858   0.043   1.361   0.696  -1.328  -0.051  -1.140   0.712  -1.978  -2.383   0.008  -0.163  -0.206  -0.982  -0.397  -0.113 
  5 A  -1.437   0.170  -1.085   2.098  -3.202   1.257   3.034  -0.814  -2.679  -1.794   0.172   1.977  -4.235  -2.329   1.546  -1.069  -0.555  -4.447  -2.644  -2.688 
  6 A  -0.592   0.425  -0.860   0.393  -2.367   0.204   3.172   0.376  -2.668  -1.540  -1.972   3.029  -0.758  -3.204   0.026  -0.388  -1.966  -1.303  -2.453  -0.935 
  7 A  -1.529   1.743  -0.466   1.948  -1.387  -1.174   1.668   0.969  -2.209  -2.022  -4.151   3.728  -2.789  -4.280   0.404  -1.375  -0.675  -5.639  -2.146  -1.681 
  8 A  -0.057   0.419  -0.906   3.550   0.625  -1.063   0.918   0.616  -2.720  -1.293  -0.586   2.459  -0.879  -1.659  -1.927  -2.751  -4.514  -0.724  -1.785  -2.209 
  9 A  -5.623  -0.668   2.231   4.444  -5.163   0.912   4.969  -1.406  -4.499  -8.217  -8.158  -3.683  -7.280  -8.258   2.733  -1.483  -2.528  -8.150  -7.403  -7.739 
