#HLA-B1588

Last position-specific scoring matrix computed       
            A       R       N       D       C       Q       E       G       H       I       L       K       M       F       P       S       T       W       Y       V 
  1 A  -4.589  -3.490  -2.627  -5.632  -4.703  -1.901  -2.527  -6.819   0.813  -0.500   0.182  -4.819   5.952   4.118  -7.716  -0.099  -0.776   3.857   3.844  -3.258 
  2 A   4.301  -6.522  -6.637  -7.000  -6.124   1.566  -5.148  -4.472  -5.908  -0.952   0.308  -6.079   4.515  -5.949  -0.812   1.226   0.206  -7.426  -6.598   0.902 
  3 A   1.208   0.195   0.452  -6.146  -3.705  -0.922  -4.865  -5.105   0.122   1.474  -0.251  -1.969   3.076   2.669  -5.975  -0.270  -2.868  -0.816   2.917   0.714 
  4 A   1.431  -2.829   0.041   1.436   0.093   0.440   1.555  -0.179  -0.171  -3.546  -2.240  -0.500  -0.188  -0.787   1.547   1.421  -0.402   1.533   0.493  -2.145 
  5 A   1.541  -1.649  -0.334  -0.195  -1.290  -1.936  -1.136   0.934   1.939  -1.346  -0.398  -2.801  -2.591   0.923  -0.422   2.182   0.636  -0.666   0.183  -1.594 
  6 A   0.581  -2.482  -0.090  -1.704  -2.002  -3.465  -2.483   1.676  -0.691  -0.814  -1.065  -4.725  -1.251   0.480  -0.496   2.696   2.791  -1.591  -1.548   0.063 
  7 A   0.701  -2.690   1.167  -3.794  -0.428  -0.194  -1.806  -1.798   0.690  -0.303   1.649  -3.352   0.058   0.948   0.436   1.724   0.898  -2.857  -0.579  -0.911 
  8 A   4.205  -4.596  -4.025  -6.058  -3.925  -3.408  -0.417  -2.705  -1.966  -2.987  -3.005  -4.617  -3.541  -3.580   4.430   2.032   0.594  -7.859  -6.059   0.688 
  9 A  -7.107  -7.451  -7.641  -8.364  -7.685  -7.279  -7.595  -8.257  -4.853  -5.631  -4.448  -7.580   2.498   6.677  -8.334  -7.172  -6.954  -2.591   7.066  -6.027 
