#HLA-B4454

Last position-specific scoring matrix computed       
            A       R       N       D       C       Q       E       G       H       I       L       K       M       F       P       S       T       W       Y       V 
  1 A   1.465   2.537  -2.580  -6.800  -3.396  -1.700  -4.136   0.347  -1.333  -0.258  -0.093   2.115   2.316  -0.575  -6.943   0.898  -1.422   1.430   1.110  -2.119 
  2 A  -5.540  -4.730  -5.375  -0.021  -8.644   0.851   7.788  -7.257  -5.213  -8.377  -8.014  -3.887  -7.037  -8.196  -6.387  -5.264  -6.097  -7.683  -7.073  -7.617 
  3 A  -1.135  -3.201  -0.772  -6.979  -4.627  -0.785  -6.464  -6.768  -2.478   1.902   1.375  -3.283   4.382   2.947  -7.707  -0.933  -2.816   4.830   3.213  -0.829 
  4 A   1.945  -1.490   0.031   0.516  -1.294   1.110   1.265  -1.612   0.211  -1.474  -0.373  -1.052  -0.579  -1.245  -0.485   1.979   0.131  -0.968  -0.547  -1.775 
  5 A   0.599  -0.645  -1.891  -0.621  -1.842  -0.516  -0.034  -0.648   0.102  -0.218   1.066  -2.310   0.324   1.846  -2.569  -0.247   0.035   1.055   1.733  -0.005 
  6 A   2.194  -1.268  -1.577  -3.397  -1.088   0.086  -4.507  -0.310  -2.145   0.682   0.454  -3.347  -1.811   1.197  -1.235   1.387   1.893   0.720  -1.767  -0.181 
  7 A   0.010  -2.441  -2.528  -1.689  -1.854   0.956  -0.030  -3.565   0.708  -0.735   1.338  -1.877   0.664   2.256   1.483  -0.462  -0.279   1.456   2.114  -0.416 
  8 A  -0.186  -0.347  -0.285  -2.319  -7.056   2.070   0.831  -0.404  -0.403  -2.820   0.455  -0.979  -0.685  -1.152   2.699   1.636   0.670  -0.010  -0.359  -1.129 
  9 A  -6.327  -7.697  -8.071  -8.516  -7.252  -7.583  -7.900  -8.296  -6.445   2.918   0.697  -7.771   2.148   5.455  -8.531  -7.435  -6.693   7.390   2.927  -3.910 
