#HLA-B4434

Last position-specific scoring matrix computed       
            A       R       N       D       C       Q       E       G       H       I       L       K       M       F       P       S       T       W       Y       V 
  1 A   0.976  -0.378  -0.335  -6.259  -2.029  -0.017  -1.397  -0.538  -2.246  -0.126   0.606  -0.699   3.679   0.860  -7.076   1.442  -0.086   2.198   1.629  -2.113 
  2 A  -4.551  -5.299  -5.451  -1.979  -8.622  -0.964   7.943  -7.283  -5.207  -8.351  -7.970  -4.233  -4.796  -8.158  -6.369  -5.254  -6.097  -7.656  -7.058  -7.573 
  3 A   1.152  -4.233   0.243  -6.195  -5.039  -1.165  -5.534  -6.066  -2.788   2.308   0.518  -4.140   4.175   1.054  -7.311   1.167  -1.478   3.768   1.649   0.514 
  4 A   2.126  -3.155  -0.823   0.983  -1.282   0.231   1.459  -2.756   0.011  -1.235   0.344  -1.881   0.187  -0.819  -1.214   1.767  -0.169  -0.955  -0.012  -0.921 
  5 A   0.365  -0.145  -3.873  -1.169  -2.269  -0.199  -1.121  -1.144   0.622  -0.198   0.970  -2.318   0.816   2.280  -0.884  -0.670   0.029   0.609   2.034   0.473 
  6 A   2.002  -2.850  -1.771  -3.715  -1.582   0.153  -4.300  -0.156  -2.856   0.542   0.882  -3.517  -1.443   1.269  -1.679   1.948   2.046  -0.431  -2.250  -0.288 
  7 A   0.175  -2.581  -2.837  -2.854  -1.296   1.100  -0.395  -4.419   0.540  -0.442   1.681  -2.877   0.523   2.760   0.802  -0.218   0.308   0.769   1.626  -0.595 
  8 A   0.405   0.585  -0.278  -2.217  -6.035   1.689   0.648   0.322  -0.515  -3.171   0.100  -1.286  -0.701  -0.775   2.015   1.853   0.299   0.191  -0.266  -1.407 
  9 A  -4.692  -7.491  -7.837  -8.397  -7.330  -7.229  -7.663  -7.664  -5.613   2.198  -1.140  -7.528   3.578   5.041  -8.315  -7.205  -6.208   6.423   5.672  -3.239 
