#HLA-B2724

Last position-specific scoring matrix computed       
            A       R       N       D       C       Q       E       G       H       I       L       K       M       F       P       S       T       W       Y       V 
  1 A   0.592   5.674  -2.463  -6.650  -3.945  -2.919  -5.264  -0.998   1.179  -4.668  -4.239   1.934   1.137  -0.778  -6.957   0.628  -4.697   2.370   1.171  -5.871 
  2 A  -6.449   7.319  -5.500  -3.904  -8.428   4.744  -2.280  -7.325  -5.359  -8.099  -7.004  -0.299  -3.329  -8.104  -7.006  -5.705  -6.142  -7.503  -6.828  -7.521 
  3 A  -1.267   1.182  -2.785  -6.100  -7.203  -1.763  -6.320  -5.844   0.963   0.263   0.880  -2.464   3.180   3.726  -6.896  -2.108  -3.173   5.129   4.214  -2.104 
  4 A   1.339   0.846   0.003  -0.880  -0.335   0.159  -0.038   0.321   0.633  -1.703   0.423  -0.542   0.837  -2.545   0.140   0.391  -0.149   0.554   0.683  -1.969 
  5 A  -0.376   1.929  -0.875  -3.713  -3.102  -0.952  -2.819   0.225   1.736   0.288   0.241   0.378   0.472   1.000  -1.164  -0.764   0.217   0.417   1.542  -0.312 
  6 A   1.418   2.037  -1.902  -6.046  -3.028  -0.600  -3.904  -1.110  -0.230   0.404   1.329  -1.780  -1.969   0.695  -0.075   0.482   0.953   2.451  -1.607  -0.809 
  7 A   0.275  -0.121  -0.078  -3.337  -0.971   0.322  -2.154  -0.765   0.362  -0.605   1.193  -1.822   0.805  -0.643   0.713   1.257   1.264  -0.676   0.079   0.025 
  8 A   2.605  -1.167  -1.447  -4.549  -3.641  -1.405  -0.879  -1.417  -1.562  -1.817  -0.642  -2.859  -0.973  -2.534   3.900   2.448   0.922  -2.470  -1.919  -0.302 
  9 A  -3.869  -7.513  -8.368  -8.629  -6.352  -7.325  -7.959  -8.609  -7.964   2.859   5.211  -7.530   0.404  -4.694  -7.966  -7.383  -6.115  -7.076  -6.269   1.225 
