#HLA-B4107

Last position-specific scoring matrix computed       
            A       R       N       D       C       Q       E       G       H       I       L       K       M       F       P       S       T       W       Y       V 
  1 A   1.140   2.786  -0.865  -6.781  -0.219  -1.261  -3.677   0.315  -0.067  -1.707  -0.379  -1.218   2.440   1.115  -7.077   1.598  -1.118   2.718   1.852  -3.010 
  2 A  -6.013  -5.298  -5.471  -3.687  -8.680  -3.320   8.062  -7.328  -5.190  -8.410  -8.023  -4.407  -7.077  -8.170  -6.360  -5.260  -6.109  -7.650  -7.061  -7.611 
  3 A   0.292  -2.842  -0.311  -3.630  -6.887   0.087  -3.041  -5.857  -0.379   0.953   0.638  -2.918   4.498   2.462  -7.382   0.787  -1.881   3.674   3.303  -2.167 
  4 A   1.382  -1.347   0.230   0.436   0.205   0.903   2.019  -1.466  -0.080  -1.431   0.470  -1.689  -0.109  -0.828  -1.670   0.854   0.062  -0.687  -0.265  -1.402 
  5 A  -0.345  -1.895  -2.417  -2.652  -2.517  -2.924  -2.082   1.184   0.764   1.049   1.190  -2.220   0.159   3.098  -2.296  -0.866  -0.462   0.617   1.676  -0.704 
  6 A   1.271   1.065  -0.324  -3.087  -0.444   0.033  -3.384  -0.574   0.776  -1.261   0.068  -2.892  -0.901   3.257  -4.309   1.467  -0.531   1.189  -0.364  -0.570 
  7 A  -0.216  -3.100   0.073  -2.218  -1.293   0.033  -0.233  -1.982   0.851   0.334   0.713  -2.751   0.139   1.234   0.808   0.275   0.694   0.747   1.590   0.752 
  8 A   2.625  -4.769  -1.380  -4.092  -4.057  -0.493   0.617  -2.477  -0.953  -0.717  -1.062  -2.784  -0.700  -0.727   3.968   1.605   0.488  -2.016  -2.192   0.201 
  9 A   0.679  -7.666  -8.057  -8.234  -6.193  -7.266  -7.711  -7.986  -7.996   4.913   1.667  -7.360   0.824  -4.093  -7.621  -6.281  -4.326  -7.363  -6.378   3.634 
