#HLA-B5807

Last position-specific scoring matrix computed       
            A       R       N       D       C       Q       E       G       H       I       L       K       M       F       P       S       T       W       Y       V 
  1 A  -1.414  -5.714   1.117   5.123  -5.018  -1.234   1.336  -0.870  -3.592  -4.174  -4.659  -4.509  -5.460  -4.695   5.422  -1.756  -3.356  -5.975  -3.019  -5.270 
  2 A  -6.339   1.432   2.068   4.551   0.020  -1.307  -1.550  -1.351   2.510  -4.176  -4.354   3.725  -5.954  -3.011   1.210  -5.233  -6.092  -3.708  -3.847  -5.548 
  3 A  -0.509  -0.995  -1.033   1.042  -1.184   0.820   2.597   0.525  -1.867  -2.205  -0.184   1.070  -3.508  -3.043   2.754  -0.809   0.609  -3.663  -4.575  -1.375 
  4 A  -2.311   0.710  -0.126   1.547  -2.593   0.122   1.659   1.035  -0.750  -0.987  -0.863   0.325  -1.139  -1.694   0.445   0.145   0.688  -2.902   0.666  -0.950 
  5 A  -1.126   1.472  -1.720   1.663  -1.940   1.307   2.101  -0.629   0.402  -1.504  -0.568   2.795  -3.519  -1.767   0.622  -1.405  -0.746  -2.005  -1.605  -3.744 
  6 A  -0.176   1.004  -0.396   0.320  -1.030   0.423   2.318  -0.715  -1.653  -0.329  -0.915   2.203  -2.605  -1.190  -0.838  -0.164  -1.432   0.362  -1.729  -0.450 
  7 A  -0.717   0.702   0.501   0.637  -0.614  -0.059   0.996   0.993  -4.360  -0.691  -3.257   3.322  -2.022  -4.158  -0.572  -1.383  -0.258  -2.023  -1.529   0.388 
  8 A   1.440   0.594  -0.629   2.878  -0.600  -1.959   0.645   0.955  -1.521  -0.278  -1.122   1.264  -1.013  -3.518  -1.020  -0.638  -1.872  -1.314  -3.096  -1.806 
  9 A  -3.834  -2.884   1.952   4.108  -1.803   1.350   4.983  -1.403  -5.690  -8.044  -8.037  -4.069  -7.185  -8.209   2.862  -0.764  -0.732  -8.129  -7.384  -6.742 
