#HLA-B1532

Last position-specific scoring matrix computed       
            A       R       N       D       C       Q       E       G       H       I       L       K       M       F       P       S       T       W       Y       V 
  1 A  -0.038   0.441  -5.688  -7.250  -5.143  -1.105  -6.435  -2.542  -2.082   0.295   1.753   0.374   3.805   2.290  -7.247   1.831  -1.943   1.065   1.521  -1.149 
  2 A   0.328  -5.975  -6.567  -7.004  -6.589   5.166  -5.621  -7.190  -6.382  -1.025   2.200  -5.735   6.225  -5.956  -7.105   0.676  -0.878  -7.140  -6.349  -0.095 
  3 A   1.359   2.279   1.608  -6.789  -5.234  -3.365  -6.274  -6.252   0.658   1.826  -2.124  -0.071   2.736   2.207  -5.889   0.152  -3.595  -6.237   2.757  -0.605 
  4 A   1.961  -2.671   1.063   1.222  -1.662   0.437   0.194  -1.530  -0.369  -3.678  -3.143   0.062  -0.087  -0.911   1.667   1.919   0.223  -0.426   1.681  -2.205 
  5 A   0.692  -1.313  -0.260  -0.691  -4.162  -2.743  -1.505   0.633   2.098  -3.559  -0.405  -3.025  -0.356   1.517  -0.125   2.704   1.599  -0.384   1.768  -3.405 
  6 A  -0.461  -2.737  -0.232  -3.028  -3.324  -1.595  -2.749   1.211  -0.119   0.132  -0.638  -5.566  -0.536   1.475  -1.348   2.394   2.593  -0.188  -0.123   0.576 
  7 A   0.727  -4.281  -0.301  -4.124  -1.415  -0.096  -0.481  -2.208   0.977  -0.210   1.829  -3.923  -0.030  -1.820  -1.439   2.834   2.055  -4.328  -1.846  -0.539 
  8 A   2.727  -3.238  -2.855  -4.495  -3.640  -3.124   0.619  -3.431   1.245  -3.074  -1.419  -4.592  -2.634  -1.840   4.292   2.576   0.503  -7.501  -1.329   0.672 
  9 A  -7.208  -7.721  -7.837  -8.430  -7.544  -7.775  -7.883  -8.235  -5.810  -5.321  -4.022  -7.929   3.486   7.758  -8.615  -7.305  -6.984  -4.308   4.075  -5.851 
