#HLA-B4027

Last position-specific scoring matrix computed       
            A       R       N       D       C       Q       E       G       H       I       L       K       M       F       P       S       T       W       Y       V 
  1 A   0.627   4.718  -4.117  -6.845  -3.888  -3.321  -5.865   0.749  -0.363  -1.961  -2.172   1.838   1.089  -0.093  -7.048   0.361  -3.679   3.287   1.960  -3.264 
  2 A  -5.762  -4.505  -5.371  -1.294  -8.534   5.285   7.181  -7.186  -5.122  -8.235  -7.804  -3.940  -4.179  -8.233  -6.435  -5.259  -6.030  -7.618  -6.918  -7.515 
  3 A  -1.589  -2.022  -1.635  -7.082  -4.661  -1.094  -4.880  -6.855  -1.666   1.292   1.232  -5.673   4.765   3.583  -7.830  -2.126  -2.729   5.290   3.230  -0.905 
  4 A   1.344  -1.268   1.170   0.678  -0.589   0.898   1.289   0.273   0.311  -1.915  -1.192  -1.608  -0.266  -0.138  -0.497   1.310  -0.292   0.380   0.073  -2.240 
  5 A   0.443  -1.970  -1.313  -1.878  -3.345  -2.862  -1.600   0.570   0.444   0.342   1.485  -2.906   0.671   1.205  -1.721   0.642   0.322  -0.626   1.538   0.184 
  6 A   1.276   0.666  -0.869  -2.351  -1.125  -0.040  -3.528   0.013   0.607  -0.467   0.303  -2.564  -1.333   2.269  -1.827   1.117   1.128   1.302  -1.674  -0.548 
  7 A  -1.015  -2.594  -1.152  -3.706  -1.461   0.166  -0.402  -3.228   1.063   0.850   0.935  -3.683  -0.354   1.250   1.002   0.456   1.251   1.794   2.100   0.661 
  8 A   2.765  -3.529  -2.189  -3.717  -5.066  -0.164  -0.240  -3.090  -2.814  -2.316  -1.990  -3.232  -1.637  -3.010   4.884   2.242   1.289  -1.019  -1.936  -0.397 
  9 A  -3.362  -7.505  -8.123  -8.506  -6.677  -6.542  -7.860  -8.369  -6.193   1.349   4.072  -7.578   3.698   4.702  -8.136  -7.244  -4.978  -1.390  -1.506  -0.601 
