#HLA-B5121

Last position-specific scoring matrix computed       
            A       R       N       D       C       Q       E       G       H       I       L       K       M       F       P       S       T       W       Y       V 
  1 A  -4.972  -6.121  -1.262  -4.797   0.667  -3.694  -1.177  -7.960  -0.228   0.987   2.899  -6.537   4.054   3.619  -7.776  -3.357  -0.310   0.110   1.917  -0.818 
  2 A  -2.481  -7.167  -7.039  -6.764  -7.636  -6.573  -6.307  -7.137  -7.173  -7.908  -8.018  -6.138  -7.665  -8.838   9.016  -4.757  -5.395  -9.716  -7.757  -7.541 
  3 A   0.240  -4.594   0.382  -1.058  -4.650  -0.276  -0.287  -2.698  -0.056   0.224   0.390  -3.707   2.106   1.964  -2.420   0.106   0.227   2.222   3.388  -0.098 
  4 A   0.522  -2.014  -1.269   0.826  -1.655  -0.756   1.409  -1.960  -0.931   0.197   0.752  -1.924  -0.077   0.858   0.866   0.477  -0.098   0.874  -0.402  -0.263 
  5 A  -0.035  -0.474  -1.508  -1.527  -3.033  -0.806  -0.860  -2.368  -1.239   1.762  -0.024  -2.130   1.164   0.883   0.482   0.704  -0.040   2.368   0.340   1.265 
  6 A   1.232  -1.939  -0.520  -0.804  -1.444  -0.205  -3.079  -1.607  -0.115   0.039   0.361  -2.326  -1.021   1.705   0.435   1.144   1.067   1.033   0.208   0.352 
  7 A  -0.263  -2.971   0.675  -0.371  -0.215  -0.268  -0.121  -3.079   1.732   0.191   0.483  -3.823   0.874   1.594   0.857   0.230  -0.424   0.035   1.100   0.663 
  8 A   0.424  -1.294  -0.955  -3.142  -2.493   0.643   0.253  -1.562  -1.074   0.527   0.296  -1.105   1.011   0.553   1.652   1.172   1.000  -0.947  -0.602  -0.031 
  9 A  -5.256  -8.030  -8.301  -8.401  -6.347  -7.661  -8.149  -8.681  -8.190   6.386  -0.249  -7.669  -0.811  -1.714  -7.931  -7.339  -5.469  -2.943  -6.199   2.624 
