#B3560

Last position-specific scoring matrix computed       
            A       R       N       D       C       Q       E       G       H       I       L       K       M       F       P       S       T       W       Y       V 
  1 A  -5.823  -6.646  -0.362  -6.614  -2.935  -5.891  -3.414  -7.499  -1.376  -0.659   2.187  -6.642   5.553   4.262  -7.493  -3.104  -0.681   3.346   3.422  -2.469 
  2 A  -3.606  -6.753  -6.633  -6.340  -7.258  -6.161  -5.887  -6.761  -6.755  -7.511  -7.618  -5.715  -7.272  -8.445   9.029  -5.459  -5.713  -9.344  -7.347  -7.167 
  3 A   0.945  -4.242   0.764  -3.064  -2.883  -0.848  -3.141  -3.922  -0.875   1.113   0.072  -4.778   2.194   2.242  -5.042  -0.051   0.340   4.355   2.740   0.511 
  4 A   0.757  -1.584  -1.241  -0.468  -1.092  -0.801   0.776   0.288  -1.521  -0.348   0.403  -2.681   0.860   0.379   1.388  -0.029  -0.456   2.179   0.991  -0.216 
  5 A   0.853  -1.844  -2.300  -1.916  -1.766  -2.698  -1.182  -1.171  -0.006   1.599   0.805  -2.675   0.531   1.841  -0.221  -0.944  -0.091   1.973   0.160   1.175 
  6 A   0.672  -0.681  -0.697  -0.230  -0.992  -0.052  -2.602   0.037  -0.660  -0.252  -0.745  -1.647  -1.249   2.011  -0.499   0.972   1.184   2.345  -0.347   0.347 
  7 A   0.926  -3.405  -0.010  -0.425  -1.648  -2.627  -1.097  -2.723   1.592   0.120  -0.267  -4.577   0.532   2.727   0.402  -0.373   0.232   0.746   2.506   0.427 
  8 A   2.992  -3.845  -2.281  -3.728  -2.505  -1.260   0.359  -2.135  -2.863   0.234  -1.039  -3.089   0.188  -0.512   3.624   0.506   0.433  -3.111  -1.199   0.452 
  9 A   3.667  -6.730  -7.017  -7.304  -4.879  -5.577  -6.588  -4.946  -6.926   1.803   1.699  -6.375   3.302  -0.957  -6.651  -2.831  -1.183  -6.723  -3.359   2.877 
