#HLA-B5131

Last position-specific scoring matrix computed       
            A       R       N       D       C       Q       E       G       H       I       L       K       M       F       P       S       T       W       Y       V 
  1 A  -4.761  -6.065  -0.990  -3.899   0.212  -3.669  -1.303  -7.834  -0.105   0.604   2.335  -5.182   3.896   3.915  -7.708  -2.097   0.372   0.491   2.483  -0.634 
  2 A  -1.358  -7.140  -6.978  -5.550  -7.565  -6.541  -6.277  -6.675  -7.149  -7.868  -7.982  -6.125  -7.614  -8.784   8.919  -3.191  -4.787  -9.628  -7.730  -7.470 
  3 A  -0.057  -5.484  -0.347  -0.229  -4.165  -0.280   0.231  -2.999  -1.477   0.612   0.532  -5.108   2.549   2.066  -1.497   0.260  -0.160   2.731   2.879  -0.157 
  4 A   0.744  -1.481  -1.355   0.714  -2.047  -0.856   1.107  -1.814  -0.939   0.453   0.772  -2.372   0.302   0.367   1.014   0.860   0.055   1.535  -1.138  -0.698 
  5 A  -0.218  -1.068  -1.440  -1.454  -2.016  -1.724  -0.062  -2.648  -1.421   2.224   0.300  -3.136   1.663   0.965  -0.888   0.084  -0.530   2.366  -0.761   1.788 
  6 A   1.440  -2.165  -1.057  -0.757  -2.011  -1.365  -2.863  -1.948  -0.337   0.095   0.980  -2.893  -0.601   1.973   0.601   0.659   0.849   0.892   0.291   0.305 
  7 A  -0.202  -4.187   0.127   0.251  -0.333  -1.708   0.360  -4.236   1.508  -0.044   0.678  -4.059   0.653   2.202   0.419  -0.463  -0.867   1.324   1.832   0.873 
  8 A   0.532  -1.460  -0.738  -3.161  -2.248   0.807   0.024  -1.506  -1.549   1.034   0.869  -1.380   1.093   0.421   1.107   0.799   1.197  -0.434  -1.025  -0.789 
  9 A  -5.382  -8.053  -8.323  -8.424  -5.606  -7.730  -8.212  -8.699  -8.032   6.474   0.416  -7.718  -0.677   0.871  -8.013  -7.432  -5.951  -0.681  -5.271   0.734 
