#B3573

Last position-specific scoring matrix computed       
            A       R       N       D       C       Q       E       G       H       I       L       K       M       F       P       S       T       W       Y       V 
  1 A  -4.066  -5.585  -0.007  -4.515  -2.914  -1.613  -1.427  -5.773  -0.981  -0.626   1.629  -6.360   5.111   3.274  -7.312  -1.218   0.048   3.243   4.031  -1.872 
  2 A   1.670  -6.725  -6.603  -6.424  -6.872  -6.122  -5.917  -6.414  -6.767  -6.631  -6.645  -5.765  -5.149  -8.127   8.473  -2.502  -3.448  -8.913  -7.232  -3.839 
  3 A   2.322  -4.237   1.287  -2.380  -3.525  -0.522  -1.113  -3.030  -1.072   0.682  -0.795  -4.675   2.292   0.907  -5.419   0.518   0.278   1.438   1.842   1.119 
  4 A   1.408  -2.052  -0.251  -0.099  -1.602   0.970   0.709  -0.322  -0.200  -2.373  -1.187  -0.843   0.528  -0.249   1.226   0.983   0.646   2.047   0.558  -0.650 
  5 A   1.209  -2.365   0.110  -0.036  -0.798  -1.196  -0.671   0.294   1.729  -0.986  -0.361  -1.841   0.634   0.569  -0.839   0.828   0.589   1.551  -0.301   0.175 
  6 A   0.692  -1.042  -0.539   0.623  -1.664   0.514  -1.172   0.970   0.329  -1.819  -2.050  -1.936  -1.088   0.008   0.084   1.394   2.329   1.676  -0.553  -0.263 
  7 A   1.041  -2.474  -0.407  -1.131  -0.762  -1.020  -0.499  -1.278   1.629   0.186   1.299  -4.124   0.158   0.551  -0.002   0.233   1.418   1.120   0.211  -0.993 
  8 A   3.507  -3.677  -3.412  -4.239  -2.266  -2.506   0.365  -2.594  -3.434  -0.709  -0.642  -3.304  -0.938  -2.012   3.137   1.167   1.170  -2.605  -2.976   0.854 
  9 A  -5.299  -6.903  -7.325  -7.970  -6.889  -6.558  -7.157  -7.868  -4.406  -2.744   0.241  -6.985   5.894   5.540  -7.802  -6.687  -5.821  -1.258   6.070  -4.116 
