#HLA-B5615

Last position-specific scoring matrix computed       
            A       R       N       D       C       Q       E       G       H       I       L       K       M       F       P       S       T       W       Y       V 
  1 A  -4.694  -3.966  -1.755  -7.886  -2.053  -6.838  -5.625  -7.478  -0.645   0.191   2.586  -6.659   4.600   4.547  -7.947  -2.456  -1.373   2.167   3.514  -2.645 
  2 A  -5.677  -7.189  -7.066  -6.769  -7.723  -6.599  -6.321  -7.227  -7.189  -7.962  -8.068  -6.147  -7.724  -8.896   9.103  -5.918  -6.155  -9.808  -7.788  -7.635 
  3 A   1.837  -2.729   0.482  -0.453  -4.098  -0.814  -2.600  -3.966  -0.279   0.257  -0.908  -4.814   2.884   1.367  -2.725   0.136   0.541   2.806   2.959   0.395 
  4 A   0.950  -0.892  -1.866  -0.268  -1.838  -0.249   0.168  -0.719   0.271  -0.207   0.672  -2.470   1.333  -0.587   1.834   0.655  -0.844   1.765  -0.243  -0.089 
  5 A   0.028  -0.041  -1.152  -2.716  -2.767  -1.223  -1.419  -1.192   0.761   1.181  -0.126  -1.480  -0.166   1.619   1.524   0.012  -0.601   1.035   0.561   1.310 
  6 A   1.223   0.556  -0.624  -1.647  -1.633   0.259  -2.542   0.625   0.362  -0.533  -0.772  -2.137  -1.387   0.622   0.203   1.438   1.329   0.000  -1.021   0.129 
  7 A   0.893  -2.731   0.341  -0.796  -1.125  -1.341  -1.253  -2.667   1.678  -0.202   0.211  -4.596   0.564   1.604   0.186   0.400   0.329  -0.156   1.942   1.045 
  8 A   3.172  -2.960  -2.002  -4.325  -4.015  -1.071   0.536  -3.439  -3.416  -0.239  -1.405  -3.857  -0.132  -2.049   4.070   1.380   0.691  -2.032  -2.418   0.154 
  9 A   3.381  -7.385  -7.686  -7.889  -5.293  -6.207  -7.217  -7.098  -7.698   3.445   0.715  -6.992   0.522  -2.291  -7.190  -5.275  -2.638  -7.381  -6.356   3.931 
