#HLA-B5307

Last position-specific scoring matrix computed       
            A       R       N       D       C       Q       E       G       H       I       L       K       M       F       P       S       T       W       Y       V 
  1 A  -6.272  -7.105  -0.431  -6.056  -0.720  -5.485  -2.181  -7.921  -0.864   0.256   1.472  -7.062   4.746   4.593  -7.893  -4.150  -0.016   2.853   4.070  -2.535 
  2 A  -1.100  -7.149  -7.023  -6.762  -7.564  -6.553  -6.296  -7.059  -7.158  -7.862  -7.969  -6.130  -6.487  -8.787   8.941  -3.941  -6.077  -9.641  -7.730  -7.465 
  3 A   1.104  -6.652   0.641   1.456  -4.621  -0.192  -0.461  -3.238  -1.485   0.409  -0.329  -6.265   2.410   0.983  -1.590   0.444   0.056   2.637   2.239   0.200 
  4 A   1.403  -2.017  -1.459   0.004  -0.568  -1.054   1.377  -1.864  -1.082  -0.470   0.270  -2.273   0.540   0.049   1.837   0.804  -0.191   2.443  -1.658  -0.168 
  5 A   0.254  -2.395  -0.836  -0.179  -0.970  -0.909   0.551  -1.476  -2.337   1.548   0.108  -4.213   1.419   0.964  -2.749  -0.355  -0.363   2.625   0.119   1.732 
  6 A   1.849  -1.929  -0.638   0.465  -2.240  -0.035  -1.748  -0.785  -0.220  -0.417   0.177  -2.493  -0.306   0.213   0.971   0.508   1.065   1.015  -0.510   0.083 
  7 A  -0.071  -6.756  -0.910   0.531   0.001  -2.650   0.629  -5.649   2.271  -0.458   0.956  -4.121   0.741   2.522  -0.632  -1.671  -1.474   2.300   1.891   1.251 
  8 A   1.213  -1.561  -1.303  -3.293  -0.815   0.457   0.753  -2.657  -1.737   0.992   0.810  -2.904   0.411  -0.876   1.111   0.677   1.732  -0.448  -1.298   0.002 
  9 A  -5.743  -7.768  -8.274  -8.518  -6.658  -7.533  -8.040  -8.540  -7.550   4.963   2.690  -7.670   1.877   2.301  -8.184  -7.445  -6.215   5.369  -1.987  -0.237 
