#HLA-B5802

Last position-specific scoring matrix computed       
            A       R       N       D       C       Q       E       G       H       I       L       K       M       F       P       S       T       W       Y       V 
  1 A  -2.328  -6.155   0.659   5.218  -7.947  -1.731   1.280  -1.979  -3.302  -6.929  -5.673  -5.480  -6.374  -7.473   6.258  -2.711  -4.526  -8.712  -5.979  -5.405 
  2 A  -6.059   1.102   2.266   4.927   0.495  -3.073   0.808  -2.424   1.599  -6.571  -5.096   4.054  -7.026  -5.708  -0.646  -5.144  -6.050  -8.008  -5.097  -7.222 
  3 A  -0.507  -0.903  -1.079   1.578  -1.366   0.106   3.337   0.786  -2.243  -2.320  -1.607   1.499  -4.457  -5.865   2.909  -0.963   0.762  -4.544  -5.118  -3.022 
  4 A  -1.760  -0.088   0.819   1.938  -3.489  -0.701   1.293   1.231  -1.025  -0.727  -1.038   0.307  -1.002  -2.484   0.556   0.340  -0.540  -0.699   0.465  -0.201 
  5 A  -1.329   1.333  -1.528   1.557  -1.940   1.313   2.214  -0.907  -2.004  -2.697  -0.036   3.237  -4.727  -2.596   1.123  -1.332  -0.871  -2.463  -2.263  -3.202 
  6 A  -0.769   1.095  -0.014   0.029  -2.133   0.515   2.662  -0.211  -0.873  -1.348  -1.676   2.810  -1.638  -2.465   0.571  -0.339  -1.056  -3.611  -2.251  -0.879 
  7 A  -1.290   1.312   0.423   0.610  -2.622  -0.028   1.045   1.168  -2.427  -2.051  -2.903   3.761  -2.738  -3.584  -0.180  -0.425  -0.313  -5.577  -1.528  -1.106 
  8 A   0.601   0.618  -0.058   2.915   0.633  -1.290   0.764   0.707  -2.480  -0.623  -1.526   2.230  -0.281  -2.315  -1.794  -1.544  -3.486  -0.476  -1.941  -1.472 
  9 A  -4.584  -1.529   2.126   4.411  -4.556   1.437   4.762  -1.458  -4.085  -8.105  -8.090  -4.424  -7.214  -8.218   2.681  -0.655  -0.928  -8.137  -7.375  -7.182 
