#HLA-B5606

Last position-specific scoring matrix computed       
            A       R       N       D       C       Q       E       G       H       I       L       K       M       F       P       S       T       W       Y       V 
  1 A  -4.179  -4.616  -2.210  -7.922  -2.251  -6.138  -5.635  -8.007  -1.222   0.692   3.019  -7.131   4.874   4.024  -7.901  -1.741  -1.777   1.505   2.808  -1.966 
  2 A  -5.931  -7.190  -7.067  -6.769  -7.726  -6.599  -6.321  -7.231  -7.190  -7.964  -8.070  -6.147  -7.726  -8.898   9.106  -5.921  -6.156  -9.811  -7.789  -7.639 
  3 A   1.723  -0.255   0.220  -2.386  -5.155  -1.117  -3.282  -4.005   0.317   0.457  -0.602  -3.964   2.622   1.606  -1.164  -0.235  -0.366   1.348   3.408   0.487 
  4 A   0.827  -1.085  -1.009   0.003  -2.054  -0.003   0.739  -0.899   0.536  -0.438   0.193  -2.157   0.617  -0.539   1.872   0.898  -0.247   1.650  -0.423  -0.253 
  5 A   0.582  -0.857  -1.076  -2.983  -2.747  -2.016  -2.124  -1.707   0.598   1.059  -0.346  -2.761   0.221   1.856   2.196   0.386   0.004   1.429   0.146   1.333 
  6 A   0.962   0.629  -1.635  -1.942  -0.975   0.039  -3.208   0.588   0.180  -0.433  -0.623  -2.253  -1.069   1.534  -0.282   1.210   1.503   0.567  -0.288   0.104 
  7 A   0.435  -1.508   0.928  -1.582  -0.975  -1.010  -2.086  -2.335   1.985   0.265   0.789  -4.769   0.572   0.799   1.145   0.322   0.580  -0.185   0.799   0.617 
  8 A   3.046  -2.835  -2.496  -4.813  -4.479  -1.185   0.333  -3.571  -1.747  -0.393  -2.045  -4.219   0.251  -1.184   4.214   1.583   0.188  -3.615  -1.741   0.680 
  9 A   2.707  -7.438  -7.778  -7.994  -5.332  -6.974  -7.339  -7.346  -7.722   3.573   0.619  -7.090   2.223  -1.259  -7.327  -5.756  -3.191  -7.285  -5.610   4.095 
