#HLA-B4506

Last position-specific scoring matrix computed       
            A       R       N       D       C       Q       E       G       H       I       L       K       M       F       P       S       T       W       Y       V 
  1 A   2.037   1.416  -0.826  -6.901  -1.269  -2.772  -3.015  -0.203  -1.060  -2.056   1.006  -2.342   3.679   1.191  -7.072   1.170  -0.835   1.439   0.677  -1.562 
  2 A  -5.758  -4.749  -5.462  -2.484  -8.660  -1.778   7.978  -7.311  -5.207  -8.398  -8.019  -4.420  -7.071  -8.180  -3.503  -5.265  -6.107  -7.668  -7.068  -7.610 
  3 A   1.257  -0.980   0.648  -1.547  -5.103  -1.854  -3.616  -5.269  -1.519   1.521   0.785  -2.881   4.582   0.963  -6.516   0.563  -2.137   2.103   1.546  -0.470 
  4 A   1.817  -0.600   0.076   0.589  -0.836   1.004   1.374  -0.820  -0.640  -1.876  -0.500  -2.373   1.044  -2.221  -1.541   0.772   1.071  -1.596  -0.118  -0.346 
  5 A   0.828   0.965  -3.473  -3.172  -3.410  -1.702  -3.154   0.413   2.042   0.370   0.166  -0.451   0.481   2.448  -1.614  -2.533  -0.767   0.776   2.304  -0.113 
  6 A  -0.068   1.937  -0.258  -3.225  -2.518   0.182  -3.381  -0.149  -0.315   0.190   0.468  -2.614  -2.017   2.514  -2.569   1.354   0.327   1.556  -0.807  -0.463 
  7 A  -0.640  -3.813  -0.870  -3.155   0.112   0.594  -1.296  -3.868   0.986   0.614   1.929  -4.694   1.676   2.238   0.992  -0.817  -0.749   1.059   1.617  -0.134 
  8 A   3.103  -3.377  -2.110  -4.112  -4.042   0.128   0.305  -2.807  -2.350  -1.951  -0.456  -3.248  -1.584  -1.760   4.568   1.483  -0.158  -3.666  -4.126  -0.188 
  9 A   5.357  -7.128  -7.332  -7.481  -5.832  -6.555  -6.708  -6.149  -7.384   2.245  -2.553  -6.567  -2.355  -5.566  -6.660  -5.037  -3.558  -7.575  -5.380   3.483 
