#HLA-B3533

Last position-specific scoring matrix computed       
            A       R       N       D       C       Q       E       G       H       I       L       K       M       F       P       S       T       W       Y       V 
  1 A  -5.654  -5.998   0.337  -4.207  -3.445  -3.360  -0.636  -5.869  -1.116  -0.143   0.872  -6.782   4.758   4.197  -7.741  -1.665   0.186   3.858   4.102  -3.166 
  2 A  -1.104  -7.161  -7.052  -6.778  -7.569  -6.566  -6.309  -7.079  -7.171  -7.820  -7.572  -6.140  -6.476  -8.777   8.950  -5.794  -5.386  -9.645  -7.731  -6.665 
  3 A   1.950  -4.161   0.341  -0.539  -2.225  -0.190  -0.073  -3.324  -0.782   0.552  -0.385  -5.543   1.080   1.043  -1.695   0.423   0.631   0.897   1.535   0.991 
  4 A   1.625  -1.618  -0.994   0.242  -1.858   0.934   0.926   0.061  -0.412  -2.491  -0.947  -1.962   0.499   0.197   1.910   0.615  -0.253   3.000  -0.147  -1.235 
  5 A   0.804  -3.609  -0.454  -0.273  -0.314  -0.622  -0.386   0.368  -0.025   0.970   0.326  -3.258   0.220   0.378  -1.475   0.478   0.103   1.417  -0.695   0.839 
  6 A   1.635  -0.567  -0.093  -0.043  -2.258  -0.014  -1.188   0.719   0.540  -1.523  -1.709  -2.984  -0.852   0.572   0.392   1.120   2.037   0.554  -0.414  -0.773 
  7 A   0.912  -2.874  -0.279  -0.680  -1.821  -2.649  -0.621  -2.777   1.878   0.564   1.264  -4.420   0.423   1.265   0.541  -0.105   0.277   0.223   0.624   0.434 
  8 A   3.847  -4.815  -1.884  -3.733  -1.560  -0.767   0.762  -2.581  -4.616  -0.657  -1.054  -4.841  -0.952  -2.295   2.736   1.177   1.224  -4.469  -4.502   0.197 
  9 A  -3.484  -7.376  -7.988  -8.450  -6.793  -7.132  -7.729  -8.291  -6.594  -0.397   3.489  -7.462   5.351   4.947  -8.127  -7.149  -5.996  -2.445   2.418  -1.512 
