#HLA-B5311

Last position-specific scoring matrix computed       
            A       R       N       D       C       Q       E       G       H       I       L       K       M       F       P       S       T       W       Y       V 
  1 A  -4.270  -5.321   0.843  -3.998  -0.849  -4.877  -1.146  -6.435  -0.873   1.160   1.199  -6.771   4.463   3.400  -7.648  -1.426   0.463   2.755   3.603  -1.545 
  2 A  -1.006  -7.159  -7.048  -6.774  -7.571  -6.564  -6.304  -7.070  -7.169  -7.864  -7.977  -6.136  -7.624  -8.800   8.956  -5.785  -5.386  -9.656  -7.737  -7.464 
  3 A   1.775  -4.088   1.566   0.204  -2.737   0.462   0.553  -2.595  -2.036   0.232  -0.793  -5.126   1.385  -0.083  -3.948   0.954   0.973   1.546   0.947   0.440 
  4 A   1.671  -2.247  -0.162  -0.549  -2.264   0.838   0.897  -1.014   0.464  -1.687  -0.725  -0.723   0.752  -0.917   0.930   1.444   0.433   1.760  -0.825  -0.472 
  5 A   0.197  -2.562  -0.309   0.315  -0.576  -0.329   0.834  -0.462  -0.009   0.396   0.022  -2.209   0.707   1.053  -1.055   0.442   0.369   2.364  -0.874   0.186 
  6 A   1.379  -1.083   0.290   0.005  -2.484   0.126  -2.083   0.336  -0.006  -1.678  -0.804  -2.441  -2.360  -0.380   0.621   1.730   2.162   0.860  -1.170  -0.093 
  7 A   0.120  -2.953  -0.077  -0.206  -0.215  -0.776   0.720  -2.510   1.567  -1.162   1.307  -3.352   0.039   1.232  -0.447   0.163   0.875   1.314   1.453  -0.429 
  8 A   1.894  -1.634  -1.474  -3.934  -1.425  -0.008   0.829  -2.365  -1.243  -0.030   0.549  -2.164  -1.164  -0.686   1.295   1.221   1.486  -1.985  -2.006   0.675 
  9 A  -7.082  -7.523  -7.786  -8.416  -7.533  -7.363  -7.693  -8.250  -5.373  -0.220  -1.955  -7.642   3.173   6.352  -8.430  -7.258  -6.866   5.026   5.976  -5.601 
