#B3711

Last position-specific scoring matrix computed       
            A       R       N       D       C       Q       E       G       H       I       L       K       M       F       P       S       T       W       Y       V 
  1 A  -1.292  -1.752  -0.217  -6.355  -1.624  -1.479  -3.283  -3.091  -1.089  -0.521   0.480  -4.425   4.014   2.295  -6.721   2.792   0.920   3.761   2.439  -1.432 
  2 A  -5.517  -4.804  -4.958  -2.434  -8.179  -2.829   7.971  -6.821  -4.694  -7.910  -7.527  -3.913  -6.581  -7.672  -5.861  -4.760  -5.609  -7.155  -6.566  -7.114 
  3 A   0.834  -4.386   0.651  -2.468  -5.381  -0.424  -1.494  -4.473   0.077   1.404   0.621  -4.913   3.424   1.944  -2.127  -0.108  -1.098   2.132   3.246  -1.071 
  4 A   0.910  -0.240  -0.388  -1.492  -0.467   0.960   1.248  -1.812  -0.234  -0.815   1.136  -0.862   1.065   0.239  -0.375   0.068  -0.341   0.252   0.468  -1.348 
  5 A   0.489  -0.567   0.266  -1.441  -2.696  -2.145  -1.704   0.076   1.302   0.247   0.495  -1.247   0.185   2.235  -0.374  -0.705  -0.150  -0.508   1.795  -0.611 
  6 A   0.486   0.315  -0.025  -2.314  -2.737  -0.546  -2.486  -0.427   1.255  -0.464  -0.024  -0.708  -1.448   2.339  -1.376   1.409   0.689   1.071   0.464  -0.547 
  7 A   0.412  -3.624  -0.829  -0.930  -1.999  -0.158  -1.787  -3.950   0.949   0.142   0.938  -2.422   1.264   1.588   0.488  -0.004   0.593  -1.506   1.833   1.200 
  8 A   2.743  -4.508  -3.039  -3.828  -4.782  -2.202  -0.843  -4.735  -3.506  -0.430  -0.525  -3.984  -0.498  -3.676   4.790   1.072   1.768  -3.134  -3.053   0.829 
  9 A  -3.685  -7.009  -7.745  -8.019  -5.892  -6.722  -7.393  -8.019  -7.264   3.504   4.259  -6.970   3.922   0.030  -7.457  -6.765  -5.563  -6.402  -5.412   1.350 
