#HLA-B5617

Last position-specific scoring matrix computed       
            A       R       N       D       C       Q       E       G       H       I       L       K       M       F       P       S       T       W       Y       V 
  1 A  -5.709  -6.139  -0.010  -7.058  -2.057  -6.744  -5.577  -7.391  -0.185   0.005   2.151  -7.100   5.273   4.475  -7.924  -2.432  -1.138   2.606   3.243  -2.583 
  2 A  -2.736  -7.175  -7.055  -6.770  -7.653  -6.582  -6.313  -7.157  -7.180  -7.915  -8.025  -6.142  -7.677  -8.851   9.036  -5.856  -5.409  -9.737  -7.764  -7.555 
  3 A   1.385  -3.990   0.835  -0.509  -3.356  -0.921  -1.907  -4.635  -1.000   0.749  -0.763  -5.115   2.540   1.735  -5.423   0.121   0.281   3.305   3.484   0.218 
  4 A   0.925  -0.828  -1.120  -0.716  -1.465  -0.249   0.375  -0.376  -0.553  -0.366   0.770  -2.575   1.142  -0.516   1.491   0.476  -0.846   2.269  -0.158   0.013 
  5 A   0.309  -0.661  -2.174  -3.001  -2.495  -1.240  -1.012  -1.604   0.436   1.357   0.424  -2.157   0.152   1.981   0.852  -0.465  -0.267   2.096   0.643   1.121 
  6 A   1.352   0.118  -0.420  -1.174  -1.453   0.450  -2.021   0.358  -0.432  -1.232  -0.915  -2.642  -2.118   1.424   0.075   1.494   1.596   0.386  -1.110   0.087 
  7 A   0.860  -3.312   0.121  -0.624  -0.204  -1.727  -0.802  -3.520   1.511   0.408   0.229  -5.123   0.951   1.998  -0.456  -0.157  -0.542  -0.137   2.467   1.009 
  8 A   3.420  -3.424  -2.654  -4.386  -3.254  -1.312  -0.025  -3.807  -5.826  -0.228  -1.078  -3.894  -0.022  -1.532   4.102   0.979   0.947  -2.989  -2.236   0.099 
  9 A   4.202  -7.172  -7.384  -7.634  -4.678  -6.003  -6.454  -6.025  -7.382   2.148   0.395  -6.746   1.798  -1.143  -6.953  -3.182  -0.924  -7.261  -3.689   3.371 
