#HLA-B1815

Last position-specific scoring matrix computed       
            A       R       N       D       C       Q       E       G       H       I       L       K       M       F       P       S       T       W       Y       V 
  1 A  -3.230  -2.709   0.147   1.310  -3.129  -2.232   1.096  -4.988   0.653  -0.195   0.577  -4.005   3.967   2.511  -7.353   0.204  -0.449   3.238   2.648  -2.009 
  2 A  -5.512  -5.292  -5.480  -3.721  -8.651  -1.637   8.004  -7.316  -5.198  -8.376  -7.986  -4.220  -5.375  -8.164  -4.278  -5.262  -6.103  -7.653  -7.055  -7.589 
  3 A  -0.173   0.424   0.098  -4.849  -3.741  -0.448  -2.906  -5.195  -0.284   1.704   0.780  -1.019   1.880   2.227  -5.507  -0.238  -1.369   1.347   2.912   0.285 
  4 A   0.352  -2.129   0.643   1.420  -1.187   1.124   2.501  -0.014   1.288  -2.413  -1.374  -1.308  -0.508  -0.375   0.827   0.715  -1.513   1.156   0.574  -2.221 
  5 A   1.114  -0.194  -0.374  -0.331  -3.377  -2.615  -1.973   0.526   1.128   0.183   0.232  -2.112  -0.195   1.286  -0.364   0.448   0.278  -1.199   1.135  -0.503 
  6 A   0.352   0.470  -0.777  -0.556  -3.761  -0.696  -3.059   0.275   1.129  -0.045   0.320  -1.596  -1.344   2.073  -0.960   1.018   0.915   0.744   0.504  -1.258 
  7 A   0.107  -0.818   0.036  -2.901  -1.463   0.800  -1.528  -1.819   1.563   0.811   0.197  -2.681  -0.178   0.747   1.326   1.251   0.780  -0.411   0.853  -0.174 
  8 A   2.879  -2.937  -0.947  -4.506  -5.718  -1.652   0.035  -1.718  -2.566  -1.422  -1.714  -2.547  -2.396  -2.299   4.199   1.901   1.024  -5.616  -1.636   0.463 
  9 A  -5.461  -7.390  -7.756  -8.368  -7.240  -6.397  -7.625  -8.256  -4.027  -1.948   1.008  -7.495   4.803   6.082  -8.239  -6.664  -6.219  -2.504   5.543  -3.393 
