#HLA-B1315

Last position-specific scoring matrix computed       
            A       R       N       D       C       Q       E       G       H       I       L       K       M       F       P       S       T       W       Y       V 
  1 A   0.046   1.653  -1.730  -7.156  -0.213  -1.440  -4.173  -0.943  -1.855  -0.095   1.129  -0.240   3.076   2.238  -5.974  -0.044  -0.941   1.808   2.186  -1.147 
  2 A  -4.764  -1.558  -4.926   2.105  -8.534   2.686   7.209  -6.751  -5.286  -8.250  -7.920  -3.460  -3.882  -8.169  -4.321  -3.995  -5.690  -3.678  -7.068  -7.149 
  3 A  -1.718  -6.600  -1.645  -4.904  -6.000  -2.834  -5.517  -5.911  -2.654   1.044   1.542  -6.602   4.424   3.737  -6.318  -1.799  -3.304   5.164   4.321  -1.541 
  4 A   1.299  -2.039   0.545   1.302  -0.860   0.580   2.632  -1.016  -1.167  -1.966  -0.306  -1.518  -1.438  -1.349   0.624   1.081  -0.032  -0.707  -0.871  -1.946 
  5 A  -0.501  -2.104  -1.848  -2.638  -0.985  -2.212  -0.978  -0.140  -1.539   0.931   0.915  -3.788   0.824   3.281  -0.637  -0.055  -0.625   1.341   1.852   0.062 
  6 A   1.271  -2.190  -1.418  -1.722  -1.108  -1.058  -3.479  -0.462  -0.703   0.682   1.284  -3.914  -1.748   2.681  -2.922   1.036   0.194   1.181  -0.499   0.197 
  7 A  -0.721  -3.948  -1.068  -0.617  -2.291  -0.196   0.442  -4.274   1.137   0.169   0.290  -2.561   0.037   2.379   1.440  -0.853  -0.388   2.300   2.268   1.043 
  8 A   0.082  -3.859  -0.081  -3.596  -2.500   1.212  -0.585  -1.213  -0.808  -0.643   1.022  -1.927  -0.761   0.760   3.270   1.146   1.446  -1.967  -1.388  -0.857 
  9 A  -2.491  -7.922  -8.256  -7.610  -6.312  -7.550  -7.366  -8.518  -8.154   6.065   1.104  -7.588  -0.798  -3.601  -7.859  -7.203  -5.810  -3.581  -6.327   2.676 
