#HLA-B4013

Last position-specific scoring matrix computed       
            A       R       N       D       C       Q       E       G       H       I       L       K       M       F       P       S       T       W       Y       V 
  1 A  -0.564   3.827  -3.060  -7.034  -1.345  -2.597  -5.684  -3.011   0.882  -0.182  -0.645   1.872   3.055   1.446  -7.207  -0.619  -0.954   3.163   2.293  -3.057 
  2 A  -3.118  -2.693  -4.439   4.590  -8.466   0.423   6.507  -6.977  -5.538  -8.277  -8.126  -4.212  -6.229  -7.432   1.047  -4.594  -6.103  -4.602  -7.313  -7.709 
  3 A  -2.341  -2.208  -2.418  -5.460  -7.121  -0.694  -6.062  -6.187  -1.004   0.196   1.654  -3.575   3.985   3.562  -6.998  -1.641  -3.172   6.227   3.967  -2.129 
  4 A   2.051  -0.739  -0.962  -1.312  -0.560  -0.309   0.871  -2.902  -1.063   0.047   0.714  -1.161   0.939  -0.093   0.612   0.460  -0.409   0.558   0.083  -1.063 
  5 A   0.604   1.479  -1.502  -3.110  -0.834  -1.670  -1.263  -1.083   0.838   1.649   0.111  -0.798   0.410   0.577  -1.064  -0.349  -0.661  -0.659   0.398   0.906 
  6 A   1.414   0.464  -1.502  -2.997  -1.453  -2.144  -3.436  -1.218   0.681   0.502   0.805  -0.833  -4.256   2.520  -0.873   0.360   0.407   1.995  -0.494  -0.354 
  7 A  -1.001  -2.146  -0.764  -1.081  -0.224  -0.625  -0.561  -4.287   1.630  -0.811   0.529  -2.170   0.133   2.572   1.478  -1.439  -0.128   1.343   2.829   0.935 
  8 A   0.414  -2.175   0.050  -4.308  -3.690   1.075  -0.873  -0.986  -1.231   0.718   0.450  -1.228  -2.039  -1.987   2.081   2.075   1.925  -0.464  -1.880  -0.322 
  9 A  -6.517  -7.978  -8.402  -8.497  -6.441  -7.694  -8.251  -8.798  -8.113   6.364   2.731  -7.704  -1.975  -2.065  -8.027  -7.549  -6.027  -1.599  -6.176  -2.148 
