#HLA-B5614

Last position-specific scoring matrix computed       
            A       R       N       D       C       Q       E       G       H       I       L       K       M       F       P       S       T       W       Y       V 
  1 A  -4.390  -2.990  -6.888  -8.144  -3.406  -6.837  -7.435  -7.527  -4.354  -0.338   0.900  -4.590   6.256   5.549  -8.049  -2.692  -3.676   0.399   3.349  -2.758 
  2 A   3.143  -6.621  -5.275  -6.480  -6.427  -3.992  -6.044  -3.700  -6.842  -3.397  -4.502  -5.949  -1.208  -7.537   5.740   2.924   3.552  -8.119  -7.103  -2.412 
  3 A   0.394  -6.468   0.384  -2.149  -4.156  -2.768  -5.616  -6.218  -2.635   0.723  -0.162  -6.801   4.811   3.232  -6.150  -0.891  -2.328   4.798   4.030  -0.721 
  4 A   1.607  -1.040  -1.139  -1.840  -2.731  -1.206  -0.492  -2.003  -1.742  -0.347   1.018  -2.704   0.311  -0.041   2.266   1.170  -0.132   2.445  -1.260   0.194 
  5 A  -1.636  -2.763   0.199  -4.156  -2.264  -2.540  -1.641  -2.101   0.349   1.816   0.589  -2.322   2.078   3.038  -0.560  -0.298  -0.615   2.798   0.215   0.948 
  6 A   0.629  -0.512  -0.166  -1.725  -2.769   1.257  -3.446   0.354   0.920  -1.755  -0.001  -4.198  -2.792   1.860   1.373   1.854   1.676   0.563  -1.073  -1.361 
  7 A  -0.324  -5.258   0.005  -0.304  -1.146  -1.897  -1.431  -5.170   2.368  -0.645   0.788  -6.179   0.501   3.289   0.102  -0.286  -1.634   0.637   2.817   0.993 
  8 A   2.458  -4.627  -2.660  -6.670  -4.995  -1.457  -1.183  -5.258  -4.220  -0.948   0.081  -4.719   0.457  -1.706   4.648   1.451   1.901  -3.636  -2.600   0.665 
  9 A   1.672  -7.704  -7.992  -8.138  -6.164  -7.271  -7.635  -7.750  -7.955   5.200  -0.293  -7.314  -0.760  -2.110  -7.521  -6.494  -5.024  -4.390  -5.662   3.761 
