#B3937

Last position-specific scoring matrix computed       
            A       R       N       D       C       Q       E       G       H       I       L       K       M       F       P       S       T       W       Y       V 
  1 A  -4.150  -3.871   0.500  -6.280  -5.084  -1.582  -2.465  -5.683   2.311  -3.644  -0.267  -5.745   4.626   4.517  -7.436  -0.121  -0.826   5.584   3.944  -4.381 
  2 A  -2.613   3.115  -4.329  -5.319  -7.732   6.088  -0.986  -5.132   6.442  -6.303  -3.482   1.111   0.340  -6.355  -2.143  -3.083  -5.430  -5.086  -3.813  -5.591 
  3 A   0.768  -4.293   0.252   1.348  -4.912  -0.869  -1.347  -5.886  -0.041  -0.291   0.144  -4.786   3.450   2.468  -4.700  -0.196  -0.744   3.484   3.107  -1.086 
  4 A   1.731  -0.498  -1.090   0.283  -1.120  -0.053   1.716  -0.056  -1.856  -2.732  -0.231  -2.481   0.300  -0.633   1.549   0.242   0.271   1.985   0.828  -2.076 
  5 A  -0.370  -0.813  -0.759  -2.539  -1.422  -1.984  -2.686   0.880   1.770   0.553  -0.160  -2.376   0.870   2.667  -1.585   0.174   0.336   0.431   1.639  -0.081 
  6 A   0.385   1.190   1.374  -0.211  -1.948   0.295  -1.060  -0.217   1.057  -1.700  -1.608  -1.612  -2.217   1.669  -0.358   1.372   0.976   3.001  -1.353  -1.540 
  7 A   1.272  -2.689   0.543  -2.154  -1.188  -0.418  -1.686  -3.647   2.763  -0.323  -0.637  -3.218   0.048   2.598  -0.166  -0.393   0.240  -0.426   2.035   0.955 
  8 A   3.858  -4.857  -4.801  -5.557  -5.627  -1.606  -1.368  -4.343  -5.624  -0.175  -0.998  -4.600  -0.907  -2.869   4.902   0.642   0.413  -5.359  -3.524   0.235 
  9 A  -4.126  -7.064  -8.057  -8.368  -6.032  -6.916  -7.589  -8.288  -7.566   0.047   5.737  -7.172   0.982  -4.552  -7.661  -7.089  -5.876  -6.664  -5.910   0.746 
