#HLA-B4402

Last position-specific scoring matrix computed       
            A       R       N       D       C       Q       E       G       H       I       L       K       M       F       P       S       T       W       Y       V 
  1 A   1.473   0.410  -0.317  -6.592  -1.633  -0.076  -1.376   0.323  -2.706  -0.404   0.001  -0.266   3.056   0.149  -6.964   1.823  -0.396   1.784   1.377  -2.235 
  2 A  -6.015  -5.298  -5.467  -3.369  -8.679  -2.896   8.050  -7.325  -5.191  -8.409  -8.023  -4.408  -7.075  -8.172  -6.361  -5.260  -6.109  -7.651  -7.062  -7.612 
  3 A   1.177  -4.937   0.350  -5.767  -5.041  -0.849  -4.926  -6.674  -2.303   2.304   0.489  -4.314   4.006   1.013  -7.277   1.498  -1.553   3.656   1.692   0.333 
  4 A   2.159  -3.805  -0.038   0.814  -1.120   0.232   1.541  -2.744  -0.298  -1.078   0.454  -2.051  -0.003  -0.972  -2.038   1.975  -0.112  -0.959  -0.267  -1.320 
  5 A   0.598  -1.130  -3.676  -0.960  -1.830  -0.455  -0.806  -0.657  -0.317   0.341   1.286  -3.126   0.969   2.076  -1.729  -0.406   0.080   0.605   1.906   0.020 
  6 A   2.322  -2.843  -1.476  -3.543  -1.765   0.422  -4.278  -0.425  -2.848   0.450   1.009  -3.652  -1.440   0.688  -1.797   1.769   2.022  -0.680  -1.655  -0.323 
  7 A   0.076  -3.103  -3.165  -2.493  -1.646   0.947  -0.092  -4.121  -0.102  -0.840   1.927  -2.449   0.445   2.543   1.139  -0.677   0.392   0.766   1.663  -0.316 
  8 A   0.600   0.419  -0.413  -2.328  -5.271   1.769   0.826  -0.163  -0.639  -2.926   0.647  -1.431  -0.555  -0.558   1.695   1.758   0.298   0.376  -0.438  -1.801 
  9 A  -5.450  -7.532  -7.903  -8.421  -7.207  -7.269  -7.726  -8.314  -5.769   3.011   0.174  -7.544   3.194   4.662  -8.273  -7.264  -6.586   5.839   5.468  -3.071 
