#HLA-B3528

Last position-specific scoring matrix computed       
            A       R       N       D       C       Q       E       G       H       I       L       K       M       F       P       S       T       W       Y       V 
  1 A  -1.192   0.604  -3.943  -7.309  -5.237  -1.688  -6.484  -3.149  -0.500   0.678   0.062   0.334   5.078   2.480  -7.368   0.645  -0.676   2.664   3.249  -1.657 
  2 A   4.103  -5.576  -6.027  -6.307  -6.520   5.942  -1.636  -4.390  -5.947  -4.899  -3.238  -4.687   4.942  -6.479  -3.321   1.357  -2.026  -7.407  -6.581  -3.456 
  3 A   0.898  -2.779   0.888  -5.178  -4.090  -1.784  -5.570  -6.126  -0.304   1.758   0.696  -4.998   3.855   2.862  -6.661   0.239  -2.868   2.572   2.283   0.052 
  4 A   1.893  -2.865  -0.134   1.551  -0.110  -0.273   1.685  -0.096  -1.668  -3.424  -1.989  -1.262  -0.649  -2.552   2.513   1.480  -0.284   1.269  -0.583  -1.996 
  5 A   1.479  -5.470  -0.487  -0.108  -0.558  -2.458  -1.033   1.290   0.533  -0.957  -0.089  -4.016  -0.439   1.056  -1.344   1.736   0.747  -0.410   0.782  -0.448 
  6 A   1.286  -3.449  -0.214  -0.637  -3.002  -1.983  -1.699   1.678  -0.688  -0.406  -1.218  -6.155  -3.114   0.661  -0.579   2.498   1.901  -1.587  -1.161   0.320 
  7 A   0.184  -4.149  -0.096  -1.935  -1.129   0.166  -0.555  -4.052   1.615   0.016   1.673  -4.598  -0.235   2.143   0.650   0.577   1.087  -0.164   0.710  -0.995 
  8 A   3.521  -3.578  -3.211  -4.553  -4.921  -2.237  -0.062  -3.876  -2.369  -1.893  -1.650  -5.074  -2.856  -2.842   3.851   2.367   1.361  -7.665  -3.297   1.077 
  9 A  -7.177  -7.607  -7.774  -8.424  -7.616  -7.569  -7.762  -8.252  -5.366  -5.230  -2.397  -7.783   2.295   7.220  -8.506  -7.277  -6.987   1.560   5.786  -5.937 
