#HLA-B4432

Last position-specific scoring matrix computed       
            A       R       N       D       C       Q       E       G       H       I       L       K       M       F       P       S       T       W       Y       V 
  1 A   0.622   2.392  -1.348  -6.233  -3.085  -0.355  -3.420   0.281  -2.688  -0.594  -0.323   1.945   1.502  -0.083  -6.955   1.498  -0.897   1.308   1.468  -0.981 
  2 A  -6.013  -5.297  -5.471  -3.689  -8.680  -3.099   8.059  -7.327  -5.189  -8.410  -8.022  -4.406  -7.075  -8.171  -6.360  -5.260  -6.109  -7.649  -7.061  -7.611 
  3 A  -0.276  -5.638  -0.678  -4.731  -4.065  -0.336  -4.770  -5.471  -1.727   2.540   1.542  -5.938   3.734   1.712  -7.491   0.666  -1.772   3.603   1.919   0.291 
  4 A   2.064  -2.364  -0.212   0.471  -0.976   0.896   1.317  -1.104  -0.413  -1.268  -0.087  -1.265  -0.450  -1.800  -0.487   1.795  -0.115   0.179  -1.200  -1.037 
  5 A   0.632  -2.501  -2.372  -0.136  -0.562  -0.624   0.050  -0.314  -0.933   0.529   1.281  -4.027   0.668   1.239  -2.408  -0.246   0.360  -0.385   1.626   0.188 
  6 A   2.289  -3.114  -1.115  -1.755  -1.415  -0.051  -2.477  -0.187  -2.583   0.730   0.551  -2.967  -1.826   0.214  -0.126   1.572   1.457  -0.004  -1.281  -0.494 
  7 A  -0.036  -3.921  -2.834  -1.607  -1.862   0.898   0.481  -4.278   0.711  -1.305   1.403  -2.255   0.058   3.006   1.398  -1.435  -0.292   1.702   2.386  -0.465 
  8 A   0.368  -0.305  -0.291  -2.928  -3.409   1.601   0.819  -0.058   0.300  -2.709   0.545  -1.529  -1.224  -0.743   1.500   1.271   1.196   1.159   0.507  -1.271 
  9 A  -6.653  -7.647  -8.082  -8.540  -7.256  -7.532  -7.877  -8.294  -6.435   2.380   1.490  -7.747   2.199   5.224  -8.540  -7.448  -6.715   7.630   3.007  -4.128 
