#HLA-B1573

Last position-specific scoring matrix computed       
            A       R       N       D       C       Q       E       G       H       I       L       K       M       F       P       S       T       W       Y       V 
  1 A   0.167   0.985  -5.198  -7.116  -5.919  -0.773  -6.282  -1.770  -0.757  -0.695   0.748   0.355   4.301   2.061  -7.192   2.244  -3.567   2.569   2.406  -1.790 
  2 A  -1.425  -5.411  -6.221  -6.638  -6.935   6.757  -4.915  -6.803  -5.865  -2.794   0.902  -4.923   6.871  -6.258  -7.052  -0.483  -1.835  -7.101  -6.306  -2.630 
  3 A   0.629   1.027   0.685  -7.124  -5.239  -3.749  -6.583  -6.839   1.230   2.209  -2.171  -1.277   3.842   3.103  -6.026  -0.644  -4.244  -3.732   3.749  -0.523 
  4 A   1.853  -1.641   0.830   1.971  -1.324   0.261   1.373  -1.358  -0.367  -4.695  -3.361  -0.279  -0.545  -2.509   1.991   1.514   0.215  -1.591   1.385  -2.726 
  5 A   0.298  -1.320  -0.520  -1.090  -3.054  -3.174  -2.137   1.267   2.139  -2.646  -0.069  -2.805  -1.573   0.863  -0.844   2.634   1.841  -0.175   1.390  -1.737 
  6 A  -0.849  -2.887   0.050  -2.317  -1.438  -1.741  -2.887   1.136  -0.346   1.037  -0.405  -6.298  -0.642   1.268  -0.954   2.387   1.972   0.007  -1.358   0.730 
  7 A   0.151  -4.026   0.020  -2.939  -0.813   0.925  -0.451  -2.516   1.671  -0.927   0.636  -4.207  -0.183  -0.752   0.275   3.043   2.311  -4.321  -1.403  -0.272 
  8 A   2.744  -2.969  -3.533  -5.015  -5.074  -4.534  -0.307  -2.274   0.677  -3.811  -2.851  -4.591  -3.602  -1.679   5.245   2.849   0.110  -5.658  -1.612   0.048 
  9 A  -2.628  -7.451  -7.917  -8.387  -6.920  -7.225  -7.729  -8.178  -6.467   0.260   2.086  -7.523   5.536   5.948  -8.190  -7.083  -6.482  -2.855   2.259  -2.129 
