#HLA-B5612

Last position-specific scoring matrix computed       
            A       R       N       D       C       Q       E       G       H       I       L       K       M       F       P       S       T       W       Y       V 
  1 A  -6.095  -5.757   0.158  -7.572  -4.782  -5.537  -3.253  -7.873  -0.566  -1.364   1.166  -7.104   4.354   5.297  -8.011  -2.443  -2.012   3.540   4.681  -4.209 
  2 A  -4.662  -7.186  -7.065  -6.770  -7.707  -6.595  -6.319  -7.210  -7.187  -7.952  -8.059  -6.146  -7.714  -8.886   9.089  -5.905  -6.150  -9.793  -7.783  -7.618 
  3 A   2.131  -3.952   0.257   0.953  -4.566  -0.698  -0.810  -3.778  -0.517   0.096  -0.813  -5.249   1.732   0.935  -3.060   0.614   0.964   2.469   2.128   0.101 
  4 A   0.723  -0.337  -1.347  -0.152  -2.065   0.271   0.308   0.310   0.191  -1.475   0.250  -2.150   0.270   0.002   1.870   0.594  -0.367   2.176  -0.069  -0.554 
  5 A  -0.001  -1.042  -0.473  -1.354  -1.128  -1.215  -0.451  -0.608   0.175   1.167   0.389  -1.797   0.495   0.399  -0.375  -0.070  -0.364   1.029   0.660   1.464 
  6 A   1.477   0.136   0.077  -0.518  -2.255   0.209  -1.984   0.365   1.059  -1.212  -0.572  -1.335  -0.827  -0.642   0.273   1.262   1.941  -0.451  -1.420  -0.896 
  7 A   1.197  -2.062   0.018  -0.998  -1.633  -2.643  -0.988  -2.495   1.784  -0.403   0.418  -4.023   0.566   1.727   0.185   0.034  -0.050   0.906   1.738   1.020 
  8 A   3.473  -2.944  -2.104  -3.724  -3.597  -0.756   0.938  -2.790  -4.138  -0.524  -1.399  -3.679  -0.025  -1.639   3.079   1.253   1.089  -3.625  -3.258   0.285 
  9 A   0.577  -7.445  -7.983  -8.275  -5.521  -7.128  -7.628  -7.925  -7.569   2.818   3.526  -7.317   3.249   1.939  -7.713  -5.318  -3.503  -6.755  -4.281   2.209 
