#HLA-B5004

Last position-specific scoring matrix computed       
            A       R       N       D       C       Q       E       G       H       I       L       K       M       F       P       S       T       W       Y       V 
  1 A   1.041   3.009  -2.605  -6.956  -1.310  -2.497  -5.178   0.174   0.024  -0.914  -0.104   0.692   2.915   0.885  -7.096   0.786  -1.781   1.681   1.762  -1.732 
  2 A  -6.013  -5.283  -5.469  -3.702  -8.674  -1.502   8.030  -7.322  -5.185  -8.404  -8.014  -4.400  -7.058  -8.174  -6.363  -5.260  -6.105  -7.647  -7.054  -7.607 
  3 A  -0.521  -3.233  -0.297  -7.562  -7.017  -2.424  -5.424  -7.604   0.069   1.518   0.369  -6.402   4.374   3.662  -7.748  -1.687  -5.147   3.967   4.778  -1.546 
  4 A   1.155  -1.047   0.849   0.092  -0.453   1.155   1.227  -0.036  -0.180  -2.235  -0.749  -1.756   0.151  -1.088   0.150   1.769   0.077  -1.268  -0.553  -0.886 
  5 A   0.528  -3.163  -1.382  -1.775  -2.510  -2.179  -1.761   1.449   1.120  -0.740   0.962  -3.586   0.024   2.765  -0.083   0.651   0.563   0.244   0.656  -1.776 
  6 A   1.107  -0.369  -1.106  -1.436  -0.688  -0.822  -3.262   1.189  -0.697  -0.131   0.136  -3.634  -1.859   2.006  -1.052   1.602   0.337   0.563  -1.873   0.211 
  7 A  -1.157  -3.563   0.286  -2.420  -2.764   0.309  -0.333  -2.896   0.765   0.816   1.141  -2.976   0.150   0.625   2.260   0.609   1.026   0.209   0.331   0.430 
  8 A   2.217  -4.832  -2.111  -5.098  -4.515  -0.696  -0.533  -3.617  -0.356  -0.891  -1.463  -3.903  -1.420  -2.178   4.955   1.578   1.281  -1.664  -3.014   1.000 
  9 A   2.713  -7.365  -7.745  -7.988  -6.180  -6.919  -7.332  -6.545  -7.527   3.391   1.828  -7.062   3.410   0.296  -7.365  -4.943  -2.960  -3.497  -4.522   2.800 
