#HLA-B4040

Last position-specific scoring matrix computed       
            A       R       N       D       C       Q       E       G       H       I       L       K       M       F       P       S       T       W       Y       V 
  1 A   0.882   5.070  -3.673  -6.812  -3.907  -2.150  -5.445   0.402  -0.721  -2.301  -3.224   1.900   1.402  -0.295  -7.040  -0.323  -3.523   3.973   1.072  -3.889 
  2 A  -5.558  -4.123  -5.215   1.479  -8.369   7.111   5.664  -7.025  -5.108  -7.983  -7.527  -3.050  -0.927  -8.249  -5.949  -5.275  -5.958  -7.617  -6.815  -7.400 
  3 A  -0.957  -2.315  -2.158  -4.608  -6.015  -0.780  -5.066  -7.639  -0.741  -0.436   1.362  -4.621   4.685   3.843  -7.774  -1.538  -3.141   5.127   3.734  -1.270 
  4 A   1.423  -1.901   0.285   1.303  -0.855  -0.558   1.059   0.541  -0.526  -1.476  -0.121  -1.978  -0.039  -0.302   1.114   0.397  -0.309  -0.212   0.213  -2.128 
  5 A   0.823  -1.076  -2.678  -3.033  -1.815  -3.110  -2.830   1.050   0.755   0.152   1.458  -3.173   0.343   1.847  -2.755   0.099  -0.436   0.050   1.207   0.655 
  6 A   1.386   0.426  -0.244  -1.339  -1.828  -0.107  -2.680   0.446   0.686  -0.436   0.221  -2.354  -1.351   1.593  -1.697   1.319   0.378   1.877  -2.748  -0.438 
  7 A  -0.216  -2.353  -0.753  -2.811  -1.291   0.673  -0.913  -3.308   0.618   0.232   0.506  -3.362  -0.377   1.660   2.002   0.199   1.377   0.236   1.549   0.725 
  8 A   3.190  -3.386  -2.457  -4.767  -5.021  -0.171  -0.403  -2.508  -5.779  -2.147  -1.938  -3.823  -2.926  -2.883   4.847   2.145   1.130  -2.061  -3.323  -0.236 
  9 A  -3.189  -7.465  -8.287  -8.576  -6.386  -7.254  -7.901  -8.516  -7.820   2.622   5.092  -7.483   2.369  -1.077  -7.955  -6.793  -4.838  -5.276  -6.034   0.535 
