#HLA-B5805

Last position-specific scoring matrix computed       
            A       R       N       D       C       Q       E       G       H       I       L       K       M       F       P       S       T       W       Y       V 
  1 A  -5.054  -4.592   0.451   4.887  -8.041  -2.660   1.738  -4.266  -4.429  -5.923  -6.019  -4.298  -4.041  -4.516   6.746  -4.376  -4.813  -4.789  -4.128  -6.468 
  2 A  -4.074   1.289   3.218   4.576   0.588  -4.101  -4.134  -3.573   0.900  -7.448  -7.927   4.638  -7.065  -6.189  -0.556  -1.802  -4.930  -5.857  -6.256  -7.680 
  3 A  -0.716  -1.064  -1.176   0.525  -3.210   1.216   3.339   1.234  -2.944  -2.424  -2.810   2.364  -2.536  -4.306   3.100  -1.657  -0.219  -3.031  -3.650  -2.519 
  4 A  -1.778  -0.286   0.899   1.734  -2.851   0.564   1.206   0.208   0.304  -0.698  -0.343   0.460  -2.592  -1.591   0.005  -0.306   0.407  -1.264   0.124   0.059 
  5 A  -1.732   1.853  -1.693   1.946  -2.648   0.820   1.854  -0.715  -0.739  -3.034  -0.814   3.660  -2.956  -3.581   0.461  -1.535  -0.385  -3.631  -2.456  -3.041 
  6 A  -0.802   1.165  -0.183   0.426  -1.042  -0.168   2.681   0.217  -2.016  -2.213  -2.082   3.030  -2.455  -3.587  -0.111  -0.056  -1.345  -3.645  -3.594   0.050 
  7 A  -1.512   1.261   1.196   0.771  -1.379  -0.323   1.055   1.027  -1.626  -2.779  -3.406   3.988  -2.529  -4.832  -0.105  -0.412  -0.000  -5.662  -3.371  -2.009 
  8 A   0.785   0.401  -0.324   4.004   0.713  -1.289   0.757   0.232  -2.258  -1.752  -2.371   1.731  -0.310  -2.498  -0.574  -1.672  -2.637  -2.497  -3.623  -1.517 
  9 A  -5.119  -4.936   1.405   3.500  -4.564   0.970   5.466  -0.751  -4.535  -8.073  -7.998  -5.143  -7.161  -6.585   2.706  -1.631  -0.228   2.828  -6.962  -7.565 
