#HLA-B1310

Last position-specific scoring matrix computed       
            A       R       N       D       C       Q       E       G       H       I       L       K       M       F       P       S       T       W       Y       V 
  1 A   0.023   2.566  -3.823  -7.057  -2.814  -2.516  -5.829  -0.475  -1.451  -0.624   0.101   1.452   2.140   1.399  -7.177   1.084  -1.702   3.428   3.125  -1.795 
  2 A  -4.895  -4.888  -5.368  -1.537  -8.404   6.385   6.628  -7.121  -5.096  -8.033  -7.558  -3.906  -0.942  -8.188  -6.477  -4.766  -5.976  -7.575  -6.824  -7.384 
  3 A  -1.586  -4.821  -1.542  -7.106  -5.964  -1.577  -5.485  -5.892  -1.490   1.667   1.170  -5.794   4.590   3.829  -7.844  -1.414  -3.963   4.874   3.529  -0.887 
  4 A   1.369  -3.124   0.825   1.774  -0.862   0.317   1.916  -0.369   0.307  -2.176  -1.920  -1.687  -0.636  -0.343   0.983   1.727  -0.177  -0.229  -0.955  -2.586 
  5 A   0.559  -2.085  -1.787  -0.883  -1.451  -2.873  -1.288   0.822  -0.111   0.269   0.908  -3.895   0.233   1.543  -3.112   0.574   0.276   0.425   1.766   0.593 
  6 A   1.489  -2.907  -1.503  -2.615  -1.600  -1.770  -3.058  -0.177  -0.841   0.679   0.642  -5.153  -1.279   2.403  -1.833   0.738   1.984   1.174  -1.038   0.502 
  7 A  -0.833  -4.570  -1.212  -1.343  -1.473   0.561  -0.029  -3.676   1.788   0.080   0.994  -3.835  -0.052   1.849   1.319   0.742   0.804   0.910   1.910  -0.108 
  8 A   0.931  -2.432  -1.452  -4.129  -6.706  -0.250  -0.313  -2.058  -1.917  -1.240   0.505  -2.563  -1.052  -0.907   3.484   2.378   1.773  -2.425  -0.856   0.328 
  9 A  -6.921  -7.712  -8.126  -8.530  -7.018  -7.647  -7.995  -8.402  -6.881   2.596   2.360  -7.807   3.125   5.994  -8.436  -7.439  -6.599   4.561  -0.191  -3.643 
