#HLA-B4406

Last position-specific scoring matrix computed       
            A       R       N       D       C       Q       E       G       H       I       L       K       M       F       P       S       T       W       Y       V 
  1 A  -3.465  -4.944  -0.028  -2.994  -0.574  -2.480   0.477  -6.773  -1.035   0.988   1.355  -5.517   5.250   2.640  -7.535  -1.787   0.590   2.493   2.650  -1.776 
  2 A   1.905  -7.051  -6.899  -6.739  -7.208  -6.444  -6.236  -6.360  -7.089  -7.610  -7.752  -6.090  -7.359  -8.537   8.488  -1.767  -3.168  -9.263  -7.595  -6.377 
  3 A   1.699  -3.928   1.482  -1.723  -2.999  -0.037  -0.781  -2.804  -2.262   1.104  -0.141  -3.976   2.462   0.114  -5.335   1.028   0.171   1.889   1.381   0.618 
  4 A   2.057  -2.071  -0.184  -0.685  -1.634   0.413   0.779  -1.516   0.097  -0.850  -0.419  -1.095   0.610  -0.299   0.827   0.721  -0.183   1.649  -0.921   0.099 
  5 A   0.689  -1.953  -2.798  -0.346  -0.559  -0.122  -0.231  -1.408  -1.101   1.042   0.187  -2.338   1.024   1.215  -0.012  -0.247   0.049   1.882  -0.288   1.318 
  6 A   1.986  -2.017  -0.918  -0.597  -2.982  -0.694  -2.433  -0.183  -0.955  -0.634  -0.245  -2.193  -1.210  -0.690  -0.190   1.729   2.256   1.147  -1.422   0.488 
  7 A   0.212  -2.705  -0.679  -1.845  -0.839  -0.191   0.229  -2.613   0.924  -0.870   1.701  -3.383   0.674   2.099  -1.725   0.231   0.799   2.201   1.328  -0.738 
  8 A   1.653  -1.146  -1.359  -2.600  -1.817   0.531   0.622  -1.030  -0.799  -0.995   0.528  -1.802  -1.195   0.253   1.502   1.385   1.106  -1.959  -0.822  -0.474 
  9 A  -7.087  -7.325  -7.604  -8.371  -7.826  -7.039  -7.451  -8.230  -4.541  -1.751  -4.908  -7.411   0.612   5.026  -8.281  -7.166  -6.953   6.077   7.808  -6.083 
