#HLA-B1554

Last position-specific scoring matrix computed       
            A       R       N       D       C       Q       E       G       H       I       L       K       M       F       P       S       T       W       Y       V 
  1 A   0.853   2.289  -4.443  -6.844  -5.989  -0.038  -5.559  -0.581  -0.405  -0.200   0.026   2.392   2.576   0.336  -6.960   1.387  -1.413   1.307   0.845  -1.531 
  2 A  -1.493  -4.958  -5.969  -6.338  -7.233   7.597  -4.014  -6.724  -5.557  -3.960  -0.300  -1.287   6.248  -6.705  -6.935  -2.648  -4.593  -7.184  -6.340  -2.775 
  3 A   0.690   1.759   0.952  -6.958  -5.995  -1.318  -5.637  -5.809   0.892   1.399  -1.618  -1.232   2.502   3.037  -6.562  -0.083  -2.629  -3.112   3.521   0.026 
  4 A   1.536  -1.820   1.500   1.138  -1.319  -0.181   0.887  -0.747  -0.155  -4.631  -2.685  -0.103  -0.305  -2.021   1.921   1.829   0.439  -1.588   1.238  -2.231 
  5 A   0.243  -0.874   1.047  -0.291  -2.064  -1.648  -1.347   0.355   1.743  -1.925   0.114  -1.907  -0.956   0.784  -0.134   1.874   1.066   0.740   1.485  -2.280 
  6 A   0.011  -1.662   0.525  -1.537  -3.023  -0.188  -1.957   0.973  -0.675   0.319  -1.185  -4.084  -1.544   0.629  -0.672   2.161   2.278  -0.680  -0.610   0.597 
  7 A   0.217  -2.487  -0.035  -3.201  -0.959   1.187  -0.133  -1.457   0.918  -1.094   1.188  -2.228  -0.754  -2.205  -0.491   3.146   1.807  -4.361  -2.022  -0.858 
  8 A   2.235  -2.337  -1.750  -3.723  -5.076  -2.733   0.538  -2.750   0.516  -2.109  -1.114  -3.266  -2.361  -1.188   4.002   2.146   0.656  -1.641  -2.363   1.243 
  9 A  -7.112  -7.612  -7.827  -8.416  -7.431  -7.564  -7.816  -8.238  -5.832  -4.765  -1.609  -7.795   4.562   7.403  -8.520  -7.258  -6.882  -2.461   4.150  -5.692 
