#HLA-B1308

Last position-specific scoring matrix computed       
            A       R       N       D       C       Q       E       G       H       I       L       K       M       F       P       S       T       W       Y       V 
  1 A   0.301   2.498  -3.296  -7.164  -0.110  -2.219  -5.944  -0.568  -1.036  -0.021   0.277   0.991   3.132   1.992  -7.239  -0.615  -0.507   2.208   2.068  -1.865 
  2 A  -2.705  -0.952  -4.772   3.722  -8.228   4.951   5.782  -6.549  -5.391  -7.382  -7.561  -3.128   0.336  -8.069  -3.808  -1.639  -5.260  -3.688  -7.036  -7.383 
  3 A  -2.426  -7.160  -1.970  -5.512  -7.079  -2.842  -5.546  -6.553  -3.833   0.654   0.665  -7.123   5.015   4.283  -7.072  -1.898  -4.230   5.803   4.387  -1.516 
  4 A   1.511  -1.780   0.292   1.160  -0.578   0.305   1.831  -1.117  -1.500  -1.176   0.228  -1.939  -1.743  -1.001   0.150   1.571  -0.126   0.182  -0.967  -1.967 
  5 A  -0.119  -2.552  -2.726  -2.905  -0.565  -2.224  -1.121   0.245  -1.917   0.888   1.066  -4.155   1.369   3.190  -1.753  -0.099  -0.748   1.581   1.445   0.294 
  6 A   1.848  -1.687  -1.135  -1.785  -1.433  -0.298  -2.996  -0.168  -0.345   0.151   1.061  -3.530  -2.638   1.990  -1.585   0.962   0.624   1.548  -1.425  -0.092 
  7 A  -1.203  -5.175  -1.161  -0.870  -1.862  -0.367   0.589  -5.014   1.333  -0.519   0.762  -3.910  -0.256   3.066   0.896  -0.866  -0.232   2.122   2.560   0.967 
  8 A   0.396  -3.067  -0.592  -4.377  -4.130   0.683  -0.712  -1.157  -1.552  -0.515   1.110  -2.104  -1.029   0.637   3.439   1.290   1.591  -0.441  -0.810  -1.407 
  9 A  -3.942  -8.020  -8.314  -8.403  -6.340  -7.658  -8.147  -8.648  -8.208   6.405   0.502  -7.658  -2.086  -3.235  -7.914  -7.327  -5.828  -2.954  -6.306   2.292 
