#HLA-B3505

Last position-specific scoring matrix computed       
            A       R       N       D       C       Q       E       G       H       I       L       K       M       F       P       S       T       W       Y       V 
  1 A  -2.866  -3.196  -0.099  -5.209  -2.268  -2.715  -1.211  -5.849  -1.476   1.021   1.484  -5.581   5.036   3.023  -7.616  -1.429   0.063   2.420   3.432  -1.413 
  2 A   1.361  -7.103  -7.010  -6.804  -7.276  -6.502  -6.297  -6.843  -7.140  -7.379  -6.690  -6.138  -3.000  -7.589   8.575  -4.006  -4.058  -9.290  -7.579  -3.481 
  3 A   1.917  -2.232   1.164  -1.902  -2.228  -0.342  -0.656  -3.195  -0.763   0.188  -0.539  -3.620   1.741   0.933  -4.260   1.002   0.347   1.563   1.888   0.755 
  4 A   1.026  -1.506  -0.472   0.331  -1.865   1.045   0.650  -0.161   0.789  -2.305  -1.129  -0.780   0.417  -0.357   1.418   0.717   0.195   2.362   0.517  -0.583 
  5 A   0.721  -2.315  -0.858  -0.427  -0.327   0.120  -0.468  -0.103   1.777  -0.504   0.228  -1.473   0.105   0.895  -0.213   0.448   0.494   1.771  -0.561   0.104 
  6 A   0.745  -0.123  -0.886  -0.251  -2.038  -0.165  -1.650   0.821   0.770  -1.319  -1.519  -2.429  -0.976   0.434   0.080   1.676   2.338   0.868  -0.913  -0.204 
  7 A   0.845  -1.576   0.440  -2.413  -1.126  -0.602  -0.182  -1.164   0.989   0.440   1.182  -3.473   0.233   0.347   0.314   0.293   0.883   0.214   0.531  -0.592 
  8 A   3.775  -3.402  -3.075  -3.426  -2.652  -1.928   0.538  -2.674  -3.433  -1.385  -1.337  -3.411  -1.753  -1.646   3.260   1.447   0.658  -2.473  -3.258   0.653 
  9 A  -6.981  -7.345  -7.637  -8.330  -7.480  -7.079  -7.543  -8.233  -3.732  -4.714  -2.067  -7.456   4.954   6.297  -8.259  -7.102  -6.324  -2.284   6.575  -5.750 
