#HLA-B3518

Last position-specific scoring matrix computed       
            A       R       N       D       C       Q       E       G       H       I       L       K       M       F       P       S       T       W       Y       V 
  1 A  -6.209  -6.965   0.835  -6.723  -2.816  -4.230  -1.869  -7.727  -1.762  -1.068   1.296  -6.899   4.684   4.502  -7.795  -1.830   0.406   3.339   4.220  -2.794 
  2 A  -3.213  -7.180  -7.062  -6.771  -7.673  -6.588  -6.316  -7.174  -7.183  -7.931  -8.039  -6.143  -7.692  -8.865   9.057  -5.875  -6.138  -9.759  -7.771  -7.580 
  3 A   1.988  -4.760   1.227   1.175  -3.340   0.760   0.330  -3.381   0.018  -0.128  -1.279  -5.666   1.498  -0.457  -1.674   0.924   0.438  -0.200   0.824   0.840 
  4 A   1.229  -1.898  -1.259  -0.090  -1.479   0.929   0.954  -0.891   0.195  -1.258  -0.152  -2.342   0.352   0.451   2.174   0.740  -0.361   2.449  -0.310  -0.997 
  5 A   0.805  -2.695   0.604   0.235  -0.833  -0.969   0.462  -0.326   0.691   0.789  -0.301  -3.190   0.703  -0.737  -0.596   0.837   0.251   0.191  -0.527   0.667 
  6 A   1.561  -0.793  -0.016   0.576  -2.266   0.280  -1.085   0.780   0.622  -2.271  -2.099  -1.478  -1.636  -0.400   0.885   1.461   2.064   0.367  -1.177  -1.034 
  7 A   1.106  -3.277   0.493   0.028  -0.316  -1.973  -0.433  -4.002   2.131  -0.360   0.788  -4.590   0.490   1.042  -0.692  -0.043   0.618   0.225   1.038   0.877 
  8 A   3.680  -3.727  -2.220  -2.972  -1.952  -0.959   0.730  -3.761  -3.770  -0.077  -1.666  -3.692  -1.570  -3.133   3.034   1.089   1.641  -5.637  -3.304   0.327 
  9 A  -2.253  -7.441  -8.090  -8.451  -6.564  -7.184  -7.780  -8.295  -7.206   1.997   3.904  -7.454   4.566   3.608  -8.004  -6.644  -5.475  -2.659  -0.509   0.416 
