#B3905

Last position-specific scoring matrix computed       
            A       R       N       D       C       Q       E       G       H       I       L       K       M       F       P       S       T       W       Y       V 
  1 A  -4.560  -5.261   0.643  -6.340  -4.487  -2.439  -2.427  -6.384   1.992  -3.886  -0.753  -5.884   3.816   5.172  -7.547  -1.171  -0.763   5.538   4.383  -3.928 
  2 A  -3.978   1.533  -4.809  -4.775  -7.977   5.627   3.422  -6.324   7.176  -7.586  -5.996  -0.498  -1.167  -5.850  -4.461  -3.921  -5.522  -5.047  -3.959  -7.262 
  3 A   1.281  -5.561   0.071   2.891  -4.937  -0.104   0.708  -4.293  -0.414  -0.472  -0.990  -5.272   2.639   1.474  -2.802   0.118  -0.551   2.581   2.129  -1.378 
  4 A   1.731  -0.947  -0.926   0.211  -1.590   0.874   2.288  -0.023  -1.692  -2.399  -0.692  -1.774  -0.071  -0.836   1.236   0.407  -0.184   1.917   0.282  -1.961 
  5 A   0.767  -2.455  -0.116  -0.703  -1.494  -2.543  -1.907   1.454   0.914   0.441  -0.481  -3.564   1.066   2.012  -0.716   0.077   0.518  -0.430   0.792  -0.251 
  6 A   0.500   0.093   0.891   0.387  -2.627   0.064  -1.268   0.499   1.177  -1.155  -1.295  -1.738  -1.643   1.539  -0.273   1.077   0.851   2.655  -1.077  -0.958 
  7 A   0.965  -3.502   0.343  -1.540  -1.005  -0.238  -0.810  -3.495   1.960  -0.388  -0.985  -3.622  -0.152   2.776   0.104  -0.634   0.146   0.999   2.470   1.161 
  8 A   3.228  -4.040  -3.893  -4.885  -2.715  -0.925  -0.941  -2.892  -2.264   0.137   0.018  -4.157  -0.426  -2.490   3.954   0.475   1.175  -3.638  -2.346   0.450 
  9 A  -4.860  -7.041  -8.053  -8.369  -6.035  -6.895  -7.589  -8.310  -7.530   0.094   5.788  -7.161   1.539  -4.229  -7.669  -7.116  -5.893  -6.625  -5.877   0.104 
