#HLA-B4026

Last position-specific scoring matrix computed       
            A       R       N       D       C       Q       E       G       H       I       L       K       M       F       P       S       T       W       Y       V 
  1 A   0.606   3.520  -3.180  -6.895  -2.560  -1.843  -5.697   0.665  -0.067  -0.589  -0.732   1.237   1.492   0.667  -7.088   0.851  -1.615   3.156   1.805  -2.742 
  2 A  -6.013  -5.291  -5.470  -3.694  -8.677  -2.351   8.048  -7.325  -5.188  -8.408  -8.019  -4.404  -7.068  -8.172  -6.361  -5.260  -6.107  -7.648  -7.058  -7.609 
  3 A   0.085  -1.443   0.584  -5.825  -6.961   0.070  -4.243  -6.913  -0.255   1.351   0.250  -4.476   3.850   3.362  -7.524  -0.350  -3.062   3.121   3.738  -1.135 
  4 A   1.214  -1.865   0.843  -0.050  -0.338   1.388   1.569  -0.385   0.479  -2.407  -1.063  -2.594   0.051  -0.080   0.928   1.078   0.250  -0.211  -0.003  -0.985 
  5 A   0.988  -2.488  -1.176  -1.931  -3.042  -1.849  -1.735   1.912   1.881  -0.350   0.360  -3.676   0.003   0.985  -0.772   1.086   0.733  -1.534   0.729  -0.600 
  6 A   1.691  -0.071   0.324  -1.243  -1.457   0.187  -3.159   1.033   0.449  -1.041  -0.694  -1.653  -3.105   1.064  -0.059   1.279   0.857   0.379  -1.635  -0.466 
  7 A  -0.637  -2.529  -0.136  -3.148  -3.379   1.447  -0.469  -2.507   1.062   0.100   0.834  -2.475   0.132   0.616   1.973   1.079   1.561   0.728   0.404  -0.257 
  8 A   2.425  -2.797  -2.181  -5.270  -6.581  -0.758  -0.003  -4.566  -1.747  -1.126  -2.614  -3.365  -0.726  -3.009   4.485   2.768   1.422  -3.030  -3.550   0.795 
  9 A  -4.314  -7.480  -8.265  -8.563  -6.439  -7.242  -7.907  -8.541  -7.696   2.870   4.703  -7.495   3.693   0.986  -8.007  -7.322  -5.770  -3.409  -5.194   0.506 
