#HLA-B0753

Last position-specific scoring matrix computed       
            A       R       N       D       C       Q       E       G       H       I       L       K       M       F       P       S       T       W       Y       V 
  1 A   0.486   3.791  -1.973  -6.946  -2.803  -3.239  -5.429  -2.263   0.947  -0.536   0.411  -0.048   3.026   0.369  -7.127   1.238  -1.275   2.004   1.931  -2.747 
  2 A  -2.174  -7.191  -7.099  -6.840  -7.513  -6.608  -6.371  -7.184  -7.225  -5.341  -5.454  -6.198  -5.517  -8.525   8.845  -5.567  -5.369  -9.525  -7.659  -1.823 
  3 A   1.728   4.719  -0.226  -4.406  -6.046  -0.077  -2.692  -3.432   0.954  -1.463  -1.629  -2.257   1.042  -0.685  -5.737   0.468  -0.040  -0.663   0.643  -0.604 
  4 A   1.073   0.521  -0.825  -0.817  -2.542   1.478  -0.877  -0.275   1.397  -2.578  -0.844   0.614   0.819  -1.225   1.581   0.580   0.329   1.536   0.372  -1.136 
  5 A   0.696   2.526  -0.828  -3.036  -3.110  -0.201  -4.478   0.251   2.811  -1.185  -1.278   0.378   0.245  -1.212   1.374   0.638  -0.050  -0.426   0.890  -0.794 
  6 A   0.628   3.589  -0.657  -2.732  -5.330   0.252  -2.817   1.526   0.383  -2.151  -0.947  -0.346  -2.406  -1.286  -0.346   1.221   0.922  -0.228  -2.028  -1.846 
  7 A   0.932   1.304   0.173  -4.349  -2.726  -2.054  -2.802   0.572  -0.112  -0.801   0.711  -1.930   0.199  -2.725  -0.419   2.511   1.691  -2.937  -1.604  -0.726 
  8 A   3.724  -2.323  -3.973  -4.744  -3.980  -0.751   0.353  -2.928  -2.577  -2.131  -3.467  -3.483  -1.639  -3.042   4.106   2.350   0.342  -2.502  -3.853   0.370 
  9 A  -0.459  -7.313  -8.105  -8.430  -6.346  -7.017  -7.669  -8.140  -7.601   0.667   4.747  -7.305   4.434   0.222  -7.807  -6.917  -4.542  -6.836  -5.872   1.367 
