#HLA-B3538

Last position-specific scoring matrix computed       
            A       R       N       D       C       Q       E       G       H       I       L       K       M       F       P       S       T       W       Y       V 
  1 A  -5.145  -5.602   0.387  -4.878  -2.535  -3.835  -0.465  -5.851  -1.610  -0.358   1.256  -6.717   5.343   3.781  -6.843  -0.973  -0.041   2.987   3.723  -2.663 
  2 A  -0.865  -7.156  -7.043  -6.317  -7.553  -6.560  -6.302  -7.061  -7.167  -7.801  -7.928  -6.138  -5.665  -8.764   8.929  -5.476  -5.713  -9.626  -7.724  -6.328 
  3 A   2.038  -2.836   1.160  -1.996  -3.647  -0.694  -0.331  -3.798  -0.537   0.854  -0.484  -4.523   2.006   0.402  -2.875   0.678   0.478  -0.181   1.124   1.322 
  4 A   1.461  -1.123  -0.554   0.059  -1.858   1.143   0.720  -1.032   0.553  -2.280  -0.663  -0.895   0.253   0.357   1.459   0.073   0.281   2.083   0.461  -0.696 
  5 A   1.097  -1.918  -0.124  -0.260  -0.440  -0.683  -0.525  -0.286   1.378   0.090  -0.039  -1.936   0.702  -0.274  -0.137   0.636   0.461   1.018  -0.149   0.309 
  6 A   1.045  -0.629  -0.206  -0.517  -1.832  -0.019  -1.826   1.270   0.694  -1.851  -1.763  -2.875  -1.441   0.822   0.271   1.531   2.380   0.551  -1.254  -0.567 
  7 A   1.041  -1.942   0.717  -2.101  -0.968  -1.557  -0.285  -2.484   1.724   0.018   1.398  -4.141   0.584   0.395   0.061   0.626   0.583   0.015   0.035  -0.024 
  8 A   4.096  -4.563  -2.921  -3.939  -2.379  -1.072   0.381  -3.350  -3.443  -0.944  -1.767  -4.037  -1.412  -2.563   3.082   1.268   0.994  -4.484  -4.507   0.637 
  9 A  -2.282  -7.315  -7.860  -7.600  -6.820  -7.009  -7.610  -7.151  -6.342  -0.835   2.812  -7.366   5.802   4.970  -8.050  -6.536  -5.604  -4.286   3.351  -1.164 
