#HLA-B5613

Last position-specific scoring matrix computed       
            A       R       N       D       C       Q       E       G       H       I       L       K       M       F       P       S       T       W       Y       V 
  1 A  -3.637  -2.233  -1.094  -7.713  -2.031  -4.986  -4.960  -6.259  -0.013   0.247   2.833  -6.441   5.462   3.654  -7.815  -2.134  -1.270   1.236   2.006  -2.205 
  2 A  -1.711  -7.167  -7.045  -6.782  -7.577  -6.575  -6.322  -6.727  -7.181  -5.348  -7.512  -6.150  -6.444  -8.732   8.938  -5.505  -4.123  -9.628  -7.723  -6.289 
  3 A   1.550  -0.353   0.999  -1.774  -3.349  -0.797  -2.851  -4.800  -0.502   0.546  -0.918  -3.199   3.648   1.364  -4.638  -0.001   0.006   2.804   2.659   0.154 
  4 A   1.180  -0.182  -1.128  -1.422  -1.292   0.192  -0.371  -1.008   0.456  -0.399   0.929  -2.362   1.150  -0.182   0.709   0.323  -0.848   1.776   0.956  -0.083 
  5 A  -0.238   2.116  -2.264  -3.939  -4.701  -0.408  -1.798  -2.469   1.259   0.538   0.263  -0.402   0.725   1.683   1.562  -1.095  -1.082   1.892   0.763   0.580 
  6 A   0.656   2.066  -0.479  -2.196  -1.473   0.337  -2.317   0.707  -1.055  -1.903  -1.470  -2.450  -2.145   1.939  -0.945   1.592   1.648   1.297  -1.201  -0.328 
  7 A   0.690  -2.162  -0.343  -2.969  -0.825  -1.126  -2.115  -1.829   1.838   0.101   0.706  -4.611   1.647   1.645  -0.877   1.005   0.149   0.252   2.066   0.510 
  8 A   3.641  -3.258  -2.941  -4.867  -3.988  -1.089  -0.476  -3.517  -2.587  -1.349  -0.887  -3.881  -0.578  -1.184   4.167   1.490   0.047  -2.020  -1.892  -0.129 
  9 A   4.782  -7.167  -7.377  -7.573  -4.631  -5.977  -6.833  -6.114  -7.354   2.558  -1.426  -6.266   0.535  -2.502  -6.824  -3.820  -2.596  -7.367  -2.990   3.446 
