#B3549

Last position-specific scoring matrix computed       
            A       R       N       D       C       Q       E       G       H       I       L       K       M       F       P       S       T       W       Y       V 
  1 A  -3.625  -4.928  -0.210  -5.219  -2.530  -2.365  -2.341  -5.677  -0.966  -0.027   1.496  -6.436   5.265   3.608  -7.368  -1.189  -0.980   3.230   4.029  -2.096 
  2 A   2.772  -6.667  -6.588  -6.456  -6.615  -5.447  -5.905  -5.589  -6.727  -5.067  -5.623  -5.759  -1.622  -6.984   8.055  -2.428  -3.774  -8.581  -7.065  -2.269 
  3 A   2.181  -3.482   1.150  -3.960  -3.057  -0.838  -2.990  -3.409  -0.796   1.031  -0.573  -3.489   2.506   1.202  -6.713   0.427   0.244   1.736   2.101   1.143 
  4 A   1.639  -1.563   0.009  -0.233  -1.446   0.185   0.434   0.286   0.388  -2.721  -1.822  -0.662   0.346  -0.606   1.400   1.030   0.418   1.892   0.935  -0.870 
  5 A   1.000  -2.511  -0.956  -0.060  -0.181  -0.951  -0.920   0.212   1.654  -0.503  -0.048  -1.770   0.148   1.074  -0.929   0.613   0.772   1.063   0.334   0.073 
  6 A   0.573  -0.628  -0.778   0.279  -1.240  -0.351  -1.866   1.406   0.029  -1.626  -2.474  -1.563  -1.048  -0.005  -0.144   1.473   2.506   1.634  -0.081  -0.277 
  7 A   1.518  -2.392  -0.137  -2.977  -0.861  -1.717  -0.649  -1.223   0.673  -0.040   1.382  -3.611   0.285   0.754   0.086   0.503   1.357   0.625   0.127  -0.720 
  8 A   3.807  -4.468  -2.948  -4.735  -2.372  -3.036   0.209  -2.383  -2.755  -0.842  -0.813  -3.450  -0.804  -2.178   3.346   1.327   0.325  -4.062  -3.234   0.689 
  9 A  -6.052  -6.916  -7.295  -7.957  -6.940  -6.604  -7.156  -7.864  -3.864  -3.964  -0.131  -7.014   5.584   5.858  -7.822  -6.697  -5.851  -3.942   6.184  -4.021 
