#HLA-B5512

Last position-specific scoring matrix computed       
            A       R       N       D       C       Q       E       G       H       I       L       K       M       F       P       S       T       W       Y       V 
  1 A  -5.489  -6.183  -0.870  -7.145  -2.056  -6.822  -4.123  -7.470  -1.036   0.017   2.450  -6.691   4.812   4.690  -7.955  -2.666  -1.706   1.528   3.469  -2.182 
  2 A  -5.026  -7.187  -7.065  -6.769  -7.713  -6.597  -6.320  -7.217  -7.188  -7.956  -8.063  -6.146  -7.718  -8.890   9.095  -5.910  -6.152  -9.799  -7.785  -7.625 
  3 A   1.531  -3.449   0.433  -0.235  -3.358  -0.722  -1.555  -4.129  -1.468   0.471  -0.679  -4.842   2.325   1.982  -4.033   0.404   0.370   3.665   2.996  -0.164 
  4 A   0.556  -0.764  -0.880  -0.482  -1.647  -0.022   0.292  -0.549  -0.553   0.140   0.798  -2.686   1.148  -0.089   1.148   0.579  -1.049   1.655  -0.238   0.189 
  5 A  -0.123  -0.491  -2.599  -3.653  -3.033  -1.263  -1.706  -2.025  -0.705   1.989   0.801  -2.087   0.765   2.172   0.691  -0.703  -0.865   1.997   0.310   1.280 
  6 A   1.390   0.462  -1.105  -2.242  -1.625  -0.439  -3.533   0.381  -0.443  -0.379  -0.231  -2.675  -1.354   1.691  -0.208   1.211   1.417   0.566  -0.659   0.113 
  7 A   0.622  -4.232   0.009  -0.401  -0.978  -2.334  -0.936  -2.523   1.135   0.653   0.482  -4.927   0.736   2.335  -0.622  -0.030  -0.667  -0.131   2.472   0.789 
  8 A   2.753  -2.460  -2.021  -3.800  -3.297  -0.687   0.157  -2.955  -3.098  -0.143   0.032  -3.034   0.698  -0.557   3.679   0.893   0.305  -1.612  -1.074  -0.445 
  9 A   4.162  -7.229  -7.404  -7.633  -5.269  -6.047  -6.482  -6.047  -7.441   3.088  -0.752  -6.356   0.937  -1.151  -6.967  -2.829  -1.355  -5.484  -4.329   3.403 
