#HLA-B5203

Last position-specific scoring matrix computed       
            A       R       N       D       C       Q       E       G       H       I       L       K       M       F       P       S       T       W       Y       V 
  1 A  -3.054   0.090  -4.640  -7.747   0.581  -3.355  -6.971  -4.806  -0.941   1.932   1.959  -0.781   4.900   2.620  -7.647  -2.200  -0.901   1.476   2.347  -1.514 
  2 A   2.728  -3.176  -3.472   1.362  -6.914   3.244   1.596  -4.426  -5.395  -6.423  -6.332  -2.257   0.907  -7.040   4.220   3.123  -1.090  -2.541  -7.001  -6.264 
  3 A  -0.720  -7.019  -0.764  -3.765  -5.260  -2.432  -5.107  -6.701  -2.610  -0.241   0.430  -6.916   4.814   4.018  -5.700  -0.639  -2.711   4.727   4.411  -0.925 
  4 A   1.756  -2.341  -1.039  -0.644  -1.629  -1.296   0.760  -3.432  -1.386  -0.028   0.857  -2.591  -1.845   0.219   2.268   1.317  -0.183   2.358  -0.802  -0.749 
  5 A  -0.298  -3.250  -3.085  -2.953   0.030  -2.983  -2.428  -1.695  -3.492   2.447   0.813  -4.409   2.185   2.402  -1.299  -0.246   0.138   1.999   0.091   1.394 
  6 A   1.953  -3.796  -0.889  -1.362  -1.436  -0.931  -2.730  -1.244   0.348   0.023   0.238  -3.552  -2.709   2.121   1.242   0.908   1.229   1.884  -0.722  -0.178 
  7 A  -2.196  -5.283  -0.858  -1.039  -1.156  -1.281  -1.161  -7.039   1.459  -1.034   1.195  -6.251   0.753   3.866  -0.041  -0.211  -0.461   2.669   3.117   0.404 
  8 A  -0.211  -3.257   0.061  -6.286  -3.684   0.548  -1.422  -2.444  -0.576   0.858   1.977  -3.114  -0.800   0.534   2.103   0.323   1.933  -1.942  -0.694  -0.163 
  9 A  -6.479  -8.188  -8.389  -8.415  -6.440  -7.823  -8.333  -8.818  -8.216   7.091  -0.658  -7.749  -3.325  -3.039  -8.008  -7.537  -5.926  -0.234  -6.254  -1.673 
