#HLA-B5204

Last position-specific scoring matrix computed       
            A       R       N       D       C       Q       E       G       H       I       L       K       M       F       P       S       T       W       Y       V 
  1 A  -2.206  -1.305  -5.389  -7.913   0.132  -3.935  -7.168  -4.834  -1.984   2.180   2.870  -1.380   5.234   2.055  -7.686  -2.738  -1.743   0.062   0.385  -0.781 
  2 A   2.427  -5.980  -3.754  -1.043  -6.808   1.910   2.448  -4.479  -6.218  -5.114  -4.363  -1.938   2.529  -7.498   4.297   3.224   0.791  -3.715  -6.964  -5.303 
  3 A  -0.861  -6.097  -0.621  -6.499  -5.320  -3.010  -6.542  -7.110  -1.681  -0.356  -0.808  -6.956   4.141   4.596  -6.904  -0.434  -3.135   3.603   5.485  -1.151 
  4 A   1.715  -2.448  -0.664  -0.412  -1.285  -1.531   0.935  -4.755  -1.540  -0.136   0.726  -2.106  -1.036   0.856   2.388   0.837  -0.242   0.872  -0.227  -0.536 
  5 A   0.902  -2.110  -3.370  -3.343  -0.948  -4.892  -3.560  -1.133  -2.631   1.964   0.317  -3.208   1.923   1.866   0.953   0.806   0.419   1.551  -0.356   0.937 
  6 A   1.490  -3.045  -2.381  -2.395  -0.676  -1.910  -3.634  -1.049  -0.028  -0.022   0.368  -5.152  -3.218   2.613   0.708   1.522   1.100   1.895   0.390   0.534 
  7 A  -1.798  -3.615   0.478  -1.601  -1.641  -0.551  -1.745  -6.473   1.190  -0.059   1.659  -4.660   1.185   2.627   0.417   1.226   0.657   0.908   0.730   0.213 
  8 A   0.016  -3.560  -0.272  -5.817  -3.701  -0.278  -1.482  -2.670   0.762   0.656   0.661  -2.424  -1.633   0.986   2.923   1.472   1.650  -1.229   0.332   0.144 
  9 A  -5.840  -8.180  -8.370  -8.398  -6.396  -7.797  -8.304  -8.797  -8.254   7.055  -1.219  -7.729  -2.768  -3.773  -7.967  -7.482  -5.871  -5.525  -6.364   0.058 
