#B3709

Last position-specific scoring matrix computed       
            A       R       N       D       C       Q       E       G       H       I       L       K       M       F       P       S       T       W       Y       V 
  1 A   0.603   1.962  -0.739  -5.870  -1.871  -0.886  -4.439  -1.936  -1.413  -1.160  -1.058   0.271   4.199  -0.504  -6.608   2.921  -0.910   3.580   1.379  -1.609 
  2 A  -5.806  -4.478  -4.734   3.583  -8.247   2.471   7.043  -6.754  -4.971  -7.929  -7.646  -3.975  -3.192  -7.863  -5.531  -4.942  -5.745  -7.459  -6.826  -7.313 
  3 A  -1.781   3.139  -1.445  -6.445  -6.862  -1.897  -5.703  -6.033  -0.205   0.366   0.883  -0.537   3.828   3.028  -6.382  -1.648  -3.727   1.834   3.737  -2.397 
  4 A   0.718  -0.106  -0.248  -0.290   0.226   0.380   1.013  -1.946   0.473  -1.120   1.696  -0.433   1.214   0.610  -2.636  -0.455  -1.733  -1.778   1.130  -1.969 
  5 A  -0.408   2.677  -1.960  -3.173  -3.078  -1.573  -2.651  -1.926   2.476   0.115   0.601   0.340  -0.192   2.571  -1.497  -1.917  -1.265   0.226   1.986  -0.804 
  6 A  -0.501   1.770  -1.840  -4.744  -3.011  -1.505  -4.838  -1.176   1.034   0.518   0.403  -1.243  -4.015   3.561  -3.488   1.085   0.542   1.000   0.131   0.014 
  7 A  -0.216  -1.603  -0.239  -1.930  -0.243   0.503  -1.219  -4.114   1.829  -0.242   1.264  -2.087   1.134   0.411   1.383  -0.229   0.824  -2.998   1.714   0.452 
  8 A   2.545  -4.724  -2.099  -4.031  -4.400  -1.601  -0.671  -4.740  -2.652  -2.095  -2.871  -3.832  -1.777  -4.356   5.677   2.547   1.019  -7.600  -2.992   0.007 
  9 A  -0.796  -7.172  -7.712  -8.004  -6.115  -6.892  -7.430  -7.261  -7.146   3.594   3.517  -7.081   3.675   2.979  -7.533  -5.034  -4.446  -6.186  -4.054   0.404 
