#HLA-B6701

Last position-specific scoring matrix computed       
            A       R       N       D       C       Q       E       G       H       I       L       K       M       F       P       S       T       W       Y       V 
  1 A  -5.515  -5.060   0.749  -7.393  -4.263  -5.008  -3.677  -7.266   0.828  -0.938   1.153  -6.523   4.054   4.851  -7.889  -1.856  -0.678   3.705   4.461  -3.328 
  2 A  -3.111  -7.169  -7.054  -6.768  -7.670  -5.419  -6.305  -6.772  -7.175  -7.930  -8.036  -6.137  -7.684  -8.862   9.045  -5.871  -6.137  -9.746  -7.767  -7.576 
  3 A   2.437  -5.389  -0.288   1.986  -4.120  -0.095  -0.025  -3.617  -0.176  -0.805  -1.061  -5.196   1.435   1.078  -3.458   0.479   0.546   2.100   2.049  -0.476 
  4 A   1.545   0.123  -1.177  -0.307  -1.476   0.068   0.138  -0.090   0.189  -1.960   0.046  -2.042  -0.024  -0.425   2.359   0.270  -0.365   2.074  -0.520  -0.731 
  5 A   0.036  -1.679  -0.045  -1.682  -1.630  -1.231  -1.065  -0.275  -0.018   1.384   0.349  -2.158   0.498   0.307  -0.376   0.019  -0.199   0.731   0.840   1.550 
  6 A   1.802   0.661   0.675  -0.559  -3.739   0.721  -1.525   0.245   0.629  -1.747  -1.386  -0.804  -1.285  -0.946   0.731   1.126   1.734  -0.226  -1.067  -1.327 
  7 A   1.373  -2.156   0.028  -0.672  -2.250  -2.284  -0.975  -2.836   2.039  -0.339   0.298  -4.368   0.560   1.505   0.060   0.331   0.455   1.186   1.647   0.607 
  8 A   3.295  -2.816  -2.104  -3.932  -2.177  -0.767   0.419  -2.710  -3.779  -0.428  -1.043  -3.544  -0.119  -2.285   3.055   1.167   1.774  -2.035  -4.478   0.322 
  9 A  -0.414  -7.440  -8.175  -8.449  -5.500  -7.177  -7.752  -8.191  -7.789   2.377   4.636  -7.387   2.348  -0.884  -7.801  -6.524  -5.316  -6.993  -6.052   1.967 
