#HLA-B9503

Last position-specific scoring matrix computed       
            A       R       N       D       C       Q       E       G       H       I       L       K       M       F       P       S       T       W       Y       V 
  1 A   0.792   2.186  -5.508  -7.036  -5.245  -0.380  -5.735  -0.229  -0.304   0.491   0.103   1.910   2.815   0.922  -7.097   0.308  -2.069   1.676   1.086  -0.608 
  2 A  -1.269  -4.530  -5.733  -6.083  -7.476   7.689  -2.663  -6.579  -5.412  -5.218  -1.972   2.231   5.437  -7.174  -6.747  -2.929  -5.426  -7.297  -6.429  -4.841 
  3 A   0.397   0.815   0.778  -6.563  -7.094  -0.628  -5.384  -5.369   1.121   0.104  -0.856  -2.314   2.374   3.562  -7.427  -0.640  -2.439   1.401   4.500  -0.493 
  4 A   1.329  -1.731   1.182   1.353  -1.321  -0.786   0.987  -0.247   0.312  -3.957  -1.986   0.150   0.110  -1.935   1.849   1.682   0.260  -1.985   0.335  -2.297 
  5 A   0.401  -1.090   0.067  -1.024  -2.276  -1.536  -1.366   0.651   1.572  -1.755   0.050  -2.185  -0.445   0.871  -0.065   2.025   0.856   1.179   1.582  -1.313 
  6 A   0.593  -1.583   0.229  -1.541  -2.241  -0.899  -2.159   1.652  -0.813   0.128  -1.090  -3.761  -1.923   0.871  -0.757   2.102   2.115  -0.003  -1.806  -0.099 
  7 A  -0.383  -1.346   0.285  -4.254  -1.277   1.280  -0.855  -1.185   0.451  -0.802   1.031  -1.629  -0.635  -1.492   0.728   2.886   2.172  -2.942  -2.539  -1.307 
  8 A   2.109  -2.029  -1.752  -3.267  -4.499  -2.080  -0.111  -3.485  -0.704  -1.357  -0.923  -3.404  -2.825  -2.281   4.101   2.210   1.351  -2.038  -2.797   1.319 
  9 A  -7.111  -7.647  -7.886  -8.443  -7.372  -7.633  -7.869  -8.249  -6.084  -4.016  -0.409  -7.842   4.525   7.425  -8.554  -7.296  -6.868  -0.069   3.038  -5.600 
