#HLA-B5108

Last position-specific scoring matrix computed       
            A       R       N       D       C       Q       E       G       H       I       L       K       M       F       P       S       T       W       Y       V 
  1 A  -4.742  -6.051  -0.166  -4.253   0.906  -3.915  -0.892  -7.794  -0.112   0.781   2.523  -6.055   4.166   3.422  -7.679  -1.834   0.059   0.294   1.991  -0.798 
  2 A  -0.904  -7.131  -6.975  -6.290  -7.529  -6.533  -6.281  -6.648  -7.146  -7.841  -7.957  -6.122  -7.587  -8.759   8.886  -3.050  -4.095  -9.591  -7.716  -7.428 
  3 A   0.620  -4.847   0.709  -0.272  -4.620  -0.522   0.058  -3.641  -0.886   0.676   0.534  -3.859   2.822   1.500  -3.321  -0.107  -0.003   2.013   2.593   0.060 
  4 A   0.970  -1.736  -1.660   0.222  -1.458  -0.491   1.037  -2.411  -0.809   0.535   1.164  -2.100   0.231   0.075   0.437   0.622   0.055   1.156  -0.704  -0.313 
  5 A  -0.181  -0.039  -1.321  -1.211  -2.496  -0.990  -0.186  -2.295  -1.088   1.681   0.150  -1.695   1.417   0.715  -0.227   0.376  -0.532   2.455   0.117   1.240 
  6 A   1.274  -1.419  -0.734  -0.868  -1.276  -0.537  -2.269  -1.261  -0.444   0.145   0.621  -2.523  -1.157   1.823   0.192   0.961   0.995   0.734  -0.104   0.071 
  7 A  -0.349  -3.113   0.338  -0.324  -0.333  -0.520   0.196  -4.230   1.735   0.025   0.815  -3.391   0.734   1.878  -0.159  -0.123  -0.671   1.448   1.786   0.664 
  8 A   0.832  -1.148  -1.039  -3.148  -3.027   0.701   0.294  -2.322  -1.542   0.682   0.392  -1.439   0.946   0.370   1.288   1.027   1.297  -0.433  -0.605   0.050 
  9 A  -5.509  -8.099  -8.332  -8.400  -6.358  -7.723  -8.212  -8.730  -8.238   6.684  -0.848  -7.697  -2.102  -2.777  -7.941  -7.395  -5.824  -3.585  -6.293   2.054 
