#HLA-B1811

Last position-specific scoring matrix computed       
            A       R       N       D       C       Q       E       G       H       I       L       K       M       F       P       S       T       W       Y       V 
  1 A  -3.208  -2.814   1.252   0.751  -2.843  -1.653   0.613  -3.675   0.349  -1.158  -0.158  -3.654   3.858   2.357  -7.299   0.702   0.265   3.311   3.654  -2.779 
  2 A  -5.752  -5.294  -5.473  -3.698  -8.671  -2.354   8.042  -7.322  -5.190  -8.404  -8.017  -4.406  -7.068  -8.172  -5.806  -5.259  -6.106  -7.650  -7.058  -7.606 
  3 A   0.268  -2.617   0.202  -3.142  -3.345   0.149  -1.771  -5.164  -0.651   1.776   1.084  -3.905   2.315   1.790  -5.082   0.204  -1.202   2.565   2.470   0.565 
  4 A   0.804  -2.362  -0.321   1.136  -1.507   0.911   2.395   0.227   0.564  -1.987  -1.121  -1.534  -0.270  -0.503   0.777   1.008  -0.977   1.652   0.150  -1.779 
  5 A   1.396  -1.593   0.036  -0.025  -3.048  -2.132  -1.177   0.526   1.059   0.754   0.318  -2.863   0.556   1.426  -1.964  -0.042  -0.316  -1.198   0.973  -0.519 
  6 A   0.381   0.437   0.055  -0.375  -2.530   0.050  -2.319   0.180   0.995  -0.407   0.073  -1.038  -1.695   2.066  -1.054   0.894   0.367   0.737  -0.090  -0.791 
  7 A   0.373  -2.136  -0.468  -2.236  -1.463   0.498  -0.973  -2.878   1.624   0.962   0.167  -3.357   0.035   1.377   1.100   0.238   0.654   0.424   2.021   0.244 
  8 A   3.242  -3.714  -0.951  -3.703  -5.689  -0.669   0.346  -2.272  -4.574  -1.256  -1.715  -3.380  -1.788  -3.703   4.278   1.498   1.190  -4.505  -2.662   0.163 
  9 A  -3.775  -7.442  -7.866  -8.395  -7.044  -6.476  -7.711  -8.218  -4.384  -1.914   2.191  -7.556   4.976   6.186  -8.248  -6.659  -5.420  -1.844   3.425  -2.459 
