#HLA-B1521

Last position-specific scoring matrix computed       
            A       R       N       D       C       Q       E       G       H       I       L       K       M       F       P       S       T       W       Y       V 
  1 A  -3.494  -2.614  -1.653  -4.436  -5.327  -2.002  -1.042  -5.813   2.061  -0.704  -0.093  -4.131   5.782   3.849  -7.640  -0.522  -0.908   3.956   3.436  -2.819 
  2 A   3.952  -6.332  -6.513  -6.904  -5.423   2.687  -5.016  -4.681  -5.808  -1.299   0.214  -4.404   4.864  -5.970  -0.999   1.416   0.589  -7.399  -6.577   0.432 
  3 A   1.087   0.588   0.468  -6.091  -4.682  -1.222  -5.341  -5.773   1.719   0.520  -1.389  -1.782   2.370   3.392  -6.562   0.256  -2.646  -0.731   4.324  -0.919 
  4 A   1.193  -1.910   0.270   1.848  -0.735   0.262   1.749  -0.065  -0.376  -4.527  -2.970   0.074  -0.002  -1.266   1.665   1.399  -0.083   0.864   0.739  -3.221 
  5 A   0.918  -0.449  -0.807  -0.822  -2.290  -0.672  -1.499   1.613   2.692  -2.059  -0.764  -2.548  -2.892   1.114   0.501   1.921   0.542   0.569   0.481  -2.646 
  6 A   0.436  -1.408   0.591  -1.072  -2.724  -2.778  -2.674   1.385  -1.075  -0.933  -1.885  -3.725  -0.716  -0.139  -0.742   2.579   3.175  -0.961  -0.741  -0.117 
  7 A   0.924  -2.789   0.948  -4.544  -0.424  -0.101  -1.866  -1.125   1.121  -1.249   1.544  -3.172   0.132  -0.536   1.068   2.561   1.249  -4.323  -1.681  -1.635 
  8 A   3.778  -4.389  -3.634  -5.776  -3.223  -3.705  -1.030  -2.247  -1.975  -2.280  -2.213  -3.911  -3.491  -2.731   4.583   1.885   0.110  -7.798  -4.539   1.274 
  9 A  -7.006  -7.305  -7.574  -8.325  -7.631  -7.015  -7.472  -8.252  -4.667  -5.596  -3.527  -7.399   3.888   5.951  -8.202  -7.088  -6.862  -2.565   7.491  -5.953 
