#HLA-B0755

Last position-specific scoring matrix computed       
            A       R       N       D       C       Q       E       G       H       I       L       K       M       F       P       S       T       W       Y       V 
  1 A  -0.199   3.283  -1.887  -7.044  -4.209  -3.314  -5.243  -3.206   1.159   0.043   0.454  -0.843   3.232   1.469  -7.236   1.141  -0.795   2.120   2.877  -2.698 
  2 A  -1.832  -7.188  -7.093  -6.837  -7.495  -6.603  -6.366  -7.165  -7.224  -5.331  -6.450  -6.196  -5.526  -8.537   8.829  -5.549  -5.062  -9.518  -7.657  -1.576 
  3 A   2.394   4.590  -0.003  -6.177  -5.959  -0.764  -2.719  -2.971   0.316  -0.896  -2.567  -2.692   0.898  -1.488  -3.238   0.209  -0.239  -1.566   0.564   0.083 
  4 A   1.189   0.130  -0.667  -0.509  -2.813   1.771  -1.057  -0.470   1.744  -2.294  -1.555   0.544   0.881  -1.497   2.016   0.952   0.333   1.765   0.509  -2.103 
  5 A   1.026   0.980  -0.179  -2.538  -2.051  -0.573  -3.169   0.014   2.403  -0.632  -0.221  -0.952   1.187  -0.888   1.727   0.639   0.415  -0.435   0.087  -0.618 
  6 A   0.684   3.076  -1.579  -2.414  -4.192  -0.206  -3.414   1.606   0.003  -1.880  -0.379  -0.640  -1.584  -0.722  -0.844   0.924   1.932  -0.694  -1.439  -1.740 
  7 A   1.242   1.306   0.441  -3.718  -2.465  -1.623  -2.536   0.779   0.533  -1.549   0.142  -2.567  -0.442  -3.236  -0.654   2.780   1.855  -5.505  -2.065  -0.709 
  8 A   4.066  -3.230  -3.211  -4.750  -4.398  -1.162   0.431  -3.003  -1.748  -2.696  -3.290  -4.345  -1.304  -3.362   3.798   2.134  -0.028  -2.053  -3.843   0.659 
  9 A  -0.991  -7.290  -8.051  -8.411  -6.429  -6.987  -7.660  -8.154  -7.428   0.166   4.535  -7.307   5.239   2.172  -7.870  -5.773  -4.580  -6.584  -5.459   0.546 
