#HLA-B2725

Last position-specific scoring matrix computed       
            A       R       N       D       C       Q       E       G       H       I       L       K       M       F       P       S       T       W       Y       V 
  1 A  -1.482   5.613  -2.892  -6.701  -3.608  -3.580  -4.732  -3.777   2.446  -6.038  -3.713   2.244   1.074   0.186  -7.065   0.641  -4.516   3.023   2.747  -6.232 
  2 A  -6.563   7.925  -5.568  -6.647  -8.485   2.452  -5.038  -7.445  -5.427  -8.186  -7.309  -2.665  -4.077  -8.053  -7.129  -5.815  -6.216  -7.489  -6.878  -7.583 
  3 A  -1.174   0.518  -1.926  -7.680  -7.196  -1.945  -6.927  -7.236   0.240   1.434  -0.397  -2.320   2.975   4.750  -7.832  -2.964  -4.462   4.305   4.059  -1.538 
  4 A   1.925   1.297   1.093  -0.979  -1.669   1.059  -0.693   0.967   0.884  -2.522  -2.075  -0.559  -0.397  -2.871  -0.412   1.234  -0.346   0.387   1.493  -2.851 
  5 A  -0.486   1.776   0.165  -2.209  -3.441   0.145  -2.763   0.138   1.795  -0.467  -0.538  -0.197   0.446   1.244  -1.155   0.293   1.015   1.784   1.040  -1.040 
  6 A   1.124   1.540  -1.470  -3.706  -4.085   0.512  -3.355  -1.101  -2.813  -0.111   1.308  -2.206  -1.441   0.009   0.069   1.292   1.732   1.286  -1.811  -0.281 
  7 A   0.611  -0.224  -0.563  -3.455  -1.440   0.754  -1.517  -0.657   0.276  -1.170   1.025  -3.107   0.309  -1.532  -0.129   2.216   1.604   0.379  -0.259   0.014 
  8 A   1.926  -0.564  -1.434  -5.062  -3.650  -0.860  -1.076  -1.053  -0.812  -2.927   0.330  -2.628  -2.099  -1.511   2.957   2.694   1.471  -2.952  -1.331   0.019 
  9 A   0.906  -1.622  -6.564  -7.714  -6.844  -5.629  -6.736  -7.559   0.140   1.386   2.085   1.386   3.358   1.765  -7.418  -6.318  -3.948  -5.622   4.659  -0.749 
