#HLA-B5509

Last position-specific scoring matrix computed       
            A       R       N       D       C       Q       E       G       H       I       L       K       M       F       P       S       T       W       Y       V 
  1 A  -0.210   0.795  -2.762  -7.495  -2.746  -5.718  -6.837  -4.477  -0.531   0.074   2.021  -3.881   4.294   3.067  -7.486   0.836  -1.458   1.717   2.689  -1.813 
  2 A  -5.931  -7.190  -7.068  -6.770  -7.724  -6.600  -6.323  -7.232  -7.190  -7.954  -7.674  -6.148  -7.715  -8.889   9.103  -5.922  -6.157  -9.806  -7.787  -7.633 
  3 A   1.937   2.269   0.280  -4.556  -6.847  -0.774  -5.236  -4.282   0.321  -0.008  -1.287  -3.455   2.954   1.653  -5.388  -0.621   0.366   1.811   2.933   0.001 
  4 A   1.166  -0.317  -1.359  -2.009  -2.504   0.978  -0.994  -0.800   1.262  -0.475   0.157  -1.026   1.566  -0.519   1.200   1.085  -0.190   1.161   0.454  -0.436 
  5 A  -0.034   1.423  -0.455  -3.363  -4.182  -1.937  -2.373  -0.918   1.379   0.124  -0.359  -1.024   0.778   1.270   2.261   0.682  -0.149   1.163  -0.368   0.449 
  6 A   0.969   2.297  -1.412  -3.649  -2.049   0.525  -4.166   1.708  -0.792  -1.532  -0.940  -2.241  -1.583   0.985  -0.673   1.307   1.858   0.385  -1.136  -1.318 
  7 A   0.496  -0.839   0.459  -2.209  -2.226  -1.446  -3.240  -0.205   0.525   0.074   1.037  -4.280   0.648  -0.723   0.609   2.172   1.338  -4.289  -0.439  -0.032 
  8 A   3.497  -3.265  -2.921  -5.093  -4.982  -1.951  -0.528  -3.756  -2.607  -1.545  -2.158  -4.217  -1.290  -2.097   4.821   2.035   0.059  -2.509  -4.501   0.467 
  9 A   3.442  -7.289  -7.635  -7.863  -6.062  -6.784  -7.159  -7.045  -7.537   2.969   0.724  -6.923   3.547  -1.447  -7.181  -4.752  -3.040  -7.260  -5.631   3.571 
