#HLA-B4901

Last position-specific scoring matrix computed       
            A       R       N       D       C       Q       E       G       H       I       L       K       M       F       P       S       T       W       Y       V 
  1 A   0.716   2.802  -3.067  -6.970  -0.333  -1.360  -5.435   0.168  -1.197  -0.184   0.658   1.687   1.520   0.389  -7.076   0.392  -1.440   0.738   0.954  -1.043 
  2 A  -6.013  -5.294  -5.471  -3.691  -8.679  -2.701   8.053  -7.326  -5.189  -8.409  -8.021  -4.405  -7.071  -8.171  -6.360  -5.260  -6.108  -7.649  -7.059  -7.610 
  3 A  -1.301  -5.311   0.335  -4.282  -6.055  -1.807  -4.798  -6.360  -0.018   1.061   0.474  -5.392   3.662   3.692  -7.690  -0.531  -2.839   3.864   4.896  -1.652 
  4 A   1.452  -1.507   0.226  -0.359  -0.209   0.680   2.016  -1.642  -1.344  -0.978   0.197  -1.536  -0.677  -1.792   0.151   1.225   0.827  -0.705  -1.090  -0.790 
  5 A   0.104  -2.388  -0.884  -0.864  -1.467  -2.666  -0.811   1.198  -0.555   0.585   0.602  -2.675   0.122   1.947  -0.615   0.468   0.359   0.415   0.981  -0.484 
  6 A   1.297  -1.061  -1.699  -2.078  -0.085  -1.883  -2.901  -0.033  -0.697   0.909   0.609  -2.256  -1.996   1.828  -0.149   0.885   0.101   1.552   0.136   0.087 
  7 A  -0.964  -3.350   0.146  -0.637  -2.528   0.197   0.580  -2.695   1.065  -0.234   0.609  -1.771   0.021   0.388   2.442   0.242   0.807   0.212   1.016   0.451 
  8 A  -0.721  -1.894   0.133  -3.969  -2.501   0.389  -0.271  -2.272   0.177   0.421   1.023  -0.997  -0.609  -0.041   2.612   0.655   1.196  -0.957  -0.610   0.504 
  9 A  -5.492  -7.916  -8.323  -8.456  -6.348  -7.590  -8.111  -8.682  -8.152   5.896   1.982  -7.646  -0.643  -2.473  -7.948  -7.366  -5.871  -1.609  -6.214   2.544 
