#HLA-B0731

Last position-specific scoring matrix computed       
            A       R       N       D       C       Q       E       G       H       I       L       K       M       F       P       S       T       W       Y       V 
  1 A  -0.052   3.485  -1.568  -6.477  -2.293  -2.656  -5.168  -2.611   1.078  -0.066   0.871   0.147   2.928   0.418  -7.175   0.996  -0.990   2.100   1.542  -2.223 
  2 A  -1.589  -7.179  -7.082  -6.820  -7.521  -6.592  -6.350  -7.139  -7.206  -5.676  -6.063  -6.179  -5.561  -8.595   8.867  -5.533  -5.371  -9.551  -7.678  -2.731 
  3 A   1.710   4.916   0.186  -3.929  -5.336   0.726  -1.830  -3.413   0.886  -1.513  -2.273  -1.686   0.330  -1.623  -4.515   0.479   0.108  -1.253  -0.443  -1.235 
  4 A   0.953   0.478  -0.818  -0.575  -2.080   1.249  -1.210  -0.394   1.743  -2.802  -1.185   0.612   0.411  -1.220   1.947   0.687   0.658   1.876   0.827  -1.588 
  5 A   0.853   2.421  -0.409  -2.762  -2.809  -0.123  -3.877   0.016   2.773  -1.183  -1.012   0.099   0.337  -1.973   1.498   0.642   0.192  -0.947   0.763  -0.926 
  6 A   0.184   3.744  -0.714  -1.967  -6.136   0.197  -2.440   1.397   0.865  -2.260  -1.462   0.033  -2.430  -1.379  -0.665   1.166   1.411  -0.455  -1.722  -2.283 
  7 A   0.902   1.575   0.478  -4.128  -2.476  -1.623  -2.664   0.132   0.696  -1.455   0.687  -1.997   0.287  -2.577  -0.664   2.381   1.690  -2.411  -0.971  -0.697 
  8 A   3.741  -2.424  -2.722  -4.495  -3.976  -0.390   0.397  -3.350  -2.338  -1.961  -3.362  -3.076  -1.300  -3.361   3.761   2.172   0.552  -3.024  -3.565   0.578 
  9 A  -1.144  -7.326  -8.110  -8.457  -5.588  -7.057  -7.713  -8.212  -7.495   0.434   4.748  -7.353   4.677   1.988  -7.894  -6.556  -4.597  -6.617  -5.510   0.348 
