#HLA-B0732

Last position-specific scoring matrix computed       
            A       R       N       D       C       Q       E       G       H       I       L       K       M       F       P       S       T       W       Y       V 
  1 A  -0.631   2.251  -0.340  -6.952  -2.528  -2.546  -3.427  -3.319   1.803  -0.753   1.060  -2.031   4.256   1.440  -6.551   1.166  -1.136   2.306   2.538  -2.689 
  2 A  -1.711  -7.205  -7.148  -6.928  -7.372  -6.635  -6.452  -6.824  -7.264  -2.374  -2.687  -6.269  -2.399  -8.081   8.578  -5.314  -4.307  -9.233  -7.523  -1.029 
  3 A   1.345   4.634   0.013  -3.153  -5.360   0.146  -2.039  -3.112   0.741  -1.560  -1.682  -1.043   1.301   0.307  -6.296   0.350  -0.309  -0.649   0.956  -1.869 
  4 A   1.270   1.461  -0.615  -1.882  -1.162   0.741  -0.824  -0.697   1.747  -2.697  -0.947   1.075   0.962  -0.814   0.926   0.033   0.365   1.298   1.221  -2.020 
  5 A  -0.302   3.867  -0.670  -3.027  -4.319  -0.483  -3.987  -0.768   3.034  -1.284  -1.772   1.209   0.143  -1.128   1.062  -0.130  -0.555  -0.415   1.378  -1.599 
  6 A  -0.052   3.551   0.403  -1.955  -2.561   1.021  -2.535   0.353   0.558  -1.709  -1.440  -0.015  -2.639  -0.970  -0.197   1.332   1.166  -0.708  -2.539  -1.204 
  7 A   1.003   0.972   0.521  -3.955  -2.717  -1.648  -3.495  -0.006   0.531  -1.082   0.657  -2.720   0.631  -2.432  -1.124   2.512   1.826  -1.267  -1.078  -0.094 
  8 A   3.752  -2.120  -3.986  -4.768  -3.977  -1.776  -0.097  -3.703  -3.767  -1.925  -3.390  -3.216  -1.476  -2.757   4.543   2.518   0.072  -4.536  -4.554   0.019 
  9 A  -0.580  -7.335  -8.155  -8.471  -6.328  -7.076  -7.705  -8.189  -7.695   0.375   5.017  -7.341   3.465  -0.723  -7.815  -6.523  -4.792  -6.913  -6.004   1.572 
