#HLA-B4409

Last position-specific scoring matrix computed       
            A       R       N       D       C       Q       E       G       H       I       L       K       M       F       P       S       T       W       Y       V 
  1 A   1.532   0.328  -0.444  -5.796  -2.257  -0.149  -1.687   0.195  -2.023  -0.975  -0.385   0.048   3.376   0.156  -6.969   1.801  -0.399   3.153   1.622  -2.499 
  2 A  -4.894  -5.256  -5.471  -3.590  -8.619   0.698   7.922  -7.292  -5.186  -8.335  -7.935  -4.397  -4.299  -8.157  -6.372  -5.255  -6.090  -7.638  -7.030  -7.558 
  3 A   0.992  -2.642   0.194  -5.157  -5.706  -1.504  -4.700  -5.796  -2.793   2.410   0.303  -4.704   4.377   0.851  -7.296   1.415  -2.314   3.017   1.455   0.892 
  4 A   1.852  -2.728   0.543   1.518  -1.137   1.053   1.326  -1.267  -0.287  -1.515  -0.038  -1.943  -0.127  -1.404  -1.540   1.525  -0.226  -1.264  -0.194  -1.359 
  5 A   0.963  -1.119  -2.501  -1.088  -3.372  -0.813  -1.338  -0.116   0.461  -0.693   1.271  -2.539   0.660   2.206  -2.115   0.151  -0.064   0.610   2.146  -0.533 
  6 A   1.682  -1.572  -0.240  -2.011  -1.420   0.435  -3.349   0.426  -2.126  -0.368   0.881  -3.750  -0.752   0.495  -2.507   2.284   1.635  -0.961  -2.890  -0.525 
  7 A   0.124  -3.556  -2.033  -3.720  -0.201   1.387  -0.613  -3.548   0.087   0.169   1.926  -2.986   0.446   1.727   0.308   0.465   1.375   0.900   0.817  -1.275 
  8 A   2.903  -1.625  -1.628  -2.549  -6.693   0.012   1.053  -1.351  -3.337  -3.265  -1.516  -3.054  -0.866  -1.955   3.703   2.096   0.191  -1.636  -1.233  -0.252 
  9 A  -1.342  -7.192  -7.584  -8.223  -7.133  -6.800  -7.370  -6.326  -3.155  -1.328   0.700  -7.197   5.066   4.394  -7.932  -6.375  -5.062   0.839   6.568  -2.070 
