#B3922

Last position-specific scoring matrix computed       
            A       R       N       D       C       Q       E       G       H       I       L       K       M       F       P       S       T       W       Y       V 
  1 A  -2.472   1.235  -1.797  -6.996  -3.911  -2.308  -5.817  -4.391   2.077  -3.633  -0.690  -3.356   3.456   4.350  -7.300   0.287  -1.908   4.887   4.820  -4.078 
  2 A  -5.598   4.979  -4.932  -5.559  -7.928   6.989  -0.824  -6.321   4.107  -7.536  -5.640   0.584  -2.558  -6.759  -6.457  -5.160  -5.699  -5.101  -5.059  -7.068 
  3 A   0.409  -4.081   0.034   1.043  -4.281   0.592  -0.593  -4.616  -0.386  -0.128   1.029  -4.228   3.183   1.639  -4.942  -1.375  -1.452   3.949   3.178  -1.026 
  4 A   1.528   0.275  -0.139  -0.866  -0.361   0.039   1.372  -0.148  -0.376  -2.141  -0.063  -1.087   0.345  -1.159   1.617   0.286  -0.163   1.534   0.107  -2.174 
  5 A   0.385  -1.698  -0.323  -1.838  -1.882  -2.492  -2.371   1.287   1.067   0.306   0.574  -2.142   0.672   1.875  -2.013   0.318   0.718   0.079   1.122  -0.622 
  6 A   0.457   0.001   0.730  -1.004  -3.563  -0.193  -1.874   0.224   1.545  -0.552  -0.622  -1.765  -1.274   1.731  -0.043   0.775   1.123   2.854  -0.940  -0.659 
  7 A   0.377  -3.222   0.086  -1.708  -2.224  -0.242  -1.341  -4.006   2.139   0.489  -0.675  -4.274  -0.007   3.145  -0.514  -0.710  -0.446   0.620   2.782   1.308 
  8 A   3.523  -4.601  -3.689  -5.860  -2.653  -0.730  -1.675  -3.511  -2.208  -1.279  -0.564  -4.298  -1.784  -2.607   4.163   1.166   1.498  -7.169  -1.759   0.699 
  9 A  -5.511  -7.047  -8.033  -8.333  -5.991  -6.911  -7.584  -8.309  -7.544   1.044   5.711  -7.153   0.328  -4.488  -7.636  -7.109  -5.834  -6.616  -5.857   0.459 
