#HLA-B0726

Last position-specific scoring matrix computed       
            A       R       N       D       C       Q       E       G       H       I       L       K       M       F       P       S       T       W       Y       V 
  1 A  -0.060   3.421  -2.247  -7.106  -3.778  -3.551  -5.561  -3.326   0.942   0.430   0.715  -0.511   3.423   1.110  -7.250   0.729  -1.140   2.111   2.251  -2.111 
  2 A  -2.731  -7.192  -7.092  -6.826  -7.555  -6.607  -6.362  -7.198  -7.219  -5.403  -6.054  -6.189  -5.559  -8.593   8.898  -5.575  -5.380  -9.579  -7.684  -2.325 
  3 A   1.993   4.581  -0.299  -5.180  -6.028  -0.087  -2.482  -3.431   0.580  -1.397  -1.577  -2.587   0.831  -0.046  -5.746   0.114  -0.146  -0.909   1.425  -0.683 
  4 A   1.166   0.115  -0.905  -0.523  -2.799   1.194  -1.222  -0.435   1.571  -1.926  -0.638   0.230   0.896  -1.390   1.876   0.816   0.151   1.764   0.302  -1.173 
  5 A   0.879   1.581  -0.424  -2.776  -2.525  -0.072  -3.149   0.283   2.363  -0.828  -0.460  -0.593   0.524  -0.813   1.155   0.637   0.239  -0.202   0.518  -0.348 
  6 A   1.038   3.144  -1.678  -3.015  -4.681  -0.359  -2.852   1.463   0.543  -1.895  -0.658  -0.425  -1.595  -0.727  -0.666   1.252   1.383  -0.448  -1.565  -1.749 
  7 A   0.950   1.239   0.164  -4.177  -2.729  -1.785  -3.511   0.538   0.178  -0.690   0.891  -1.860   0.114  -1.974   0.077   2.138   1.399  -4.345  -1.456  -0.428 
  8 A   3.896  -2.949  -4.238  -4.790  -3.945  -0.961   0.042  -3.232  -3.431  -2.002  -2.959  -3.991  -1.447  -3.531   3.816   2.213   0.555  -2.500  -3.861   0.902 
  9 A  -1.296  -7.293  -8.082  -8.444  -6.430  -7.004  -7.684  -8.206  -7.455  -0.155   4.679  -7.326   5.127   2.042  -7.891  -6.538  -4.360  -6.596  -5.489   0.544 
