#HLA-B1809

Last position-specific scoring matrix computed       
            A       R       N       D       C       Q       E       G       H       I       L       K       M       F       P       S       T       W       Y       V 
  1 A  -4.095  -4.351   1.709   2.860  -1.911  -2.917   1.451  -5.822  -0.576  -1.018   0.194  -5.532   2.802   2.268  -7.262  -0.027  -0.023   2.487   3.210  -2.725 
  2 A  -5.753  -5.306  -5.476  -3.385  -8.664  -2.535   8.022  -7.320  -5.201  -8.402  -8.020  -4.417  -7.074  -8.176  -3.737  -5.263  -6.107  -7.661  -7.065  -7.608 
  3 A  -0.779  -3.812  -0.211  -4.230  -3.355  -0.160  -2.720  -4.679  -0.209   2.000   1.599  -2.426   2.850   2.182  -3.395  -0.958  -1.381   2.729   2.270   0.497 
  4 A   1.095  -2.473  -0.151   0.827  -0.467   0.043   2.390  -0.274   0.208  -1.672  -0.623  -0.718  -0.478  -0.707   0.506   0.816  -0.975   2.170  -0.726  -1.183 
  5 A   0.628  -0.256  -0.401  -0.344  -2.264  -1.226  -1.331  -0.156  -0.205   1.383   0.124  -2.417  -0.273   1.161  -1.376  -0.654  -0.375   0.043   1.759   0.715 
  6 A   1.060  -0.406  -0.590  -0.873  -2.502  -1.113  -2.485  -0.958   0.990   0.401   0.275  -1.483  -1.475   2.592  -1.839   0.326   0.612   0.423   0.839  -0.215 
  7 A  -0.055  -2.967   0.012  -2.239  -1.142   0.305  -0.613  -4.229   1.636   0.420   0.491  -3.389   0.409   2.114   0.179   0.059   0.181   0.277   3.024   0.171 
  8 A   1.602  -2.162  -0.057  -2.687  -4.106   0.594   0.006  -0.914  -1.875  -0.876  -0.565  -0.844  -1.738  -0.702   2.595   1.865   1.340  -4.328  -0.109  -0.259 
  9 A  -7.052  -7.621  -7.926  -8.477  -7.332  -7.558  -7.842  -8.310  -5.934  -0.005   0.962  -7.768   2.850   6.613  -8.471  -7.344  -6.807   3.945   4.426  -4.417 
