#HLA-B5136

Last position-specific scoring matrix computed       
            A       R       N       D       C       Q       E       G       H       I       L       K       M       F       P       S       T       W       Y       V 
  1 A  -2.952  -4.529  -0.356  -6.851   0.754  -4.230  -2.257  -6.190   0.972   1.349   2.715  -4.907   4.416   2.927  -7.668  -1.531  -0.893  -0.838   1.203  -0.675 
  2 A  -1.144  -7.129  -6.967  -6.742  -7.532  -6.533  -6.285  -6.320  -7.145  -7.322  -7.947  -6.122  -7.579  -8.750   8.882  -2.591  -4.090  -9.587  -7.714  -7.008 
  3 A   0.113  -0.864   1.168  -1.722  -4.196  -0.010  -0.314  -3.626   0.744  -0.247   0.351  -1.314   2.329   1.406  -4.993   0.647  -0.367   1.814   3.257  -0.847 
  4 A   0.765  -1.080  -1.475  -0.375  -2.040  -0.861   0.498  -2.865   0.088   0.320   1.101  -0.763   0.657   0.872   0.192   0.360   0.050   0.566   0.034  -0.097 
  5 A  -0.615   2.146  -1.569  -2.236  -3.790  -0.145  -0.883  -1.358   0.101   1.053  -0.607   0.072   1.333   0.699   0.369   0.059  -0.791   1.883   0.405   0.526 
  6 A   1.069   0.171  -0.445  -1.273  -1.636  -0.029  -2.673  -1.429  -0.105  -0.056   0.352  -1.045  -1.030   1.609  -0.284   0.964   1.097   0.734   0.129  -0.262 
  7 A  -0.720  -1.461   0.690  -0.898  -0.985  -0.022  -1.147  -1.628   1.261  -0.266   0.855  -1.535   0.800   0.662   0.191   1.541   0.251  -1.220   0.535   0.308 
  8 A   0.118  -1.222  -1.036  -3.448  -3.716   0.640   0.029  -1.958  -0.676   0.930  -0.174  -1.236   0.716   0.553   2.009   1.418   0.897  -0.680  -0.502   0.509 
  9 A  -5.522  -8.130  -8.339  -8.392  -6.361  -7.744  -8.237  -8.747  -8.255   6.824  -1.398  -7.704  -2.102  -3.243  -7.940  -7.410  -5.823  -7.394  -6.343   1.731 
