#HLA-B2723

Last position-specific scoring matrix computed       
            A       R       N       D       C       Q       E       G       H       I       L       K       M       F       P       S       T       W       Y       V 
  1 A  -3.689   0.568  -1.191  -3.848  -3.198  -3.264  -1.039  -5.569   1.683  -1.993  -1.178  -5.087   4.153   3.969  -7.767  -0.992  -3.049   5.724   5.118  -5.038 
  2 A  -0.549   4.301  -5.923  -1.873  -7.851   4.305   2.048  -6.009  -4.199  -7.185  -5.662  -1.058  -0.577  -6.725   5.688  -4.343  -6.019  -8.044  -7.032  -6.170 
  3 A  -0.910  -2.689  -1.434  -5.404  -4.194  -2.116  -4.005  -7.654  -1.157   0.982   0.960  -4.463   3.315   3.844  -7.792  -1.772  -2.609   5.420   3.904  -0.307 
  4 A   0.903  -0.817   0.762   0.047  -1.878   1.167   1.521  -0.270   0.803  -2.444  -0.688  -0.332   1.096  -1.673   0.507   1.011  -0.525   1.873   0.500  -2.173 
  5 A  -0.386   1.899   0.820  -1.557  -1.694  -0.474  -0.819   0.329   1.902  -0.333  -0.002  -0.763  -0.104   1.521  -2.575  -0.496  -1.906   1.895   1.209  -0.808 
  6 A   1.137   1.127  -1.668  -2.716  -3.360  -2.817  -2.747  -0.625  -0.017  -1.134   0.548  -2.470  -1.656   2.693  -1.365   1.083   1.612   3.152  -1.108  -0.596 
  7 A   0.059  -2.865  -0.410  -2.170  -0.560  -2.174  -2.330  -1.914   1.560   0.211   1.718  -3.045  -1.398   1.620  -0.703   0.675   1.053  -0.145   2.140  -0.083 
  8 A   3.517  -3.949  -3.244  -4.365  -3.595  -2.602  -0.764  -3.058  -6.751  -1.763  -1.176  -3.565  -2.183  -2.592   4.921   1.952   0.922  -5.731  -4.207  -0.447 
  9 A  -5.725  -5.280  -7.856  -8.439  -7.193  -7.293  -7.720  -8.321  -4.167  -1.638   2.313  -7.549   3.714   6.085  -8.289  -7.247  -6.710  -1.075   4.979  -4.539 
