#B3562

Last position-specific scoring matrix computed       
            A       R       N       D       C       Q       E       G       H       I       L       K       M       F       P       S       T       W       Y       V 
  1 A  -5.181  -6.182  -0.019  -1.072  -2.973  -3.079   0.911  -6.453  -1.037  -1.534   0.676  -6.247   5.737   3.802  -7.314  -1.878  -1.684   2.717   4.061  -3.245 
  2 A   3.727  -6.602  -6.502  -6.563  -6.198  -5.996  -5.978  -5.444  -6.743  -2.518  -3.302  -5.840   0.717  -6.478   6.779  -0.553  -0.404  -8.003  -6.792   0.226 
  3 A   2.795  -4.052   1.610  -4.360  -3.471  -2.144  -4.018  -4.901  -1.854   1.507  -1.017  -4.077   2.821   0.934  -6.293   0.641   0.076  -0.812   1.441   1.365 
  4 A   1.737  -2.274   0.247  -0.465  -0.720   0.641   0.951   0.501   0.086  -3.119  -1.836  -0.731  -0.415  -0.244   1.068   0.888   0.467   2.294   0.799  -1.453 
  5 A   1.254  -2.396  -0.214  -0.358  -0.024  -1.442  -0.811   0.127   1.874  -0.681  -0.459  -2.226  -0.173   1.271  -0.769   0.690   0.125   1.092   0.854   0.309 
  6 A   0.575  -0.750  -0.402   0.963  -1.083  -0.541  -2.002   1.187  -0.241  -1.583  -2.684  -2.466  -0.943  -0.209  -0.384   1.606   2.663   0.898  -0.753   0.193 
  7 A   1.587  -2.721  -0.002  -1.926  -0.437  -1.748  -0.751  -1.356   1.052   0.081   1.286  -4.121   0.566   0.761  -0.575   0.560   1.112   0.396  -0.273  -0.412 
  8 A   3.889  -4.016  -4.432  -5.774  -3.194  -3.188   0.254  -2.256  -3.101  -1.580  -1.562  -3.466  -2.415  -1.876   3.930   1.156   0.451  -4.107  -3.175   1.009 
  9 A  -6.603  -6.934  -7.259  -7.975  -7.149  -6.617  -7.136  -7.895  -4.537  -5.037  -2.111  -7.027   5.052   5.879  -7.848  -6.722  -6.434  -3.633   7.007  -5.430 
