#HLA-B0734

Last position-specific scoring matrix computed       
            A       R       N       D       C       Q       E       G       H       I       L       K       M       F       P       S       T       W       Y       V 
  1 A  -1.811   1.956  -1.029  -7.358  -3.421  -4.013  -5.520  -5.786   1.462   0.181   1.519  -2.295   4.605   3.104  -7.575  -0.419  -2.133   2.500   2.820  -3.048 
  2 A  -2.646  -7.190  -7.100  -6.841  -7.531  -6.608  -6.375  -7.206  -7.222  -5.130  -4.707  -6.200  -3.988  -8.496   8.854  -5.582  -5.079  -9.516  -7.657  -2.311 
  3 A   1.548   3.801  -0.011  -3.368  -7.051  -0.619  -3.761  -3.577   0.744  -1.964  -0.656  -2.317   1.498   1.198  -6.369   0.262   0.186   1.332   2.621  -1.413 
  4 A   1.295   0.741  -1.830  -1.243  -1.857   0.486  -0.383  -0.704   1.625  -2.351  -0.078   0.024   0.977  -1.120   1.909   0.346  -0.256   1.539   0.514  -0.827 
  5 A  -0.259   2.979  -0.550  -3.042  -4.776  -0.708  -3.401  -0.463   2.850  -0.763  -1.074   0.569  -0.579  -0.046   1.369  -0.002  -0.164   0.399   1.237  -0.574 
  6 A   0.401   2.777  -0.087  -2.489  -2.295   0.368  -2.480   0.736   0.858  -1.492  -1.067  -0.536  -2.380   0.066   0.011   1.440   1.476  -0.693  -1.676  -1.286 
  7 A   1.373   0.585   0.199  -4.673  -2.456  -2.426  -3.407  -0.317   0.760  -0.791   1.035  -3.549   1.016  -0.946   0.442   1.661   1.272  -1.585  -0.726   0.192 
  8 A   3.869  -3.114  -3.412  -5.372  -3.219  -1.419  -0.468  -3.581  -3.793  -1.601  -2.888  -5.309  -1.292  -3.361   4.280   2.232   0.472  -3.041  -4.552   0.670 
  9 A   0.031  -7.389  -8.095  -8.388  -6.286  -7.088  -7.658  -8.068  -7.718   1.573   4.333  -7.324   3.329  -0.177  -7.746  -6.404  -4.978  -6.957  -5.966   2.709 
