#HLA-B5308

Last position-specific scoring matrix computed       
            A       R       N       D       C       Q       E       G       H       I       L       K       M       F       P       S       T       W       Y       V 
  1 A  -4.013  -4.576  -1.443  -6.124  -0.979  -5.456  -3.250  -6.270  -0.540   1.624   1.810  -5.803   5.241   3.502  -7.806  -2.731  -0.534   2.904   3.002  -1.143 
  2 A  -0.280  -7.128  -6.996  -6.757  -7.493  -6.529  -6.284  -6.990  -7.143  -7.808  -7.915  -6.122  -5.649  -8.730   8.858  -3.302  -5.041  -9.560  -7.702  -7.383 
  3 A   1.438  -3.232   1.896  -1.964  -3.354   0.572  -0.165  -2.804  -0.376   0.306  -0.677  -5.454   1.204   1.244  -6.358   0.810   0.551   1.328   2.554   0.383 
  4 A   1.819  -2.255  -0.473  -0.214  -3.384   0.170   1.456  -1.331   1.000  -2.052  -1.239  -0.952   0.332  -0.570   1.506   1.470  -0.074   1.760  -0.816  -0.216 
  5 A   0.077  -1.225  -0.357   0.142  -0.577   0.205   0.268  -0.413   0.276   0.246  -0.746  -1.514   1.055  -0.005   0.133   0.838   1.063   2.446  -1.254   0.076 
  6 A   1.678  -1.736  -1.149  -0.317  -2.229  -0.427  -2.647   0.269   0.080  -1.398  -0.127  -2.478  -1.721  -0.124   0.673   1.630   2.274   0.865  -0.822  -0.254 
  7 A   0.096  -2.824   0.140  -1.260  -0.978  -0.350  -0.603  -1.829   1.668  -1.030   1.935  -3.506   0.063   0.670   0.654   0.654   1.123   0.566  -0.037  -0.658 
  8 A   1.315  -1.638  -1.657  -3.951  -1.997  -0.090   0.205  -2.455  -0.825   0.538   0.310  -2.170  -1.023  -0.903   1.842   1.877   1.662  -1.613  -2.172   0.680 
  9 A  -7.074  -7.538  -7.854  -8.447  -7.496  -7.372  -7.717  -8.238  -5.590   0.634  -1.168  -7.652   3.176   5.975  -8.479  -7.303  -6.837   6.555   5.495  -5.052 
