#HLA-B4416

Last position-specific scoring matrix computed       
            A       R       N       D       C       Q       E       G       H       I       L       K       M       F       P       S       T       W       Y       V 
  1 A   1.409   1.641  -1.555  -6.789  -1.135  -1.270  -3.850   0.868  -2.461  -0.554  -0.310   0.598   2.443   0.449  -6.319   1.578  -0.706   2.100   1.877  -2.423 
  2 A  -6.036  -5.308  -5.405  -0.702  -8.670  -0.968   7.922  -7.290  -5.209  -8.399  -8.031  -4.240  -7.073  -8.185  -6.375  -5.264  -6.107  -7.676  -7.079  -7.625 
  3 A  -0.302  -5.708  -1.254  -7.006  -5.175  -1.326  -6.530  -6.694  -3.285   2.065   0.455  -5.741   4.607   3.417  -7.693  -0.188  -2.930   5.051   3.170  -0.564 
  4 A   1.570  -2.475   0.494   1.096  -1.470   0.679   1.630  -2.027   0.212  -1.449   0.215  -1.544  -0.017  -0.624  -1.781   1.792   0.078  -0.960  -0.441  -1.764 
  5 A   0.150  -0.369  -3.475  -0.964  -2.046  -1.471  -1.139   0.084  -0.011   0.167   1.473  -2.343   0.969   2.227  -1.616  -0.270  -0.564   1.056   1.369  -0.239 
  6 A   2.193  -1.589  -1.999  -3.735  -0.794   0.224  -4.103  -0.313  -1.950   0.479   0.883  -3.357  -1.134   1.236  -2.519   1.250   2.112   0.559  -2.070  -0.443 
  7 A  -0.439  -3.553  -2.509  -2.050  -2.035   0.370  -0.553  -2.135  -0.552  -0.239   1.632  -1.809   0.827   1.725   1.278   1.090   0.695   0.416   1.096  -0.278 
  8 A   0.464  -0.359  -0.482  -2.039  -5.255   1.424   0.154  -0.051  -1.347  -2.826   0.412  -0.994  -0.336  -0.636   2.854   1.852   0.595  -0.451  -0.643  -1.500 
  9 A  -5.168  -7.555  -7.910  -8.385  -7.054  -6.461  -7.739  -8.374  -5.857   3.948  -0.040  -7.499   3.298   4.084  -8.155  -7.233  -6.441   4.362   5.456  -1.993 
