#HLA-B0821

Last position-specific scoring matrix computed       
            A       R       N       D       C       Q       E       G       H       I       L       K       M       F       P       S       T       W       Y       V 
  1 A  -2.463   0.020   1.272  -4.245  -2.295  -2.075  -1.657  -5.593   2.020  -2.611   0.344  -4.100   5.500   2.567  -7.357   1.441  -0.990   1.605   3.148  -3.006 
  2 A   1.775  -2.939  -3.738  -7.583  -5.668  -1.553  -6.887  -3.461  -3.579   0.948   3.241  -4.358   3.277  -0.094   3.194  -2.390  -3.331  -1.262  -4.589  -0.513 
  3 A  -3.247   5.567  -2.120  -6.226  -7.725  -2.291  -4.200  -5.398   0.152  -1.925  -0.217   3.896   1.825  -1.178  -6.326  -2.629  -3.908  -1.580  -0.943  -3.482 
  4 A   0.934   2.158  -0.851  -3.272  -2.087   1.180  -0.104  -3.360   1.154  -1.441   0.167   2.063   1.887  -0.871  -0.757  -1.140  -0.059   0.214   1.005  -2.168 
  5 A  -3.499   6.452  -2.285  -5.773  -6.707  -2.728  -4.537  -5.622   3.150  -3.389  -3.604   2.906  -1.500  -1.865  -4.573  -3.328  -2.717  -4.257   0.159  -3.953 
  6 A  -1.941   3.302   0.646  -3.996  -3.140  -0.547  -1.937  -2.203   0.941  -0.375  -0.409  -0.762  -2.757   2.732  -0.789   0.712   0.487   1.184   0.182  -0.719 
  7 A   1.542   0.274   0.805  -5.190  -0.557  -0.015  -2.806  -2.907   1.267  -2.044   1.418  -0.912   0.954  -0.609  -1.143   0.871   0.381   0.575   1.330  -0.234 
  8 A   3.347  -2.926  -1.815  -2.554  -2.191  -1.631  -0.034  -4.418  -3.377  -2.215  -4.116  -3.341  -3.605  -1.602   4.430   3.094   0.868  -4.502  -2.833  -1.011 
  9 A   0.780  -7.349  -8.069  -8.370  -6.351  -7.098  -7.641  -7.431  -7.583   1.144   4.828  -7.307   2.675   1.123  -7.738  -5.662  -4.557  -6.782  -5.216   0.359 
