#HLA-B1303

Last position-specific scoring matrix computed       
            A       R       N       D       C       Q       E       G       H       I       L       K       M       F       P       S       T       W       Y       V 
  1 A  -0.475   0.742  -3.392  -7.417  -0.323  -2.160  -6.660  -1.822  -0.788   0.327   1.437  -0.373   4.127   2.712  -6.654  -0.494  -0.569   2.023   2.165  -1.307 
  2 A  -2.059  -1.513  -4.589   2.541  -8.138   5.448   5.856  -5.658  -5.334  -7.344  -7.481  -2.036   0.346  -8.066  -3.794  -1.011  -5.210  -5.681  -6.958  -7.293 
  3 A  -1.835  -7.083  -0.702  -3.970  -6.023  -3.015  -5.460  -7.678  -3.455   0.650   0.658  -7.005   4.944   4.180  -6.293  -0.662  -4.380   4.609   4.465  -1.574 
  4 A   1.971  -2.281  -0.154   1.223  -0.329   0.032   2.135  -1.960  -1.045  -1.521   0.155  -2.118  -2.134  -1.246   0.981   0.928   0.114  -0.229  -0.863  -1.587 
  5 A  -0.258  -2.412  -1.717  -1.893  -0.569  -2.043  -1.164  -0.168  -1.070   0.787   0.489  -3.614   1.229   3.059  -2.000   0.556   0.085   1.582   1.804   0.088 
  6 A   1.591  -2.736  -0.195  -0.614  -0.816  -0.547  -2.714  -0.200  -0.449   0.239   0.240  -4.190  -2.240   1.758  -1.354   1.428   0.931   1.662  -0.854   0.198 
  7 A  -2.169  -5.389  -0.614  -1.198  -1.871   0.499   0.522  -5.223   1.794  -0.404   0.576  -2.780   0.574   2.658   1.354  -0.693  -0.229   2.305   2.453   0.837 
  8 A   0.369  -3.075  -0.453  -3.970  -4.583   0.565  -0.773  -1.495  -0.948  -0.206   1.009  -2.594  -1.477   0.409   3.137   1.210   2.109  -1.963  -0.817  -0.574 
  9 A  -4.224  -8.048  -8.320  -8.390  -6.341  -7.674  -7.467  -8.673  -8.234   6.525   0.166  -7.665  -3.045  -4.231  -7.915  -7.346  -5.822  -2.962  -6.357   2.206 
