#HLA-B1536

Last position-specific scoring matrix computed       
            A       R       N       D       C       Q       E       G       H       I       L       K       M       F       P       S       T       W       Y       V 
  1 A  -0.452   1.422  -6.079  -7.198  -2.498  -1.908  -5.561  -2.924  -0.799   1.018   1.140   1.915   4.286   1.448  -7.202   0.821  -1.959  -0.383   0.749  -0.714 
  2 A   2.776  -5.587  -6.001  -6.426  -6.581   5.959  -4.120  -5.574  -6.004  -2.790  -0.877  -4.151   5.269  -6.737  -6.634   2.356  -0.884  -7.337  -6.510  -1.561 
  3 A  -0.691  -0.075  -0.616  -7.558  -7.116  -3.931  -6.954  -7.162  -0.112   1.372  -0.465  -2.983   2.475   4.530  -7.710  -1.840  -3.796   0.584   5.086  -0.771 
  4 A   2.115  -1.640   0.554   1.258  -1.147  -0.260   0.855  -1.350  -0.281  -2.802  -3.076   0.196   0.199  -1.746   2.188   2.030  -0.267  -0.982  -0.123  -2.675 
  5 A   0.093  -0.081  -0.345  -0.898  -1.652  -1.415  -1.767   0.648   1.392  -2.024  -0.209  -2.892  -0.122   1.022   0.322   2.089   1.068   0.032   1.340  -0.689 
  6 A   0.444  -3.508  -1.114  -2.155  -1.787  -3.346  -4.190   0.524  -1.421   1.297  -0.326  -5.421  -1.311   1.763  -0.953   1.981   2.342  -1.218  -0.290   0.930 
  7 A  -0.349  -2.649  -0.291  -3.939  -0.814  -0.019  -1.294  -2.713   1.253  -1.341   1.877  -2.918   0.506   0.232  -0.425   3.322   1.615  -1.944  -1.124  -1.938 
  8 A   0.987  -1.804  -0.989  -4.285  -2.721  -0.755  -0.406  -3.060   1.438  -0.900  -0.292  -2.646  -2.788  -0.914   2.781   3.073   1.533  -1.985  -0.830   0.320 
  9 A  -7.268  -7.760  -7.864  -8.466  -7.645  -7.858  -7.896  -8.241  -5.708  -3.453  -3.267  -7.974   0.739   7.608  -8.668  -7.368  -7.054   3.524   4.635  -5.683 
