#B3809

Last position-specific scoring matrix computed       
            A       R       N       D       C       Q       E       G       H       I       L       K       M       F       P       S       T       W       Y       V 
  1 A  -5.334  -1.954  -1.447  -7.216  -3.217  -2.682  -3.510  -6.358   1.207  -2.941  -0.342  -4.050   3.742   4.999  -7.601  -0.496  -0.768   5.318   4.866  -4.342 
  2 A  -3.156   1.233  -4.922  -3.534  -8.098   2.705   5.519  -6.426   6.967  -7.879  -7.455  -2.505  -3.499  -5.933  -2.795  -1.894  -5.982  -5.154  -3.222  -7.437 
  3 A   0.029  -6.392   0.091   3.145  -6.929  -0.833  -0.572  -3.794   0.073  -0.248  -1.064  -5.833   2.997   1.393  -2.825   0.273  -1.301   4.173   3.296  -1.507 
  4 A   1.829  -1.111  -0.705  -0.264  -0.577   0.639   2.252  -1.662  -1.242  -2.011  -0.519  -1.317  -1.234  -0.724   1.784   0.884   0.321   1.765  -1.121  -1.548 
  5 A   0.048  -1.931   0.523  -1.032   0.142  -2.437  -1.894   0.630   0.539   0.707  -0.480  -3.376   1.015   2.215  -3.151  -0.220   0.431   0.894   1.492   0.671 
  6 A   1.495  -0.840   0.629  -0.063  -2.471  -1.144  -2.716  -0.312   0.729  -0.689  -0.477  -2.128  -2.307   2.238  -0.654   1.217   0.820   1.848  -0.608  -0.625 
  7 A   0.083  -5.177  -0.430  -0.061  -1.323  -0.100  -0.190  -5.701   2.052  -0.934  -0.383  -3.798   0.761   3.203  -0.662  -0.538  -1.453   3.577   3.279   0.293 
  8 A   1.533  -2.929  -2.147  -4.494  -2.278   0.531  -0.563  -3.405  -2.422   0.477   1.197  -1.959  -0.581  -2.081   2.758   1.252   1.983  -1.498  -0.982  -0.216 
  9 A  -6.229  -7.419  -8.141  -8.341  -6.141  -7.219  -7.837  -8.482  -7.743   4.688   4.626  -7.353  -0.556  -2.454  -7.759  -7.257  -5.856  -3.995  -5.910  -0.423 
