#HLA-B2710

Last position-specific scoring matrix computed       
            A       R       N       D       C       Q       E       G       H       I       L       K       M       F       P       S       T       W       Y       V 
  1 A  -1.011   5.830  -3.218  -6.714  -2.952  -4.094  -5.239  -1.977   1.931  -3.718  -2.664   2.500   0.022  -1.963  -7.033  -0.244  -4.307   2.789   1.995  -5.407 
  2 A  -6.614   8.139  -5.588  -6.740  -8.521  -0.954  -5.206  -7.492  -5.470  -8.250  -7.347  -2.957  -6.529  -8.044  -7.170  -5.861  -6.252  -7.496  -6.916  -7.631 
  3 A  -1.810  -1.181  -1.956  -7.186  -6.133  -1.120  -7.089  -7.798  -0.869   0.603   0.920  -4.682   2.802   4.806  -7.988  -3.128  -3.521   5.801   3.824  -1.498 
  4 A   2.141   1.613   0.705  -1.955  -2.506   0.552  -0.905  -0.066   0.028  -1.671  -0.257  -1.346   0.162  -2.702  -0.339   1.313   0.071   0.871   0.743  -2.259 
  5 A  -0.756   2.144  -0.732  -3.234  -2.813   0.137  -2.149  -0.612   0.931   0.015   0.799  -0.248   0.485   1.397  -1.490  -0.501   0.307   1.998   1.044  -0.719 
  6 A   1.117   2.769  -0.439  -3.344  -4.622   0.146  -3.028  -0.993  -1.891  -0.315   1.161  -1.405  -1.475  -0.118  -0.207   1.263   0.891   1.283  -2.486  -1.638 
  7 A   0.084  -0.584  -1.305  -4.310  -0.680  -0.363  -3.282  -1.019  -0.119  -0.117   1.798  -2.722   0.434  -0.168   0.314   1.569   1.478  -0.656   0.832  -0.084 
  8 A   1.113   0.492  -0.180  -4.543  -2.024  -0.225  -0.810  -0.783  -0.931  -2.371   0.933  -0.824  -0.655  -1.403   2.179   2.012   1.113  -3.559  -1.204  -0.580 
  9 A  -1.022   2.427  -6.022  -7.140  -7.209  -4.514  -5.932  -5.998   0.299   0.484   1.555   4.175   2.351   1.057  -5.388  -5.199  -4.331  -4.051   1.807  -0.955 
