#HLA-B5513

Last position-specific scoring matrix computed       
            A       R       N       D       C       Q       E       G       H       I       L       K       M       F       P       S       T       W       Y       V 
  1 A  -5.283  -4.365  -0.573  -7.751  -1.860  -6.117  -5.589  -7.421  -0.277  -0.529   2.237  -6.640   4.635   4.807  -7.954  -2.346  -1.539   2.175   3.790  -2.893 
  2 A  -5.026  -7.186  -7.063  -6.769  -7.711  -6.596  -6.320  -7.217  -7.188  -7.953  -8.061  -6.146  -7.715  -8.888   9.092  -5.907  -5.765  -9.795  -7.784  -7.621 
  3 A   1.653  -3.271   0.442  -0.078  -4.107  -0.278  -1.872  -3.568  -0.511   0.144  -0.590  -4.792   2.618   1.456  -2.550   0.527   0.777   2.801   2.495   0.041 
  4 A   0.874  -0.516  -1.375  -0.373  -1.297  -0.092   0.211  -0.675  -0.321  -0.246   0.848  -2.462   1.209  -0.716   1.410   0.584  -0.912   1.979   0.081  -0.196 
  5 A  -0.260   0.050  -1.434  -2.871  -3.362  -1.862  -1.765  -1.488   0.167   1.747   0.320  -1.495   0.589   1.718   0.901  -0.272  -0.316   1.037   0.360   1.287 
  6 A   1.327   0.341  -0.502  -2.018  -2.026  -0.105  -2.456   0.352   0.085  -0.344  -0.325  -2.252  -1.528   1.040   0.323   1.184   1.167   0.202  -0.787   0.236 
  7 A   0.734  -2.615   0.234  -0.504  -1.290  -1.347  -1.117  -2.596   1.511   0.066   0.218  -4.410   0.401   1.909  -0.083  -0.150  -0.003  -0.604   2.326   1.119 
  8 A   3.066  -2.351  -1.688  -4.342  -2.971  -1.076   0.414  -2.824  -4.137  -0.046  -1.156  -3.863   0.168  -1.261   3.899   1.064   0.799  -2.457  -1.899  -0.148 
  9 A   3.634  -7.361  -7.633  -7.834  -5.271  -6.179  -7.159  -6.992  -7.692   3.441   0.498  -6.942  -0.346  -3.687  -7.122  -5.186  -2.075  -7.450  -6.461   3.912 
