#HLA-B5106

Last position-specific scoring matrix computed       
            A       R       N       D       C       Q       E       G       H       I       L       K       M       F       P       S       T       W       Y       V 
  1 A  -6.612  -7.145  -1.745  -5.427  -0.003  -5.056  -1.731  -8.034   0.115   0.176   2.214  -7.120   4.535   4.523  -7.941  -5.340  -0.748   2.845   3.515  -2.275 
  2 A  -2.327  -7.171  -7.051  -6.769  -7.638  -6.577  -6.310  -7.137  -7.175  -7.911  -8.020  -6.139  -7.669  -8.842   9.022  -5.252  -6.120  -9.723  -7.759  -7.543 
  3 A   0.784  -5.415   0.979   0.667  -4.160  -0.267  -0.471  -3.038   0.044   0.171  -0.364  -4.799   2.045   1.298  -3.523   0.515   0.283   2.305   3.122   0.061 
  4 A   1.045  -2.099  -1.344   0.412  -2.279  -0.470   1.499  -1.799   0.281  -0.579  -0.034  -1.987   0.088   0.676   1.802   0.838   0.056   1.653  -0.686  -0.490 
  5 A   0.448  -1.122  -1.055  -1.199  -1.445  -0.797  -0.040  -1.124  -1.729   1.214  -0.119  -3.213   1.285   0.094  -0.781   0.817   0.158   2.454   0.320   1.487 
  6 A   1.550  -2.574  -0.496   0.383  -1.813  -0.612  -2.220  -1.030   0.083  -0.590  -0.050  -2.510  -0.920   0.640   0.873   0.919   1.758   1.291  -0.225   0.242 
  7 A   0.053  -4.577   0.297  -0.372  -0.330  -0.265   0.114  -3.770   2.611  -0.633   0.413  -4.192   0.871   1.749  -0.084   0.231  -0.315   2.287   0.954   0.961 
  8 A   0.518  -1.000  -0.787  -3.550  -2.023   0.595   0.802  -3.237  -0.432   0.614  -0.534  -1.798   0.466   0.207   1.377   1.538   1.945  -1.253  -0.919   0.387 
  9 A  -6.202  -7.879  -8.289  -8.481  -6.547  -7.624  -8.117  -8.630  -7.763   5.553   2.133  -7.700   1.318   2.527  -8.100  -7.436  -6.094   2.284  -4.093   0.602 
