#HLA-B5711

Last position-specific scoring matrix computed       
            A       R       N       D       C       Q       E       G       H       I       L       K       M       F       P       S       T       W       Y       V 
  1 A  -4.376  -3.431  -0.163   5.496  -8.044  -2.911  -0.579  -3.320  -4.477  -6.589  -6.536  -2.629  -5.022  -6.869   6.633  -4.176  -4.815  -8.848  -5.446  -5.939 
  2 A  -5.225   0.117  -0.046   4.893  -0.202  -3.637   2.038  -4.192   0.587  -8.000  -7.579   4.766  -7.068  -8.164  -0.543  -2.165  -3.517  -8.053  -5.683  -7.685 
  3 A  -0.772  -2.584  -0.478   2.230  -1.942   0.120   3.899   0.968  -3.226  -2.600  -1.485   1.311  -2.775  -4.810   2.398  -1.507  -0.385  -2.061  -4.298  -3.716 
  4 A  -2.246  -0.169   0.154   1.771  -3.508  -0.662   2.358   0.664  -0.508  -0.687  -0.574   0.975  -2.404  -3.592   0.973  -0.166  -0.265  -1.277   0.176  -0.551 
  5 A  -1.730   0.907  -3.492   1.877  -1.945   0.872   2.731  -1.011  -1.637  -2.264  -0.513   3.440  -4.767  -2.606   0.837  -1.549  -0.744  -2.025  -2.442  -2.318 
  6 A  -0.852   0.789  -1.254   0.854  -1.205  -0.075   3.129  -0.287  -2.208  -2.412  -1.944   3.193  -2.971  -3.065   0.285   0.073  -1.769  -2.994  -2.651  -0.594 
  7 A  -1.705   1.475   0.330   1.110  -1.741  -0.317   1.477   0.317  -1.458  -2.128  -3.282   4.000  -3.635  -4.008  -0.562  -0.981  -0.262  -2.471  -1.956  -0.872 
  8 A   0.570   0.631  -1.153   3.273   0.795  -0.754   0.744   0.088  -1.348  -0.324  -1.755   2.624  -0.885  -2.740  -1.325  -2.210  -3.182  -1.317  -3.585  -1.413 
  9 A  -4.986  -3.333   1.488   4.372  -4.111   1.014   5.215  -1.140  -5.048  -8.111  -8.047  -5.155  -7.213  -4.714   2.186  -1.962  -1.162   2.044  -7.036  -7.647 
