#HLA-B5115

Last position-specific scoring matrix computed       
            A       R       N       D       C       Q       E       G       H       I       L       K       M       F       P       S       T       W       Y       V 
  1 A  -5.606  -5.727  -1.178  -6.097  -0.565  -4.292  -2.607  -7.959  -0.672   1.186   2.504  -4.982   4.581   3.733  -7.798  -2.627  -0.307   0.818   2.706  -0.682 
  2 A  -1.964  -7.157  -7.024  -6.758  -7.609  -6.562  -6.299  -7.104  -7.164  -7.898  -8.008  -6.132  -7.649  -8.821   8.986  -3.794  -6.089  -9.689  -7.747  -7.519 
  3 A   0.505  -5.824   0.660  -0.551  -4.153  -0.531   0.097  -4.057  -1.005   0.671   0.401  -5.664   2.507   1.704  -3.126   0.019  -0.157   2.811   3.260  -0.012 
  4 A   1.047  -2.120  -1.544   0.601  -1.132  -1.169   1.138  -1.873  -1.082   0.359   0.566  -2.098   0.113   0.006   1.155   1.051  -0.087   1.650  -1.034  -0.295 
  5 A   0.164  -1.438  -1.608  -1.139  -1.626  -1.222   0.221  -1.597  -0.960   1.808   0.230  -3.383   1.481   0.800  -0.973   0.302  -0.044   2.276  -0.205   1.336 
  6 A   1.589  -1.752  -0.798  -0.335  -2.013  -0.532  -2.570  -0.792  -1.397  -0.273   0.548  -2.128  -1.030   1.125   0.968   1.121   0.930   0.720  -0.787   0.254 
  7 A  -0.509  -4.628   0.386   0.340  -0.332  -1.574   0.403  -4.573   1.731  -0.031   0.894  -3.885   0.579   1.847   0.534  -0.731  -0.674   0.592   1.605   1.140 
  8 A   0.982  -1.467  -1.042  -2.755  -2.013   0.579   0.206  -2.241  -1.559   0.988   0.671  -1.995   0.951  -0.533   1.497   0.937   1.480  -0.966  -1.553  -0.108 
  9 A  -4.758  -7.979  -8.291  -8.414  -6.425  -7.641  -8.144  -8.647  -8.014   6.254   0.821  -7.668   0.446   0.242  -7.980  -7.362  -5.247  -0.001  -4.875   1.417 
