#HLA-B1537

Last position-specific scoring matrix computed       
            A       R       N       D       C       Q       E       G       H       I       L       K       M       F       P       S       T       W       Y       V 
  1 A  -5.594  -6.016   0.672  -3.842  -5.496  -2.410  -1.586  -7.194   1.717  -2.569  -0.652  -6.895   3.838   5.298  -7.947  -2.707  -0.696   5.695   4.063  -4.017 
  2 A  -2.667  -2.843  -4.933  -4.852  -8.236   3.974   3.720  -7.014   7.468  -7.972  -7.277   0.976  -1.567  -6.738   2.882  -4.587  -6.317  -7.358  -4.671  -7.674 
  3 A   1.625  -4.167   0.030   0.243  -4.647  -1.010  -1.457  -5.401   1.422  -0.222  -1.192  -4.843   2.089   3.096  -4.028   0.854  -0.788   0.659   3.792  -1.137 
  4 A   1.340  -1.946  -0.665   0.727  -2.326   0.970   2.740   0.264  -0.505  -3.435  -1.517  -1.664  -0.520  -1.822   2.510   0.289  -0.786   2.610  -0.025  -2.301 
  5 A   0.642  -2.256   0.553  -1.338  -1.306  -1.462  -2.729   1.412   1.894  -1.179  -0.087  -3.381   0.178   1.330   0.188   0.375   0.568   0.753   2.015  -0.716 
  6 A   1.105  -0.280   0.617  -0.520  -1.139  -0.170  -1.829   0.686   0.778  -1.692  -0.939  -1.979  -2.150   0.958   0.201   1.590   0.510   1.541  -0.216  -0.179 
  7 A   0.934  -1.777   1.164  -1.063  -0.841   1.280  -1.379  -2.684   3.162  -1.621  -0.476  -3.095  -0.566  -0.533   0.975   1.648   1.570  -2.358   0.902  -0.681 
  8 A   3.350  -4.640  -2.968  -6.211  -4.408  -2.134  -0.910  -4.249  -2.645   0.036  -2.364  -4.110  -2.580  -4.869   4.623   0.755   1.468  -3.695  -3.591   1.707 
  9 A  -5.230  -7.384  -8.307  -8.654  -6.458  -7.212  -7.893  -8.579  -7.643  -0.275   5.416  -7.501   3.387   1.328  -8.052  -7.396  -6.265  -5.113  -4.689   0.067 
