#HLA-B4008

Last position-specific scoring matrix computed       
            A       R       N       D       C       Q       E       G       H       I       L       K       M       F       P       S       T       W       Y       V 
  1 A  -3.532  -1.442   0.728  -4.599  -1.897  -3.774  -1.045  -6.342   2.068  -1.568   0.453  -5.196   4.732   3.549  -7.708  -0.684  -1.775   5.540   3.735  -3.546 
  2 A  -1.794  -4.062  -6.232   0.368  -7.871  -0.842   4.154  -7.091  -5.588  -7.921  -7.856  -4.510  -2.276  -6.920   7.655  -5.612  -6.101  -8.774  -6.561  -7.473 
  3 A  -1.178   0.253  -0.931  -2.628  -3.806  -0.269  -0.807  -5.253   1.015   0.429   1.117  -1.209   2.599   2.761  -6.684  -1.072  -1.489   4.043   2.815  -0.854 
  4 A   1.198  -0.068  -1.391  -1.836  -1.297   0.462   0.074  -1.274   0.102  -0.868   1.128  -1.508   1.855   0.838   0.126   0.081  -0.604   1.553   0.794  -1.189 
  5 A   0.012   1.705  -1.480  -1.452  -2.063  -2.240  -1.558  -0.444   2.356   1.656   0.201  -0.973   0.490   1.221  -2.751  -1.024  -0.943   0.225   0.495   0.158 
  6 A   1.524   1.013  -0.120  -2.106  -2.273  -0.405  -2.122  -0.477   1.622  -1.140  -0.283  -0.897  -2.306   2.089  -1.142   1.179   0.196   1.668  -0.423  -0.943 
  7 A   0.431  -2.379  -0.234  -2.611  -0.198  -2.167  -1.853  -3.792   0.994  -0.094   1.582  -3.036   0.602   1.594  -0.086   0.600   0.049  -0.361   2.392   0.575 
  8 A   3.901  -5.467  -3.094  -4.867  -2.391  -1.975  -1.093  -3.138  -5.222   0.039  -1.688  -4.672  -1.771  -1.977   4.413   1.821   0.778  -5.699  -4.934  -0.968 
  9 A  -4.415  -7.503  -8.260  -8.607  -6.610  -7.376  -7.954  -8.517  -7.430   1.628   4.848  -7.603   3.114   3.879  -8.147  -7.405  -6.382  -3.938  -3.825  -2.829 
