#HLA-B1548

Last position-specific scoring matrix computed       
            A       R       N       D       C       Q       E       G       H       I       L       K       M       F       P       S       T       W       Y       V 
  1 A   0.139   1.108  -2.542  -6.219  -3.422  -0.268  -5.325  -1.301  -0.494  -1.870   0.278  -0.706   3.731   2.426  -7.365   0.587  -1.159   5.184   3.043  -1.917 
  2 A  -3.678  -4.569  -5.507  -5.608  -7.782   8.471   1.398  -6.982  -5.106  -6.856  -3.096  -4.055   4.197  -7.606  -6.723  -2.666  -4.853  -7.335  -6.434  -6.298 
  3 A  -0.367  -4.698  -1.381  -1.949  -4.137  -0.239  -3.523  -5.986   0.020   1.013   0.873  -4.568   4.376   3.051  -4.145  -0.032  -2.419   2.971   3.101  -0.077 
  4 A   1.776  -2.882  -0.423   2.580  -1.175  -0.256   2.544   0.641  -0.756  -3.637  -2.595  -2.380  -2.305  -1.135   2.152   0.383  -0.781   0.173  -0.480  -2.830 
  5 A   1.433  -3.656  -1.288  -1.215  -0.084  -3.541  -2.120   1.141   0.185  -0.762   0.326  -4.659  -0.088   1.158  -1.957   1.259   0.701   1.186   1.886   0.212 
  6 A   0.634  -2.611   0.564  -0.205  -0.970  -1.584  -1.875   0.417  -0.018  -0.070  -0.464  -5.540  -0.210   1.686  -0.681   2.234   1.009   1.768  -2.376   0.008 
  7 A  -0.931  -3.912  -0.263  -1.491  -1.481   1.525  -0.585  -4.911   2.278   0.432  -0.396  -4.981   0.791   2.317   1.642   0.314   1.152   1.323   1.576   0.058 
  8 A   2.843  -4.361  -2.212  -5.670  -4.478  -1.813  -0.318  -2.212  -1.747  -1.485  -0.876  -4.871  -3.452  -1.539   4.512   2.355   0.992  -5.582  -1.227  -0.041 
  9 A  -3.912  -7.445  -8.267  -8.588  -6.471  -7.241  -7.894  -8.511  -7.632   1.875   4.940  -7.503   3.611   1.826  -8.034  -7.328  -6.222  -2.295  -5.524   0.068 
