#HLA-B1538

Last position-specific scoring matrix computed       
            A       R       N       D       C       Q       E       G       H       I       L       K       M       F       P       S       T       W       Y       V 
  1 A  -0.491   0.528  -4.677  -6.716  -5.162  -1.097  -6.420  -2.920  -1.210   0.231   1.731   0.524   4.312   2.113  -7.278   1.563  -1.766   1.577   1.426  -1.252 
  2 A  -0.177  -5.846  -6.547  -6.971  -6.675   5.598  -5.475  -7.259  -6.258  -1.682   2.096  -5.619   6.638  -5.955  -7.141   0.016  -1.649  -7.098  -6.315  -0.694 
  3 A   0.663   2.637   0.836  -6.900  -5.292  -2.915  -5.880  -6.371   0.819   1.473  -1.782   0.310   2.497   2.597  -6.505   0.011  -3.016  -6.032   3.318  -0.669 
  4 A   1.367  -2.547   1.698   1.588  -0.869   0.511   1.126  -1.250   0.062  -4.350  -3.524  -0.336  -0.792  -1.317   1.666   1.709   0.261  -0.939   1.932  -2.915 
  5 A   0.464  -1.317   0.027  -0.518  -4.178  -2.401  -1.590   0.952   1.998  -2.328  -0.461  -2.688  -1.265   1.448   0.202   2.279   1.389   0.233   1.543  -2.297 
  6 A  -0.590  -2.513  -0.641  -2.673  -3.001  -2.680  -2.655   0.667  -0.692   0.752  -0.285  -5.626  -1.324   1.550  -1.466   2.368   2.343   0.220   0.269   1.009 
  7 A   0.420  -3.655   0.281  -2.943  -0.814   0.466  -0.248  -1.840   1.725  -0.872   1.390  -3.412  -0.496  -1.549  -0.578   2.853   1.931  -5.412  -1.291  -0.983 
  8 A   2.569  -3.902  -2.673  -4.704  -3.646  -2.539   0.264  -2.200   1.550  -3.480  -2.685  -4.583  -2.944  -1.566   4.368   2.992   0.709  -5.600  -1.729   0.549 
  9 A  -7.136  -7.519  -7.687  -8.381  -7.652  -7.404  -7.666  -8.255  -4.544  -5.551  -3.846  -7.668   2.544   6.989  -8.403  -7.210  -6.966  -3.228   6.563  -5.985 
