#B3929

Last position-specific scoring matrix computed       
            A       R       N       D       C       Q       E       G       H       I       L       K       M       F       P       S       T       W       Y       V 
  1 A  -3.642  -1.494   0.054  -5.395  -3.478  -2.136  -2.056  -5.929   2.630  -3.810  -0.630  -4.807   4.780   4.138  -7.313   0.151  -1.012   5.229   4.256  -4.753 
  2 A  -1.939   4.824  -4.160  -5.661  -7.625   5.762  -3.258  -5.504   4.488  -5.415  -2.980   1.726   0.279  -5.694  -0.931  -3.194  -5.324  -2.554  -4.536  -5.448 
  3 A   0.374  -1.758  -0.281  -1.059  -4.285  -0.400  -2.415  -6.517   0.186   0.064   0.872  -3.473   3.775   2.268  -5.685  -1.754  -1.231   4.464   3.704  -0.964 
  4 A   1.456   0.650  -0.430  -1.230  -1.467   0.560   1.678  -0.304   0.151  -2.634  -0.618  -0.413   0.917  -1.883   1.513   0.465   0.228   0.633   0.681  -2.534 
  5 A  -0.287   1.293  -1.197  -4.127  -2.668  -0.718  -2.956   0.339   3.533  -0.421   0.019  -0.569   0.353   2.069  -1.108  -0.539  -0.195   0.260   1.703  -0.690 
  6 A  -0.542   1.971   0.969  -1.145  -3.427  -0.526  -1.574   0.316   1.018  -1.357  -1.048  -0.758  -3.307   1.883  -0.251   1.416   1.225   2.285  -1.696  -1.583 
  7 A   0.848  -0.828   0.837  -2.614  -0.658  -0.016  -1.795  -3.900   2.452   0.131  -0.060  -3.309   0.830   2.145  -0.173  -0.458  -0.332   0.205   1.877   0.674 
  8 A   4.265  -5.109  -5.231  -5.103  -4.244  -2.131  -1.539  -4.559  -4.313  -1.308  -2.596  -4.748  -2.341  -5.522   5.228   1.178   0.406  -7.565  -3.558  -0.155 
  9 A  -2.920  -7.021  -7.999  -8.305  -5.992  -6.864  -7.528  -8.178  -7.509   0.251   5.694  -7.115   1.091  -4.246  -7.597  -6.988  -5.834  -6.628  -5.870   0.520 
