#HLA-B8101

Last position-specific scoring matrix computed       
            A       R       N       D       C       Q       E       G       H       I       L       K       M       F       P       S       T       W       Y       V 
  1 A  -1.621   2.545  -1.093  -7.231  -4.740  -3.421  -4.005  -5.052   0.736  -0.304   0.852  -1.570   3.898   3.066  -7.505  -0.304  -1.106   3.379   3.313  -2.591 
  2 A  -3.318  -7.186  -7.073  -6.786  -7.651  -6.596  -6.330  -7.190  -7.194  -6.862  -6.943  -6.157  -7.607  -8.791   9.025  -5.889  -6.132  -9.718  -7.751  -5.342 
  3 A   1.941  -0.305  -0.613  -1.701  -5.850  -0.705  -1.990  -3.135   0.790   0.045   0.110  -4.302   2.624   1.460  -2.399  -0.132   0.142   2.478   2.465  -0.128 
  4 A   1.421   0.215  -2.222  -1.852  -2.499  -0.249  -1.158  -0.214   0.444  -1.030   0.748  -1.165   1.513  -0.213   1.688   0.093   0.047   1.979  -0.410  -0.475 
  5 A   0.584   0.509   0.136  -1.948  -1.832  -1.438  -2.609   0.067   0.987   0.915  -0.144  -1.185   0.214   0.436  -0.528  -0.010  -0.308  -0.188   0.782   1.123 
  6 A   1.263   1.773   0.016  -2.173  -2.277   0.416  -2.187   1.029   0.927  -1.190  -0.809  -1.223  -0.839  -0.445   0.330   1.167   1.165  -0.006  -0.938  -1.543 
  7 A   1.383  -0.596  -0.157  -3.225  -1.802  -2.636  -1.664  -1.053   0.908  -0.230   1.154  -3.640   0.328   0.488   0.254   0.796   0.506  -0.661   0.326   0.859 
  8 A   3.990  -4.362  -3.238  -5.361  -4.379  -1.670  -0.112  -2.230  -4.197  -0.635  -2.363  -5.081  -1.436  -3.723   3.887   1.872   0.928  -3.688  -5.467   0.250 
  9 A  -3.180  -7.415  -8.311  -8.615  -6.366  -7.215  -7.875  -8.515  -7.821   1.267   5.313  -7.471   2.502  -1.497  -7.957  -7.301  -6.145  -6.936  -6.068   1.233 
