#HLA-B1587

Last position-specific scoring matrix computed       
            A       R       N       D       C       Q       E       G       H       I       L       K       M       F       P       S       T       W       Y       V 
  1 A  -0.141   2.668  -5.416  -6.921  -4.191  -1.426  -5.283  -2.513  -1.189   0.190   0.665   2.815   3.539   0.791  -7.016   1.480  -2.039  -0.178   0.332  -2.280 
  2 A   1.770  -5.955  -6.333  -6.806  -6.494   4.859  -5.557  -6.130  -6.317  -1.223   0.913  -5.655   6.319  -6.193  -6.878   1.852   0.372  -7.200  -6.420  -1.128 
  3 A   0.819   1.097   0.552  -7.095  -6.958  -3.496  -6.541  -6.120   0.741   2.011  -2.767  -0.896   2.664   3.385  -7.356  -0.050  -3.828  -1.687   3.817   0.050 
  4 A   2.335  -2.524   0.685   0.678  -1.469  -0.981   0.849  -2.048  -0.278  -3.291  -3.544   0.839  -0.298  -1.185   1.819   1.947   0.447  -0.698   0.415  -1.656 
  5 A  -0.064  -1.626   1.167  -0.551  -2.759  -2.366  -0.627   0.198   0.630  -2.013   0.074  -2.167   0.080  -0.221  -0.581   2.457   2.047  -1.563   0.636  -0.679 
  6 A  -0.088  -4.451  -0.573  -1.844  -2.431  -2.885  -3.302   0.008  -1.772   1.284  -0.325  -5.671  -0.875   0.688  -0.593   2.278   2.846  -1.249  -1.264   1.411 
  7 A   0.086  -3.351  -0.683  -3.930  -0.540  -0.411  -1.017  -2.525   2.028  -1.765   1.739  -3.910   0.150  -0.042  -1.793   3.354   2.106  -2.895  -2.259  -0.933 
  8 A   0.523  -1.812  -1.589  -4.464  -3.689  -1.896   0.176  -2.503   1.986  -1.354  -1.048  -3.518  -3.423  -0.498   3.166   3.398   1.418  -3.536  -0.162   0.481 
  9 A  -7.268  -7.887  -7.952  -8.486  -7.509  -8.096  -8.041  -8.266  -6.233  -1.898  -2.119  -8.123   1.668   7.978  -8.734  -7.417  -7.014  -0.263   1.803  -5.458 
