#HLA-B5105

Last position-specific scoring matrix computed       
            A       R       N       D       C       Q       E       G       H       I       L       K       M       F       P       S       T       W       Y       V 
  1 A  -3.433  -4.447   0.450  -4.338   0.980  -2.512  -0.239  -7.108   0.699   0.747   1.911  -4.553   3.383   2.921  -7.482  -0.878   1.172   0.460   2.094  -0.655 
  2 A  -2.645  -7.166  -7.035  -6.761  -7.640  -6.572  -6.306  -7.140  -7.171  -7.914  -8.023  -6.136  -7.668  -8.841   9.019  -4.340  -5.728  -9.720  -7.758  -7.549 
  3 A   0.458  -5.714   0.812   0.272  -4.644   0.451   0.617  -3.052  -0.391   0.504   0.097  -4.753   2.051   1.208  -1.967   0.512   0.148   2.005   2.207   0.038 
  4 A   0.532  -1.556  -1.348   0.600  -1.135  -0.486   0.878  -2.320  -0.437   0.092   0.566  -2.087   0.018   0.365   0.919   1.282   0.293   1.413  -1.019  -0.049 
  5 A   0.165  -1.033  -0.450   0.130  -2.042  -1.075   0.573  -1.968  -0.936   1.193  -0.242  -2.197   1.460   0.522  -0.076   0.784  -0.244   2.272  -0.306   0.813 
  6 A   1.343  -1.825  -0.504   0.074  -1.280  -0.112  -1.933  -0.987  -0.335   0.195   0.434  -1.543  -1.497   0.590   1.200   0.970   0.893   0.192  -1.259  -0.042 
  7 A  -0.381  -4.099   0.504   1.035  -0.339  -0.493   1.171  -3.645   1.202  -0.517   0.445  -2.728   0.554   1.183   0.809  -0.198  -0.727   0.575   1.140   0.778 
  8 A   0.566  -1.218  -0.588  -2.872  -2.480   0.814   0.167  -1.954  -1.382   1.091   0.373  -1.167   0.727  -0.399   0.871   0.902   1.450  -0.957  -0.829   0.286 
  9 A  -6.134  -8.177  -8.376  -8.405  -6.410  -7.800  -8.314  -8.809  -8.237   7.064  -0.853  -7.733  -2.287  -3.385  -7.980  -7.502  -5.892  -4.391  -6.335  -0.573 
