#HLA-B1312

Last position-specific scoring matrix computed       
            A       R       N       D       C       Q       E       G       H       I       L       K       M       F       P       S       T       W       Y       V 
  1 A  -0.679   0.782  -1.940  -6.674  -1.489  -1.721  -5.139  -0.996  -1.002  -0.816   0.440  -0.673   2.963   3.209  -3.842   0.616  -0.691   3.620   3.434  -2.166 
  2 A  -5.098  -4.918  -4.206  -0.417  -6.009   3.432   7.514  -7.211  -5.192  -8.214  -7.867  -4.405  -4.251  -8.178  -6.416  -4.768  -6.053  -7.658  -7.008  -6.097 
  3 A  -0.264  -7.012  -1.322  -2.072  -4.611  -1.816  -4.140  -6.023  -3.287   1.576   1.069  -6.046   4.546   3.151  -5.650  -0.228  -2.799   4.713   3.081  -0.894 
  4 A   1.778  -2.862  -0.328   1.044  -1.003   0.803   2.739  -0.073  -0.894  -1.908  -0.670  -2.378  -1.617  -0.398   0.783   0.833  -0.466  -0.016  -1.313  -2.156 
  5 A   0.314  -3.181  -1.326  -1.014  -0.441  -1.745  -0.420   0.761  -0.436   0.438   0.808  -3.925   1.415   2.349  -3.564  -0.508  -0.442  -0.147   1.511   0.513 
  6 A   1.816  -2.724   0.145  -1.190  -0.814  -0.628  -1.982   0.024  -0.339   0.132   0.310  -3.667  -0.894   1.751  -1.693   1.185   1.103   0.876  -2.199  -0.139 
  7 A  -0.963  -5.193  -1.625  -0.877  -1.865  -0.542   0.509  -4.826   1.333   0.236   0.546  -3.919   1.026   3.010   1.352  -1.249  -0.636   2.487   2.625   0.412 
  8 A   1.353  -2.430  -1.462  -2.852  -3.691   0.696   0.341  -1.300  -3.383  -0.889   0.589  -2.772  -1.199  -0.433   3.252   1.413   1.654  -1.278  -1.576  -0.353 
  9 A  -4.802  -7.725  -8.262  -6.120  -6.453  -7.431  -5.296  -8.616  -7.892   5.110   3.611  -7.573   1.095  -0.107  -7.998  -7.384  -6.065   0.557  -5.893   0.587 
