#HLA-B4019

Last position-specific scoring matrix computed       
            A       R       N       D       C       Q       E       G       H       I       L       K       M       F       P       S       T       W       Y       V 
  1 A   0.467   4.487  -2.643  -6.686  -2.348  -2.148  -5.700   0.343  -1.294  -1.744  -1.604   2.899  -0.730  -0.768  -6.922   0.698  -2.172   2.182   0.821  -2.513 
  2 A  -6.039  -5.025  -5.400  -0.525  -8.672  -1.293   7.922  -7.289  -5.212  -8.402  -8.035  -4.437  -7.081  -8.185  -6.377  -5.265  -6.108  -7.679  -7.084  -7.628 
  3 A  -2.100  -4.073  -2.413  -6.148  -4.687  -0.346  -5.701  -6.182  -0.163   0.771   1.730  -4.266   3.783   3.365  -7.806  -1.206  -2.865   5.294   4.135  -1.132 
  4 A   1.504  -1.694  -0.062   0.014   0.111   0.150   1.115  -0.984  -0.660  -0.444   0.736  -0.854   0.291  -0.171  -0.506   0.711  -0.353  -0.440  -0.725  -1.361 
  5 A   0.375  -0.855  -2.036  -1.303  -1.632  -1.724  -0.523   0.051  -0.822   1.492   1.038  -2.252   0.514   1.436  -1.608  -0.510  -0.321  -0.909   0.609   0.707 
  6 A   1.458  -0.197  -0.909  -2.984  -1.116  -1.020  -2.642  -0.676   0.167   0.807   1.000  -1.792  -1.599   1.913  -1.480   0.283   0.235   1.551  -0.729  -0.009 
  7 A  -0.296  -1.929  -1.207  -0.377  -1.661  -0.880   0.412  -2.363   0.860  -0.431   0.145  -1.953  -0.642   1.443   1.487   0.025   0.361   1.447   2.282   0.857 
  8 A  -0.155  -1.056   0.153  -3.910  -2.772   0.763  -0.152  -0.497  -0.320   0.038   0.531  -0.572  -0.909  -1.055   2.476   0.970   1.563  -0.970  -0.847  -0.428 
  9 A  -6.495  -7.845  -8.385  -8.535  -6.437  -7.595  -8.169  -8.753  -8.029   5.693   3.544  -7.668  -0.462  -0.952  -8.032  -7.515  -6.064  -1.582  -6.049  -0.599 
