#HLA-B0716

Last position-specific scoring matrix computed       
            A       R       N       D       C       Q       E       G       H       I       L       K       M       F       P       S       T       W       Y       V 
  1 A  -0.307   2.060  -1.246  -7.127  -3.372  -3.194  -4.842  -3.337   0.630   1.106   1.125  -1.577   3.491   1.010  -7.299   0.890  -0.261   2.644   2.252  -1.146 
  2 A  -1.900  -7.179  -7.075  -6.809  -7.550  -6.590  -6.342  -7.147  -7.201  -6.001  -6.552  -6.171  -5.592  -8.646   8.904  -5.258  -5.710  -9.591  -7.695  -3.120 
  3 A   2.019   4.023   0.337  -4.092  -4.193   0.981  -1.211  -2.584   0.736  -1.436  -3.107  -1.477  -0.048  -0.635  -4.832   1.024   0.472  -0.937   0.574  -0.788 
  4 A   1.256  -0.514  -0.340  -0.193  -1.859   1.194  -1.216  -0.556   1.574  -1.941  -0.907   0.184   1.102  -0.899   1.541   1.129  -0.037   1.655   0.580  -1.560 
  5 A   0.671   1.559  -0.610  -0.963  -1.154   0.227  -1.885  -0.057   2.140  -1.055  -0.501  -0.233   0.974  -1.565   1.066   0.809   0.285  -0.435   0.438  -1.055 
  6 A   0.524   2.892  -0.497  -1.358  -4.723   0.254  -1.852   1.653   0.933  -3.200  -1.429   0.002  -2.219  -1.565  -1.018   1.373   1.985  -0.018  -2.031  -2.442 
  7 A   0.461   0.982   0.723  -3.083  -2.240  -1.146  -2.636   0.693   0.537  -1.751   0.376  -1.834   0.270  -2.909  -0.336   2.985   1.804  -5.494  -1.901  -1.192 
  8 A   3.731  -1.819  -3.198  -3.542  -3.968  -0.742   0.776  -3.727  -2.341  -1.922  -2.946  -3.780  -0.725  -3.342   3.348   2.044   0.510  -4.491  -3.562   1.000 
  9 A  -4.534  -7.302  -8.110  -8.521  -6.595  -7.049  -7.768  -8.391  -7.244  -1.900   4.601  -7.417   5.832   3.878  -8.091  -6.735  -5.917  -6.200  -4.878  -1.627 
