#HLA-B5507

Last position-specific scoring matrix computed       
            A       R       N       D       C       Q       E       G       H       I       L       K       M       F       P       S       T       W       Y       V 
  1 A  -4.880  -5.134  -0.865  -7.129  -2.523  -6.799  -4.314  -6.632  -0.638  -0.300   2.435  -7.127   4.754   4.679  -7.940  -2.999  -1.005   2.071   3.470  -2.593 
  2 A  -4.661  -7.185  -7.062  -6.769  -7.705  -6.594  -6.319  -7.210  -7.187  -7.949  -8.057  -6.146  -7.711  -8.884   9.086  -5.902  -5.763  -9.789  -7.782  -7.614 
  3 A   1.784  -3.285   0.285  -0.338  -3.338  -0.536  -1.549  -3.830  -0.896   0.802  -0.877  -4.595   2.236   1.553  -2.554   0.411   0.419   3.022   2.394   0.312 
  4 A   0.585  -0.636  -0.876  -0.474  -2.047  -0.164   0.795  -0.341  -0.928   0.102   0.717  -2.673   1.009  -0.382   0.710   0.474  -0.780   1.292   0.303   0.250 
  5 A   0.183  -0.937  -2.605  -3.655  -3.339  -1.389  -1.714  -1.325  -1.122   2.119   0.801  -2.286  -0.011   2.037   0.745  -0.929  -0.863   1.782  -0.082   1.516 
  6 A   1.195   0.460  -1.373  -2.248  -2.018  -0.708  -2.845   0.312  -0.447  -0.152   0.018  -2.473  -2.040   1.664  -0.683   1.088   1.262  -0.191  -0.563   0.739 
  7 A   0.654  -3.813   0.016  -0.235  -0.977  -1.730  -0.860  -2.514   0.856   0.707   0.203  -4.070   0.405   2.049  -0.301   0.189  -0.423  -0.862   2.395   0.939 
  8 A   3.179  -3.107  -2.130  -3.969  -3.284  -0.979   0.202  -2.468  -2.822  -0.362  -0.601  -3.431   0.266  -0.505   3.737   0.968   0.309  -1.282  -1.193  -0.578 
  9 A   4.873  -7.121  -7.257  -7.481  -4.614  -5.414  -6.758  -6.039  -7.389   2.349  -1.497  -6.607  -0.440  -3.124  -6.751  -3.042  -0.646  -7.489  -5.845   3.380 
