#HLA-B4701

Last position-specific scoring matrix computed       
            A       R       N       D       C       Q       E       G       H       I       L       K       M       F       P       S       T       W       Y       V 
  1 A   0.758   4.096  -4.700  -6.934  -4.304  -2.592  -5.046  -0.035  -0.339  -2.402  -2.263   1.171   0.810   0.830  -7.108   0.784  -2.201   4.325   3.478  -3.042 
  2 A  -5.775  -0.318  -5.302  -1.155  -8.349   7.596   5.267  -7.042  -5.032  -8.001  -7.485  -2.700  -2.050  -8.295  -5.966  -5.279  -5.932  -7.548  -6.715  -7.375 
  3 A  -1.542  -5.855  -4.278  -8.045  -5.934  -3.303  -5.635  -6.979  -2.780   2.153   1.413  -6.310   4.472   3.984  -7.066  -2.790  -4.000   5.655   2.971  -0.461 
  4 A   1.242  -2.226   1.650   2.304  -2.333   0.270   2.023   1.121   0.236  -3.724  -4.082  -1.097  -1.094  -2.452   0.346   1.640  -0.396  -0.464  -0.137  -4.123 
  5 A   0.582  -2.888  -1.697  -1.540  -2.495  -2.508  -1.296   1.002   0.187  -0.365   1.155  -3.181   0.235   1.797  -2.930   0.147  -0.014   1.689   2.139   0.439 
  6 A   1.449  -1.610  -0.976  -2.846  -1.265  -0.743  -3.462   0.467  -1.262   0.717   0.693  -3.857  -0.490   1.933  -1.709   1.112   1.064   2.182  -2.169  -0.116 
  7 A  -0.975  -3.763  -1.398  -1.345  -1.851   0.240   0.192  -2.630   1.323   0.317   1.082  -3.839  -0.604   1.757   1.790   0.563   0.445   2.001   1.559  -0.179 
  8 A   1.933  -1.614  -1.018  -3.556  -6.809   0.465  -0.193  -0.419  -4.064  -2.636   0.339  -1.277  -1.746  -1.432   3.915   1.817   0.562  -0.717  -1.102  -1.424 
  9 A  -5.867  -6.871  -8.006  -8.476  -6.924  -7.246  -7.787  -8.379  -5.646   1.391   3.030  -7.002   4.571   5.010  -8.229  -7.284  -6.499   2.851   3.232  -2.433 
