#B3556

Last position-specific scoring matrix computed       
            A       R       N       D       C       Q       E       G       H       I       L       K       M       F       P       S       T       W       Y       V 
  1 A  -6.206  -6.135   0.009  -5.658  -3.030  -3.789  -3.091  -7.484  -1.383  -1.076   1.849  -6.618   4.852   4.268  -7.506  -2.667   0.009   3.843   4.277  -2.937 
  2 A  -5.071  -6.819  -6.697  -6.400  -7.349  -6.228  -5.951  -6.853  -6.820  -7.590  -7.697  -5.778  -7.352  -8.524   9.063  -5.545  -5.785  -9.435  -7.417  -7.261 
  3 A   1.655  -4.496   0.504   0.440  -2.942  -0.531  -0.062  -2.825  -0.475   0.621  -0.692  -5.517   1.205   0.912  -2.340   0.119   0.555   2.784   1.383   1.012 
  4 A   0.747  -1.635  -0.785  -0.086  -1.665   1.100   1.127  -0.536  -0.942  -1.974  -0.557  -1.753   0.542   0.169   1.741   0.851   0.480   2.588   0.484  -0.625 
  5 A   0.950  -2.712  -0.193  -0.261  -0.498  -0.792   0.485  -1.013   0.269   0.051   0.039  -2.723   0.677   0.684  -0.918   0.463   0.418   2.070  -0.027   0.854 
  6 A   1.083  -0.651  -0.382   0.334  -1.870   0.758  -1.128   0.429  -0.285  -0.979  -1.185  -1.634  -0.682   0.576   0.180   0.968   1.233   2.007  -0.221  -0.195 
  7 A   0.905  -3.476  -0.784  -0.150  -1.291  -1.659   0.131  -2.630   2.017  -0.374   0.575  -3.855   0.515   1.732   0.739  -0.227   0.966   1.809   1.351  -0.435 
  8 A   2.730  -4.474  -2.341  -3.951  -1.461  -1.116   0.239  -2.556  -1.991   0.033   0.289  -3.746   0.251  -1.887   2.830   0.562   1.578  -2.571  -2.846   0.904 
  9 A  -3.391  -7.013  -7.647  -8.067  -6.322  -6.724  -7.369  -7.944  -6.470   1.376   3.447  -7.057   5.523   4.228  -7.705  -6.765  -5.174  -0.957   1.399  -0.773 
