#B3807

Last position-specific scoring matrix computed       
            A       R       N       D       C       Q       E       G       H       I       L       K       M       F       P       S       T       W       Y       V 
  1 A  -5.853  -5.409  -1.220  -6.022  -1.696  -5.758  -3.817  -7.600  -0.309  -0.902   1.434  -6.317   4.146   4.961  -7.649  -3.255  -1.253   4.003   4.762  -3.079 
  2 A  -0.179  -6.612  -6.421  -6.155  -7.091  -5.901  -1.130  -6.177  -3.503  -7.447  -7.537  -5.646  -6.026  -8.236   8.573  -0.566  -4.880  -8.953  -6.278  -6.988 
  3 A   0.222  -5.778   0.031   2.814  -5.753  -0.658   0.718  -2.589  -0.153  -0.574  -1.390  -5.157   1.901   1.227  -2.448   0.311  -0.385   4.312   2.749  -0.699 
  4 A   1.392  -1.810  -1.739  -0.265  -1.773  -0.226   1.214  -1.573  -0.769  -1.032  -0.252  -1.643   0.507   0.249   2.203   0.892   0.329   1.457  -0.194  -0.276 
  5 A   0.294  -2.201  -1.065  -0.146  -0.379  -1.801   0.209  -1.395  -1.336   1.193   0.448  -4.031   1.712   1.350  -2.403   0.475  -0.191   1.819   0.640   0.961 
  6 A   1.833  -1.025  -0.356  -0.144  -2.085  -0.362  -1.975  -0.359  -0.302  -0.887  -0.520  -1.998  -1.256   0.778   0.658   0.857   1.076   1.946  -0.205   0.269 
  7 A  -0.090  -6.186  -1.139  -0.166  -0.676  -0.467  -0.658  -4.813   2.357  -0.349   0.901  -4.028   0.061   2.851  -0.163  -0.700  -0.878   3.956   2.448  -0.141 
  8 A   0.677  -1.927  -1.507  -2.792  -1.215   0.221   0.737  -2.241  -1.955   1.019   1.001  -2.544   0.709  -0.643   1.199   0.693   1.700  -1.375  -1.372   0.286 
  9 A  -6.221  -7.429  -7.960  -8.173  -6.197  -7.219  -7.749  -8.290  -7.378   5.096   3.353  -7.323   1.136   2.282  -7.761  -7.130  -5.816   2.435  -4.096  -0.855 
