#B3706

Last position-specific scoring matrix computed       
            A       R       N       D       C       Q       E       G       H       I       L       K       M       F       P       S       T       W       Y       V 
  1 A  -0.074  -0.456  -0.352  -6.264  -2.392  -0.673  -3.166  -2.280  -0.835  -1.076   0.019  -3.199   3.852   1.670  -6.634   3.143   0.453   3.925   1.950  -1.919 
  2 A  -5.601  -4.899  -4.909   0.520  -8.222  -1.791   7.816  -6.820  -4.778  -7.952  -7.602  -4.014  -6.656  -7.737  -5.930  -4.816  -5.660  -7.247  -6.655  -7.191 
  3 A   0.743  -2.803  -0.122  -4.793  -5.441  -1.386  -3.705  -5.426   0.010   1.547   0.187  -4.899   4.337   2.342  -3.117  -0.340  -2.432   2.652   4.238  -1.340 
  4 A   1.274  -0.148  -0.214  -0.617  -0.280   0.531   1.297  -2.380  -0.115  -1.863   1.134  -0.617   1.102  -0.177  -1.421   0.482  -0.577  -0.155   1.158  -1.633 
  5 A   0.045   0.860  -0.492  -1.861  -1.694  -1.983  -1.480  -0.633   1.425   0.088   0.436  -0.314  -0.390   2.642  -0.797  -1.166  -0.238   0.730   1.848  -0.840 
  6 A   0.662   0.639  -1.108  -3.553  -3.657  -1.348  -3.471  -0.959   0.766   0.065   0.169  -1.259  -2.268   3.014  -1.875   1.600   0.625   1.337   0.566  -0.354 
  7 A   0.870  -3.747  -0.615  -0.449  -2.251  -0.649  -0.415  -3.612   0.532  -0.096   0.849  -1.968   1.363   0.874   0.763   0.162   0.338  -1.203   1.435   1.023 
  8 A   2.019  -4.539  -1.964  -3.428  -2.970  -2.192  -0.679  -3.929  -2.537  -0.912   0.245  -3.483  -0.461  -2.251   4.688   1.309   1.657  -5.168  -2.684   0.701 
  9 A  -2.613  -7.206  -7.812  -8.019  -5.867  -6.903  -7.484  -8.040  -7.533   4.557   3.598  -7.061   1.959  -2.350  -7.434  -6.756  -5.476  -6.708  -5.763   2.461 
