#HLA-B5112

Last position-specific scoring matrix computed       
            A       R       N       D       C       Q       E       G       H       I       L       K       M       F       P       S       T       W       Y       V 
  1 A  -5.153  -6.580  -1.636  -5.370   0.584  -3.978  -1.325  -7.979  -0.023   1.216   2.909  -7.010   4.006   3.428  -7.773  -2.852  -0.307   0.299   2.111  -0.589 
  2 A  -3.657  -7.178  -7.053  -6.766  -7.679  -6.586  -6.314  -7.182  -7.181  -7.935  -8.043  -6.142  -7.694  -8.867   9.060  -5.280  -5.750  -9.762  -7.772  -7.588 
  3 A   0.620  -4.877   0.614  -1.430  -4.629  -0.450  -0.565  -3.078  -0.263   0.459   0.306  -4.642   2.059   1.968  -2.932   0.106  -0.006   2.030   3.555   0.148 
  4 A   0.581  -2.333  -1.013   0.968  -1.302  -0.758   1.382  -1.885  -0.936   0.193   0.565  -2.380  -0.189   0.505   1.242   0.554   0.053   1.286  -0.911  -0.120 
  5 A   0.169  -0.716  -1.687  -1.064  -2.488  -0.611  -0.387  -1.840  -0.951   1.458  -0.017  -2.950   1.020   0.575   0.910   0.941   0.201   2.365  -0.047   0.976 
  6 A   1.277  -2.354  -0.727  -0.448  -1.623  -0.205  -2.814  -1.256  -0.115   0.074   0.290  -2.429  -1.171   1.549   0.493   1.173   0.856   1.031   0.275   0.469 
  7 A  -0.583  -3.579   0.677   0.176  -0.107  -0.264   0.292  -3.924   1.939   0.122   0.607  -3.993   0.724   1.559   1.232  -0.160  -0.429   0.030   0.814   0.660 
  8 A   0.483  -1.219  -1.204  -3.146  -2.027   0.975   0.255  -2.098  -1.225   0.505   0.180  -1.366   1.011   0.165   1.837   1.114   1.070  -0.954  -0.713   0.448 
  9 A  -5.236  -7.995  -8.286  -8.402  -6.340  -7.628  -8.116  -8.657  -8.165   6.210  -0.068  -7.656  -0.225  -1.259  -7.927  -7.313  -5.462  -2.424  -6.145   2.939 
