#HLA-B1542

Last position-specific scoring matrix computed       
            A       R       N       D       C       Q       E       G       H       I       L       K       M       F       P       S       T       W       Y       V 
  1 A   1.194   2.527  -6.562  -7.192  -2.756  -1.873  -5.498  -2.519  -0.547  -0.490   0.896   1.426   4.902   0.679  -7.148   0.140  -3.455   1.889  -0.282  -1.087 
  2 A  -1.249  -5.149  -5.536  -5.553  -7.091   7.085  -1.863  -6.653  -5.687  -2.342  -0.414  -1.856   6.202  -6.647  -5.697   0.019  -0.953  -7.208  -6.385  -3.537 
  3 A  -2.967   1.370  -1.598  -7.661  -7.358  -4.143  -6.877  -7.812   0.297  -0.600  -0.534  -1.921   3.843   4.807  -7.832  -3.362  -4.075   2.114   5.403  -2.302 
  4 A   1.662  -1.583   0.778   2.063  -0.466  -0.103   1.720  -1.616   0.040  -3.059  -1.590  -1.116  -0.512  -1.417   1.214   0.966   0.016  -1.256   0.974  -2.123 
  5 A   0.641  -0.049  -3.071  -3.947  -2.273  -3.278  -3.795   0.906   1.885  -1.500   0.545  -2.234  -0.086   2.850   0.649   1.183  -0.111   0.604   1.341  -1.027 
  6 A  -0.261  -0.687  -1.390  -3.275  -0.969  -2.729  -4.668   1.104  -0.462   1.190  -0.298  -5.114  -2.016   2.903  -2.927   1.874   0.995   1.786  -0.786   0.515 
  7 A  -0.739  -2.792   1.215  -5.357  -0.312   0.960  -2.245  -3.237   1.728   0.443   0.453  -4.088   0.801   0.128   1.108   2.290   1.606  -2.368  -0.056   0.234 
  8 A   2.149  -3.968  -2.729  -5.690  -5.796  -3.463  -2.239  -2.808  -1.948  -2.278  -3.144  -4.237  -3.995  -1.598   5.993   2.972   0.507  -3.049  -2.093  -0.384 
  9 A   2.457  -7.431  -7.836  -8.059  -6.256  -6.995  -7.432  -7.449  -7.441   3.957   1.573  -7.139   3.859   1.532  -7.468  -5.916  -5.153  -5.228  -2.966   2.033 
