#HLA-B5609

Last position-specific scoring matrix computed       
            A       R       N       D       C       Q       E       G       H       I       L       K       M       F       P       S       T       W       Y       V 
  1 A  -3.276  -2.309   0.181  -4.041  -2.283  -3.123  -1.753  -5.591  -1.296   0.769   1.400  -5.031   4.856   3.386  -7.655  -1.299  -0.584   2.247   3.757  -1.799 
  2 A   0.851  -7.119  -7.015  -6.792  -7.357  -6.520  -6.297  -6.907  -7.152  -7.066  -7.719  -6.135  -4.452  -8.581   8.693  -4.836  -3.529  -9.406  -7.639  -4.153 
  3 A   1.808  -3.121   1.159  -1.651  -2.722  -0.357  -0.849  -2.905  -1.501   0.525  -0.406  -4.560   1.522   1.307  -4.282   0.738   0.299   2.001   1.810   0.990 
  4 A   0.954  -1.287  -0.757   0.327  -2.296   0.714   0.641   0.474   0.547  -1.774  -1.315  -1.283   0.501   0.094   1.577   0.428   0.144   2.269   0.013  -0.337 
  5 A   0.440  -2.225  -0.806  -1.272  -0.571  -0.269  -0.843  -0.075   1.119  -0.153   0.406  -1.491   0.792   1.281   0.187   0.122   0.449   2.088  -0.104   0.309 
  6 A   0.745   0.216  -0.148  -0.634  -2.263  -0.086  -1.737   1.102   0.452  -1.109  -1.127  -2.415  -1.768  -0.258   0.449   1.602   2.181   0.863  -1.049  -0.514 
  7 A   0.493  -1.857  -0.094  -1.754  -0.564  -1.332  -0.562  -1.284   1.317   0.156   1.204  -3.667   0.497   0.846   0.428   0.161   0.805   0.891   0.916  -0.062 
  8 A   3.595  -3.238  -2.224  -3.925  -2.404  -1.404   0.499  -2.426  -3.769  -1.328  -0.887  -3.402  -1.404  -2.542   3.260   1.420   1.092  -3.640  -3.050   0.428 
  9 A  -5.762  -7.371  -7.652  -8.333  -7.458  -7.132  -7.562  -8.218  -2.378  -3.746  -1.144  -7.488   4.578   6.325  -8.275  -7.119  -6.803   0.024   6.329  -5.474 
