#HLA-B1822

Last position-specific scoring matrix computed       
            A       R       N       D       C       Q       E       G       H       I       L       K       M       F       P       S       T       W       Y       V 
  1 A  -3.032  -2.833   0.595   1.433  -3.133  -2.733   1.313  -5.178   0.145  -0.624   0.637  -4.358   4.296   2.224  -7.336   0.127  -0.449   3.367   2.797  -2.721 
  2 A  -2.201  -5.369  -5.557  -3.237  -8.444  -0.631   7.732  -7.210  -5.299  -8.236  -7.524  -3.947  -3.899  -8.150   0.546  -5.249  -6.074  -7.716  -7.069  -7.476 
  3 A  -0.647  -1.431  -0.601  -5.539  -3.358  -0.394  -3.101  -5.270  -1.358   1.688   1.681  -1.619   2.737   2.235  -5.578  -0.410  -1.992   3.236   2.481   0.457 
  4 A   0.773  -2.264  -0.260   1.520  -1.174   0.439   2.071   0.477   0.309  -1.980  -0.764  -1.202  -0.376  -0.243   0.615   0.679  -1.277   1.290   0.635  -1.972 
  5 A   0.685   0.055  -0.967  -1.147  -2.508  -1.982  -1.732  -0.043   1.193   0.655   0.348  -1.865  -0.389   1.749  -0.699  -0.197  -0.110  -0.384   1.455   0.355 
  6 A   0.315   0.423  -0.578  -0.620  -2.055  -0.706  -2.582  -0.421   0.696   0.010   0.193  -1.763  -1.492   2.801  -1.371   0.755   0.728   0.590   0.252  -0.590 
  7 A   0.567  -2.487  -0.484  -3.557  -0.570   0.088  -1.347  -3.087   1.993   0.883   0.447  -4.209  -0.608   2.129   1.001  -0.113   0.270   1.063   2.300  -0.052 
  8 A   3.187  -3.216  -0.643  -3.226  -5.038  -1.174  -0.147  -1.120  -5.076  -1.855  -1.740  -2.538  -2.423  -2.325   4.216   1.840   1.024  -7.640  -2.278  -0.425 
  9 A  -3.677  -6.798  -6.955  -8.293  -7.325  -5.782  -6.969  -7.615  -2.945  -3.173   0.446  -7.452   4.006   6.151  -8.197  -6.189  -5.502  -1.610   5.996  -3.378 
