#HLA-B2729

Last position-specific scoring matrix computed       
            A       R       N       D       C       Q       E       G       H       I       L       K       M       F       P       S       T       W       Y       V 
  1 A  -0.279   5.459  -3.639  -6.798  -3.567  -3.187  -5.683  -1.173   0.082  -3.663  -3.176   2.027   1.276  -0.712  -7.064   0.467  -4.066   3.927   2.478  -4.735 
  2 A  -6.362   6.770  -5.474  -4.717  -8.425   5.709   1.883  -7.289  -5.260  -8.110  -7.351  -3.019  -3.319  -8.146  -6.923  -5.613  -6.102  -7.497  -6.794  -7.497 
  3 A  -2.996  -4.003  -4.061  -8.151  -6.102  -3.104  -5.664  -8.036  -1.862   1.401   1.531  -5.988   3.838   4.606  -8.202  -4.987  -5.366   6.761   3.346  -2.050 
  4 A   1.977  -0.142   0.973  -0.062  -1.147   0.368   0.254   0.617   0.400  -2.237  -1.327  -0.811  -0.620  -1.993  -0.260   1.400   0.021   1.155   0.864  -2.728 
  5 A  -0.153   0.924  -1.316  -2.730  -3.747  -1.445  -1.747  -0.442   0.196   0.361   1.144  -1.764   0.420   1.675  -2.582   0.057   0.441   1.572   1.943   0.008 
  6 A   1.330   0.993  -0.683  -4.332  -2.747  -0.364  -4.119  -0.957  -0.124   0.243   1.202  -2.472  -1.436   2.152  -0.612   0.440   0.768   2.626  -1.808  -0.859 
  7 A  -0.780  -3.288  -1.148  -2.071  -0.692  -0.639  -1.667  -2.813   0.771   0.117   1.636  -3.576  -0.022   1.220   0.242   0.839   1.377   1.795   2.059   0.342 
  8 A   1.809  -1.621  -1.363  -4.131  -4.095   0.130  -0.574  -1.118  -1.902  -2.866   0.808  -1.498  -2.305  -1.590   3.736   1.928   1.045  -1.614  -0.471  -1.041 
  9 A  -3.481  -0.709  -7.479  -8.013  -7.050  -5.905  -7.085  -8.078  -3.017   1.090   2.857   1.088   3.280   4.450  -7.864  -6.913  -5.997   1.745   3.103  -2.981 
