#HLA-B1551

Last position-specific scoring matrix computed       
            A       R       N       D       C       Q       E       G       H       I       L       K       M       F       P       S       T       W       Y       V 
  1 A  -4.175  -3.448   0.558  -1.882  -5.429  -1.986  -0.368  -5.752   2.122  -1.529  -0.614  -6.107   5.284   3.385  -7.662  -1.022  -0.852   5.686   3.903  -3.944 
  2 A   2.335   0.164  -6.025  -5.206  -7.098   5.338   0.229  -5.491   1.355  -6.377  -3.273   0.821   5.289  -6.539   2.809  -2.054  -4.595  -7.481  -6.422  -5.408 
  3 A   1.168  -3.602   1.225  -3.886  -4.134  -0.823  -2.770  -6.227   0.322  -0.036  -0.943  -4.649   3.785   3.360  -7.264   1.404  -1.114   3.041   2.909  -0.957 
  4 A   1.571  -1.835  -0.133   1.255   0.194  -0.103   1.633  -0.104   0.396  -3.939  -2.120  -0.249   1.004  -1.910   1.122   1.257  -0.461   1.973   0.421  -2.288 
  5 A   0.190  -0.234   0.647  -1.107  -1.491  -1.670  -1.166   0.462   2.239  -0.728  -0.034  -2.013  -0.551   1.406  -1.481   0.476  -0.012   2.007   2.251  -0.944 
  6 A   1.027  -0.067   0.346  -1.521  -2.029  -1.280  -1.920   0.551   0.695  -1.850  -2.117  -1.959  -2.181   0.607   0.085   2.255   2.554   1.762  -1.785  -0.365 
  7 A   0.879  -4.329  -0.078  -2.321  -0.312  -0.436  -1.317  -3.023   1.892  -1.056   1.404  -3.992   0.047   1.201  -0.001   1.772   1.201  -1.862   1.811  -1.075 
  8 A   3.883  -4.929  -4.650  -5.195  -4.377  -3.735  -0.784  -5.273  -4.281  -0.865  -2.067  -5.182  -3.448  -4.660   4.945   0.864   0.848  -7.935  -6.118   1.503 
  9 A  -6.551  -7.301  -7.707  -8.372  -7.324  -7.015  -7.550  -8.276  -5.209  -4.686   0.901  -7.406   4.998   5.665  -8.198  -7.122  -6.714  -0.952   6.449  -4.568 
