#HLA-B2734

Last position-specific scoring matrix computed       
            A       R       N       D       C       Q       E       G       H       I       L       K       M       F       P       S       T       W       Y       V 
  1 A   0.202   5.708  -1.979  -6.649  -5.594  -2.907  -4.983  -1.381   1.189  -5.285  -3.558   1.958   1.071  -1.557  -6.981   0.330  -3.678   2.465   2.185  -6.475 
  2 A  -6.565   7.916  -5.554  -5.168  -8.495   2.513  -4.319  -7.440  -5.423  -8.215  -7.342  -3.013  -5.665  -8.070  -7.126  -5.810  -6.217  -7.496  -6.884  -7.602 
  3 A  -1.353   1.329  -1.567  -6.345  -5.335   0.550  -5.393  -5.522   0.468   0.523   1.810  -0.831   2.688   2.429  -5.638  -1.297  -2.256   5.814   2.076  -2.301 
  4 A   1.649   0.950  -0.628  -1.710  -1.463   0.353  -0.450   0.261   0.284  -0.599   0.058  -0.932   0.689  -2.577   0.268   0.916   0.248   1.148  -0.455  -1.170 
  5 A   0.181   1.894  -1.499  -4.142  -3.063  -0.502  -2.854  -0.795   1.195   0.973   0.898  -0.566   0.819   0.852  -3.117  -0.892   0.130   0.234   1.297   0.313 
  6 A   0.838   2.707  -1.396  -4.783  -3.066  -1.527  -3.107  -1.018  -0.113   0.258   1.209  -1.046  -1.452   1.170  -0.150   0.279   0.318   2.366  -1.083  -1.275 
  7 A   0.341  -0.084  -0.543  -2.968  -1.295   0.106  -1.899  -2.357   0.782  -0.636   1.237  -2.390   0.660   1.023   0.857   0.067   0.405   1.446   2.093   0.126 
  8 A   2.414  -0.943  -0.944  -3.439  -2.994  -0.017  -1.353  -1.154  -2.325  -2.158   0.592  -1.964  -1.377  -2.132   3.466   1.999   0.570  -3.602  -1.484  -0.791 
  9 A  -1.513  -7.429  -8.229  -8.498  -6.349  -6.440  -7.821  -8.366  -7.845   2.913   5.024  -6.086   1.452  -3.077  -7.863  -5.591  -5.072  -7.051  -6.216   0.627 
