#HLA-B0713

Last position-specific scoring matrix computed       
            A       R       N       D       C       Q       E       G       H       I       L       K       M       F       P       S       T       W       Y       V 
  1 A   1.303   4.703  -6.302  -7.059  -4.214  -5.334  -6.016  -3.501  -4.241  -0.336  -0.328   0.954   2.183   0.314  -7.053   0.943  -3.607   0.058   2.472  -1.603 
  2 A   1.908  -7.046  -6.895  -6.825  -7.012  -5.840  -6.315  -5.820  -7.151  -4.476  -5.736  -6.164  -2.899  -8.086   8.054  -2.189  -0.259  -8.937  -7.431  -0.604 
  3 A   0.253   4.998  -1.544  -5.057  -6.210  -1.526  -3.765  -3.941   2.513  -1.623  -1.089  -4.059   2.684   0.635  -2.930  -1.012  -1.820   1.327   2.284  -0.784 
  4 A   1.834   0.251  -1.646  -2.198  -1.631   1.191  -0.969  -3.415  -0.009  -0.890  -0.354   0.308   1.192  -1.895   2.115   0.788   0.595   1.523  -2.002   0.233 
  5 A   1.369   0.137   1.701  -4.081  -4.143  -0.947  -2.430   0.103   2.045  -1.313  -0.740  -1.413   1.661  -0.057   0.327   1.468   0.789  -0.673   0.096  -0.851 
  6 A  -0.186   3.108  -2.229  -3.181  -3.441  -1.024  -4.546   1.663   1.734  -2.206  -0.417  -0.648  -2.868   0.434   0.322   1.657   0.918  -0.202  -0.319  -2.183 
  7 A   0.701   0.167   1.399  -1.615  -1.824  -1.068  -1.294  -1.089   1.127   0.259   1.062  -2.756  -0.751  -0.954  -0.279   1.509   1.140  -2.398  -0.831  -0.742 
  8 A   2.752  -3.258  -3.408  -6.068  -6.543  -1.304  -0.314  -5.881  -1.759  -1.767  -1.112  -5.076  -1.260  -2.542   4.769   2.177   1.588  -4.481  -2.081   0.694 
  9 A  -5.597  -7.460  -8.296  -8.590  -6.391  -7.211  -7.911  -8.606  -7.794   2.729   4.878  -7.481   3.725  -1.000  -7.991  -7.358  -6.117  -6.923  -6.017   1.103 
