#HLA-B5812

Last position-specific scoring matrix computed       
            A       R       N       D       C       Q       E       G       H       I       L       K       M       F       P       S       T       W       Y       V 
  1 A  -1.930   1.364  -3.376   0.363  -1.875  -1.748  -2.860  -2.003  -0.936   0.841   0.256   2.032   2.048   0.122   1.970  -0.461  -0.736   0.004   0.004  -0.148 
  2 A   3.860  -5.335  -2.188   1.280  -3.507  -5.065  -5.419  -3.493  -3.683  -5.983  -6.635  -0.155  -1.056  -7.425  -4.482   4.671   2.680  -7.770  -6.955  -2.510 
  3 A   1.679  -4.272   0.439  -2.627  -4.600   0.116   0.020  -0.701  -2.479  -0.024   0.217  -1.409   0.632   1.330  -0.359   0.739   0.058   2.287   1.493  -0.576 
  4 A   1.612  -1.118  -0.400   0.458  -2.527   0.015   0.335   0.334   0.196  -1.617  -1.074  -0.167  -0.607  -0.943   2.116   1.165  -0.293   1.002  -1.070  -1.233 
  5 A   0.022  -1.492  -1.067   0.010  -1.300   1.334   0.569  -0.138  -0.667  -0.417  -0.191   0.090  -0.426  -1.489  -0.587   1.030   0.894   1.145  -1.186   0.850 
  6 A   0.910  -1.121  -0.336   0.540  -1.854   0.157   0.721   0.092   0.004  -1.636  -0.521  -0.408  -1.586  -0.383   1.337   0.857   1.030   0.184  -0.947  -0.485 
  7 A   0.346  -1.266  -1.360  -0.909  -2.795  -0.315  -0.300  -1.221   1.071  -1.208   0.931   0.463  -0.401   1.152   0.435   0.550   0.319   1.440   1.589  -1.022 
  8 A  -0.390   0.372  -0.338   0.569  -2.295   1.144   0.074  -0.332  -0.521  -0.919   0.431  -0.599  -1.065  -0.225  -0.277   0.998   1.061  -0.943   0.435  -0.714 
  9 A  -6.966  -7.185  -3.023  -0.629  -8.490  -5.436   1.347  -6.395  -6.437  -6.975  -6.930  -7.130  -6.588   0.925  -3.231  -5.308  -7.147  11.485  -2.882  -7.555 
