#HLA-B1565

Last position-specific scoring matrix computed       
            A       R       N       D       C       Q       E       G       H       I       L       K       M       F       P       S       T       W       Y       V 
  1 A   0.692   2.006  -5.967  -7.114  -5.890  -2.372  -6.270  -1.230  -0.923   0.082   1.163   0.987   3.602   1.307  -7.129   1.701  -2.244   1.563   0.868  -1.462 
  2 A   0.849  -5.953  -6.597  -7.005  -6.592   5.308  -5.580  -7.164  -6.387  -0.296   2.135  -4.900   5.860  -6.006  -7.092   0.025  -1.164  -7.171  -6.365   0.115 
  3 A   0.170   3.901   1.022  -6.685  -7.197  -1.194  -5.595  -5.733   0.824   0.322  -1.862   0.897   2.527   1.923  -6.421   0.539  -2.609  -6.344   2.393  -1.269 
  4 A   1.495  -2.179   1.333   1.497  -1.868   0.857   0.295  -1.473   0.052  -4.825  -2.805   0.540   0.201  -1.244   1.128   2.029   0.399  -0.434   1.300  -2.627 
  5 A   0.362   0.567  -0.239  -0.997  -3.772  -2.684  -1.725   1.296   2.736  -3.784  -1.027  -2.021  -1.153   0.099   0.083   2.903   1.274   0.017   0.900  -2.960 
  6 A  -0.369  -1.194   0.024  -2.385  -3.015  -1.979  -2.967   1.651  -0.121  -0.126  -0.772  -5.736  -1.553   0.992  -1.230   2.791   2.771  -0.684  -1.947  -0.321 
  7 A  -0.412  -2.509   0.761  -4.227  -0.817   0.529  -0.805  -0.778   1.319  -1.160   1.519  -3.247  -1.161  -2.318  -0.338   3.330   2.083  -5.471  -2.186  -1.902 
  8 A   2.891  -3.094  -3.315  -4.722  -3.602  -2.549  -0.146  -3.746  -0.030  -2.353  -3.015  -5.553  -3.540  -3.544   4.486   3.358   0.800  -5.713  -3.295   0.806 
  9 A  -7.183  -7.645  -7.780  -8.413  -7.584  -7.635  -7.801  -8.244  -4.915  -5.403  -3.627  -7.831   3.072   7.490  -8.535  -7.273  -6.979  -3.413   5.254  -5.900 
