#HLA-B1585

Last position-specific scoring matrix computed       
            A       R       N       D       C       Q       E       G       H       I       L       K       M       F       P       S       T       W       Y       V 
  1 A  -0.004   1.940  -5.537  -7.090  -5.220  -1.265  -6.185  -2.884  -1.185  -0.388   1.061   1.417   3.846   2.152  -7.153   1.929  -2.467   1.330   1.471  -2.118 
  2 A   0.663  -6.216  -6.826  -7.239  -6.499   4.428  -5.947  -7.303  -6.606  -0.011   2.528  -5.990   6.170  -5.802  -7.199  -0.219  -1.097  -7.129  -6.339   0.595 
  3 A   1.044   2.986   0.750  -6.903  -6.007  -3.337  -5.877  -6.337   0.580   1.766  -2.076  -0.007   2.497   2.310  -6.484   0.059  -3.452  -6.172   2.936  -0.571 
  4 A   1.724  -2.530   1.567   1.497  -1.493   1.063   0.416  -1.786   0.054  -4.137  -3.166   0.112  -0.196  -1.239   1.628   1.562   0.217   0.004   1.496  -2.457 
  5 A   0.750  -1.457   0.305  -0.866  -4.157  -2.541  -1.573   0.694   2.324  -3.215  -0.412  -2.164  -0.474   0.969   0.147   2.839   1.429  -0.410   0.854  -3.094 
  6 A  -0.414  -2.744  -0.052  -2.767  -3.310  -2.321  -3.591   1.259  -0.573   0.172  -0.255  -5.891  -1.682   1.084  -1.038   2.527   2.807  -0.940  -0.796   0.636 
  7 A   0.315  -3.508   0.386  -3.694  -1.255  -0.088  -0.816  -1.068   1.052  -1.023   1.687  -4.426  -0.998  -2.298  -0.923   3.412   2.013  -7.269  -2.023  -1.284 
  8 A   3.216  -3.242  -3.007  -5.263  -4.004  -3.353   0.345  -2.583   0.827  -3.101  -2.810  -4.793  -3.546  -3.359   4.443   2.772   0.071  -5.695  -3.039   0.928 
  9 A  -7.152  -7.563  -7.719  -8.392  -7.632  -7.480  -7.711  -8.250  -5.199  -5.508  -4.319  -7.722   2.818   7.182  -8.447  -7.228  -6.971  -3.995   6.202  -5.961 
