#HLA-B0803

Last position-specific scoring matrix computed       
            A       R       N       D       C       Q       E       G       H       I       L       K       M       F       P       S       T       W       Y       V 
  1 A  -4.621  -1.696  -0.029  -5.531  -2.306  -3.532  -2.302  -7.643   1.760  -1.135   0.517  -4.335   6.063   4.047  -7.716  -0.589  -2.718   2.436   3.622  -3.636 
  2 A   2.674  -3.480  -2.218  -3.452  -5.858  -1.626  -4.338  -2.992  -2.850  -2.726   0.357  -3.261   3.374   1.776   5.346  -1.033  -5.872   0.711  -1.345  -2.282 
  3 A  -2.419   3.150  -0.377  -5.536  -6.286  -1.247  -3.195  -4.592   0.814  -1.408   0.759   3.591   2.993   0.807  -6.415  -1.503  -3.075   1.447   1.853  -2.483 
  4 A   0.782   1.467  -2.216  -3.486  -1.486   0.905  -0.179  -3.897   0.935   0.111   0.744   1.708   2.286  -0.252  -0.137  -0.695  -1.067  -0.655   0.897  -1.809 
  5 A  -3.177   6.577  -3.393  -6.270  -7.928  -3.184  -3.833  -5.435   1.308  -1.800  -2.755   2.389  -0.384  -1.650  -4.290  -3.815  -3.116  -0.948  -0.174  -2.433 
  6 A  -0.641   2.230   0.134  -2.823  -3.114  -1.664  -2.175  -2.536   0.629   0.448  -0.206  -0.456  -3.256   3.316  -1.498  -0.449   0.828   2.108   0.629  -0.547 
  7 A   0.792  -1.400  -0.044  -4.092   0.119  -1.106  -2.101  -3.386   1.739  -1.399   1.339  -1.802   1.168   1.362  -1.717   0.911   0.004   0.769   2.530   0.254 
  8 A   1.344  -1.991  -0.699  -3.543  -4.083  -0.319  -0.298  -3.265  -0.677  -0.017  -1.358  -1.890  -0.690   0.696   3.166   2.871   1.096  -2.932  -1.965  -0.133 
  9 A  -5.522  -7.774  -8.307  -8.542  -6.585  -7.601  -8.110  -8.626  -7.668   4.813   3.616  -7.703   1.283   3.375  -8.136  -7.477  -6.236  -0.877  -5.100  -1.930 
