#B3704

Last position-specific scoring matrix computed       
            A       R       N       D       C       Q       E       G       H       I       L       K       M       F       P       S       T       W       Y       V 
  1 A  -2.207  -2.684   0.523  -4.538  -1.855  -1.284  -1.714  -3.411  -0.452  -0.781   0.777  -4.299   4.373   2.009  -6.860   2.459   0.647   3.876   2.274  -1.310 
  2 A  -5.630  -4.914  -5.006  -0.695  -8.269  -1.585   7.894  -6.891  -4.804  -7.999  -7.631  -4.031  -6.680  -7.777  -5.968  -4.859  -5.704  -7.270  -6.677  -7.222 
  3 A   0.178  -1.550   0.184  -3.926  -5.554  -0.553  -3.837  -5.692   0.007   1.369   0.709  -2.756   3.457   2.512  -1.863  -0.598  -2.049   3.139   3.799  -1.487 
  4 A   0.694  -0.994  -0.147  -0.355  -0.007  -0.142   1.503  -2.465   0.137  -1.244   1.565  -0.706   0.908  -0.015  -1.327   0.075  -0.820   0.033   0.814  -0.894 
  5 A  -0.168   0.817  -0.832  -2.135  -1.323  -2.179  -1.860  -1.090   0.946   0.639   0.602  -0.294  -0.681   2.839  -0.636  -1.177  -0.828   0.933   1.810  -0.346 
  6 A  -0.084   0.354  -0.727  -3.084  -2.632  -1.985  -3.869  -1.424   1.172   0.516   0.473  -1.188  -2.168   3.538  -2.549   1.033   0.028   1.375   1.137  -0.360 
  7 A   0.679  -3.499  -1.056  -1.260  -1.284  -0.470  -1.471  -4.217   0.715   0.790   0.644  -2.854   1.500   2.269   0.560  -0.498  -0.500  -0.033   2.036   0.941 
  8 A   1.743  -4.169  -0.849  -3.832  -3.644  -0.962  -0.496  -3.601  -1.851  -0.756  -0.042  -3.676  -0.394  -1.377   4.820   1.180   1.512  -3.567  -1.550   0.037 
  9 A  -0.862  -7.196  -7.751  -7.978  -5.893  -6.866  -7.404  -7.848  -6.247   4.202   3.247  -7.031   2.393  -0.621  -7.394  -6.130  -5.478  -6.685  -5.651   2.845 
