#HLA-B4903

Last position-specific scoring matrix computed       
            A       R       N       D       C       Q       E       G       H       I       L       K       M       F       P       S       T       W       Y       V 
  1 A   0.520   1.436  -2.672  -7.114  -0.441  -1.302  -5.024  -0.563  -0.926  -0.050   1.356   0.848   2.792   1.204  -7.188   0.262  -0.859   0.905   1.298  -0.588 
  2 A  -5.514  -5.226  -5.461  -3.161  -8.618   1.577   7.850  -7.289  -5.183  -8.320  -7.915  -3.851  -3.881  -8.163  -5.355  -5.262  -6.086  -7.639  -7.020  -7.558 
  3 A  -1.242  -5.014   0.666  -4.491  -7.033  -1.543  -5.644  -6.042  -0.809   1.042   0.605  -5.992   3.851   3.455  -7.663  -0.424  -2.824   3.403   4.964  -1.302 
  4 A   1.386  -2.045   0.437   0.613  -0.581   0.859   2.532  -1.902  -1.661  -1.230  -0.465  -1.752  -1.763  -1.618   1.076   0.834   0.748  -0.232  -0.980  -0.957 
  5 A   0.299  -2.171  -0.879  -1.131  -1.463  -2.317  -1.066   1.178  -0.678   0.196   0.150  -3.011   0.467   2.078  -0.449   0.757   0.767   1.042   0.688  -0.226 
  6 A   1.341  -2.097  -1.704  -1.806  -0.548  -2.543  -3.492  -0.105  -0.965   1.269   0.407  -3.752  -1.617   2.335  -0.612   1.244   0.153   1.178   0.153   0.294 
  7 A  -1.265  -3.374  -0.027  -1.320  -1.850   0.510   0.118  -3.792   1.322   0.076   0.801  -2.613   0.725   0.915   2.497   0.644   0.695   1.029   0.612   0.220 
  8 A  -0.462  -2.902   0.086  -3.762  -2.498   0.806  -0.261  -2.956   0.085  -0.151   0.710  -1.529  -0.510  -0.051   3.181   1.023   1.593  -1.260  -0.614   0.432 
  9 A  -5.243  -7.908  -8.302  -8.439  -6.333  -7.564  -8.085  -8.656  -8.151   5.868   1.599  -7.629   0.195  -2.617  -7.930  -7.326  -5.839  -1.612  -6.226   2.888 
