#HLA-B4806

Last position-specific scoring matrix computed       
            A       R       N       D       C       Q       E       G       H       I       L       K       M       F       P       S       T       W       Y       V 
  1 A  -3.657   0.040  -0.329  -7.284  -5.375  -2.173  -2.399  -6.113   1.536  -0.495   0.584  -4.671   4.957   3.809  -7.749  -1.112  -1.603   5.021   3.625  -3.339 
  2 A   0.744  -7.006  -6.435  -6.860  -7.281  -1.792  -6.287  -4.646  -3.922  -4.782  -2.444  -5.222   0.236  -6.144   8.329  -4.675  -5.648  -8.965  -6.502  -3.403 
  3 A   1.566  -1.658  -1.134  -0.291  -3.739   0.248  -0.769  -3.154   1.212  -0.117   0.293  -3.088   2.460   1.918  -3.311  -0.484  -0.494   2.566   2.540  -0.693 
  4 A   1.735  -0.016  -1.982  -1.660  -1.467  -0.084  -0.415  -0.207   0.282  -1.401   0.078  -0.972   1.885   0.175   1.495  -0.029  -0.426   2.275   0.461  -0.929 
  5 A   0.295   0.245  -0.079  -1.206  -1.295  -1.827  -2.182   0.851   1.722   0.776  -0.234  -1.692   0.206  -0.082  -1.371  -0.102  -0.482   0.565   0.591   1.274 
  6 A   0.909   0.883   0.489  -0.509  -2.797   0.883  -1.381   0.628   1.332  -1.301  -0.989  -0.927  -1.959   0.188   0.077   0.985   1.228   0.197  -0.416  -1.171 
  7 A   1.359  -1.518  -0.478  -2.721  -2.000  -2.483  -2.537  -2.248   1.490   0.225   1.235  -4.019   1.173   0.887   0.124   0.758   0.626  -0.408   0.482   0.797 
  8 A   4.161  -4.631  -3.448  -4.625  -2.899  -1.970  -0.712  -2.554  -4.673  -0.496  -1.466  -5.702  -2.851  -2.436   3.851   1.431   0.958  -4.498  -4.169  -0.106 
  9 A  -5.721  -7.359  -8.409  -8.742  -6.423  -7.236  -7.946  -8.676  -7.800  -1.253   5.989  -7.514   1.887  -1.730  -8.055  -7.512  -6.320  -6.853  -6.053  -1.898 
