#HLA-B4077

Last position-specific scoring matrix computed       
            A       R       N       D       C       Q       E       G       H       I       L       K       M       F       P       S       T       W       Y       V 
  1 A   1.020   4.250  -2.266  -5.546  -1.895  -2.226  -5.548   1.165  -1.625  -1.315  -2.408   1.635   0.133  -0.003  -5.305   0.769  -1.975   2.787   1.324  -3.128 
  2 A  -6.017  -5.304  -4.805  -3.529  -8.676  -3.330   8.044  -7.323  -5.186  -8.404  -8.020  -4.414  -7.076  -8.131  -5.809  -5.262  -6.109  -7.629  -5.638  -7.610 
  3 A   0.978  -5.480  -0.642  -1.981  -2.019   1.094  -0.932  -4.730  -0.913   1.746   0.832  -5.392   3.493   1.661  -4.364  -0.082  -1.204   2.561   2.030  -0.391 
  4 A   1.720  -1.532   0.566  -0.171  -0.580   1.236   0.957   0.823  -0.192  -1.344  -0.392  -2.320   0.160  -0.136   0.559   0.204  -0.779   0.375  -0.728  -1.369 
  5 A   1.325  -4.960  -0.522  -0.441  -3.004  -3.290  -0.749   1.432   0.160   0.980   0.887  -4.458  -0.158   0.381  -2.895   0.445   0.007  -6.990  -0.425   0.872 
  6 A   1.422  -0.633   0.596  -1.479  -1.297  -0.031  -1.451   0.413   1.321  -0.801   0.264  -2.187  -1.692   1.693  -0.520   0.634  -0.534   0.730  -0.452  -0.333 
  7 A   0.277  -2.619  -1.621  -1.701  -2.038   0.086  -0.568  -2.543  -0.001   0.316   0.744  -4.218  -0.046   1.993   1.359  -0.559   0.358   1.571   2.067   0.985 
  8 A   2.723  -3.208  -1.437  -2.129  -3.305  -0.308   0.981  -1.141  -1.721  -1.207  -1.319  -3.371  -0.981  -1.453   3.169   2.009   0.806  -1.635  -2.055  -0.223 
  9 A  -6.262  -6.345  -8.374  -7.206  -6.439  -7.255  -6.758  -8.688  -7.806   0.737   5.821  -7.506   1.374  -1.281  -8.053  -7.515  -6.303  -6.865  -6.029  -1.853 
