#HLA-C0315

Last position-specific scoring matrix computed       
            A       R       N       D       C       Q       E       G       H       I       L       K       M       F       P       S       T       W       Y       V 
  1 A  -2.764   0.502  -7.173  -7.141  -4.623  -6.261  -6.887  -6.236  -3.266   1.474   1.712   0.303   4.712   2.681  -7.611  -1.135  -3.550   0.323   3.700   0.288 
  2 A   3.527  -6.472  -5.813  -6.010  -6.105  -5.359  -6.001  -5.061  -6.806  -4.949  -5.751  -5.918   0.405  -7.197   2.419   3.397   4.951  -7.731  -6.896  -0.048 
  3 A   1.245  -1.622   1.057  -5.440  -6.879  -2.715  -6.237  -6.355  -0.466   0.913  -1.089  -5.453   3.892   3.495  -4.398   0.052  -0.934   2.155   4.085  -1.428 
  4 A   1.271  -1.620  -0.414  -0.033  -2.263  -1.048   0.061  -1.959  -1.702  -1.215  -2.162  -1.154  -0.489  -0.863   3.361   2.320   0.090   2.258  -0.952   0.197 
  5 A   0.666  -1.682   0.706  -5.547  -2.028  -1.242  -2.432  -0.767   0.532   0.253   0.733  -3.531   0.651   1.947   1.144   1.040   0.104   0.896   0.633   0.038 
  6 A  -0.172  -0.257  -1.624  -2.351  -4.118  -3.046  -5.304   1.412   0.360  -0.517   0.247  -3.481  -0.419   1.283  -0.070   2.210   1.863   0.578   0.911  -0.477 
  7 A  -0.172  -3.873  -0.446  -2.551  -2.245  -2.575  -3.720  -3.038   1.926   0.122   2.858  -5.588  -1.456   2.462   0.228  -0.109  -0.685  -0.863   1.437  -0.200 
  8 A   0.739  -3.141  -1.819  -5.921  -4.036  -2.653  -0.813  -4.661  -0.477  -0.992   1.462  -3.389  -1.420  -0.267   3.376   1.495   1.305  -1.601  -1.158   1.875 
  9 A  -7.202  -7.605  -7.733  -8.404  -7.714  -7.558  -7.118  -8.261  -5.131  -3.532  -4.223  -7.766  -0.170   7.134  -8.482  -7.273  -7.028   1.699   6.416  -6.018 
