#HLA-C0108

Last position-specific scoring matrix computed       
            A       R       N       D       C       Q       E       G       H       I       L       K       M       F       P       S       T       W       Y       V 
  1 A  -2.617   2.793  -6.197  -0.634  -2.833  -4.647  -4.168  -5.340  -4.815  -0.857   1.117  -1.159   4.025   3.874  -0.113  -0.750  -5.769  -0.532   2.665  -1.497 
  2 A   4.679  -4.430  -3.737  -2.758  -5.424  -5.275  -3.406  -4.417  -5.827  -4.888  -2.560  -0.523   2.057  -6.092   3.066   2.299   1.687  -7.767  -6.886  -1.533 
  3 A  -0.326   2.836  -0.832  -3.749  -3.127  -2.697  -2.076  -4.586   1.694  -1.099  -0.955  -2.652   4.502   0.475   2.865  -1.575  -2.011   2.557   2.456  -1.025 
  4 A   2.666   0.650  -2.489  -2.779  -2.476   0.147  -0.099  -2.973  -0.214  -1.268   0.357  -0.768   0.777  -1.657   2.114  -0.233   0.010   2.264  -0.725  -0.473 
  5 A   0.463  -0.736   2.964  -2.665  -2.057  -3.132  -1.371  -2.797   1.998   0.070  -0.587  -1.304   1.253   0.218   1.411   0.607   0.426   0.872  -0.131  -0.102 
  6 A  -0.701   1.970  -2.013  -1.811  -4.207  -1.376  -1.135  -0.065   1.990  -1.319  -1.002  -1.825  -3.757   1.622   1.154   2.166   0.892   1.027  -0.356  -0.041 
  7 A   0.024  -1.879   0.863  -1.804  -1.485  -2.066  -0.761  -3.147   3.445  -1.141   0.291  -0.555  -1.862   1.691   0.125   1.010  -0.256   0.756   1.876   0.183 
  8 A   2.415  -3.762  -3.050  -1.113  -5.035  -1.966  -0.885  -2.952  -1.261  -1.166  -1.248  -3.059  -3.102  -2.498   4.133   1.317   1.607  -2.979  -0.678   1.612 
  9 A  -6.496  -5.508  -5.602  -2.936  -6.577  -5.161  -0.946  -6.262  -7.591   4.081   4.489  -3.268   0.669  -0.676  -5.765  -7.223  -5.776  -7.020  -6.079  -1.527 
