#HLA-C0110

Last position-specific scoring matrix computed       
            A       R       N       D       C       Q       E       G       H       I       L       K       M       F       P       S       T       W       Y       V 
  1 A  -0.493   5.121  -6.309  -1.743  -4.820  -5.308  -5.309  -5.938  -5.913  -0.724   0.031   0.776   2.409   1.692  -2.934  -0.586  -5.654  -0.359   2.313  -1.513 
  2 A   4.560  -5.780  -5.175  -4.233  -6.250  -4.296  -3.337  -4.184  -5.273  -3.096  -2.501  -3.438   0.728  -6.614   4.614   1.204   1.783  -4.572  -6.933  -0.312 
  3 A  -0.221   2.957  -2.053  -4.892  -5.361  -3.373  -3.928  -4.801   1.952  -1.141  -0.529  -3.556   4.151   0.617   3.647  -3.033  -2.236   2.641   2.656  -0.659 
  4 A   3.129   0.190  -2.352  -2.784  -2.712   1.279  -1.113  -3.588  -0.809  -1.005   0.020  -0.709   0.773  -2.609   2.213   0.181   0.023   2.257  -2.351  -0.505 
  5 A   1.227  -1.136   3.788  -2.975  -1.843  -3.579  -2.317  -3.227   2.146  -1.894  -0.924  -2.151   1.597  -0.078   1.874   1.027   0.869  -0.013  -1.509  -0.647 
  6 A  -0.412   1.942  -2.152  -3.656  -4.189  -0.668  -2.244   0.884   1.781  -1.606   0.078  -2.377  -2.536   1.432   0.764   1.929   0.851   0.881  -0.650  -0.401 
  7 A   0.610  -1.466   1.067  -1.386  -2.772  -2.081  -1.221  -3.337   3.022  -0.778   0.616  -2.019  -2.719   0.954   0.965   1.285   0.665  -0.180   1.097   0.067 
  8 A   2.518  -4.168  -2.760  -2.652  -5.014  -1.699  -1.092  -3.860  -1.418  -1.518  -1.098  -4.486  -3.404  -2.129   4.410   1.775   1.438  -2.457  -0.574   1.551 
  9 A  -6.502  -5.928  -7.324  -4.822  -6.488  -5.762  -2.708  -6.309  -7.711   2.597   5.204  -6.431   1.457  -0.638  -7.063  -7.369  -6.218  -6.918  -6.012  -0.530 
