#HLA-C0205

Last position-specific scoring matrix computed       
            A       R       N       D       C       Q       E       G       H       I       L       K       M       F       P       S       T       W       Y       V 
  1 A  -1.634   2.361  -6.229  -5.628  -4.141  -5.914  -6.125  -6.070  -0.905   1.859   0.817   0.282   4.355   1.141  -5.517   0.375  -2.073  -0.577   2.867   0.337 
  2 A   3.679  -6.526  -5.912  -6.089  -6.031  -5.930  -4.401  -5.573  -6.930  -3.358  -5.980  -5.997  -1.765  -7.089   0.665   2.248   5.434  -7.662  -6.851   1.288 
  3 A   1.960   0.534   0.004  -4.823  -6.760  -2.472  -5.674  -6.522   0.650   1.039  -3.989  -3.944   2.918   2.992  -2.562   0.793  -0.038  -0.545   3.224   0.378 
  4 A   1.946  -1.892  -1.002  -0.413  -3.713  -0.494  -1.117  -1.621  -2.526  -0.854  -2.425  -0.860  -0.154  -0.023   3.049   1.816   0.941   3.066  -0.515  -0.426 
  5 A   0.798  -3.391  -0.533  -6.238  -3.986  -3.665  -4.138  -4.954  -1.814   2.447   1.324  -5.572   1.463   1.303   0.589   0.519   0.256  -1.235  -1.889   2.093 
  6 A  -0.490   0.798  -2.889  -2.498  -4.596  -2.862  -5.083   0.979   0.074   0.505   0.152  -4.706  -0.760   1.421   0.598   1.641   1.444   1.034   0.480   0.611 
  7 A   1.176  -2.194  -0.621  -2.188  -2.735  -2.708  -3.341  -0.822   1.723   0.279   1.652  -5.726   0.349   2.049  -0.229   0.739  -1.130  -1.843   1.652  -0.116 
  8 A   0.330  -2.052  -1.339  -5.916  -5.115  -1.336  -0.251  -4.709   0.079  -1.391   1.956  -3.663  -1.394   0.504   2.769   1.265   0.205  -1.543   1.016   1.365 
  9 A  -7.199  -7.591  -6.991  -6.994  -7.673  -7.581  -6.182  -8.232  -4.757  -5.310  -4.720  -5.947   1.468   7.431  -7.433  -7.249  -7.013  -4.039   5.823  -6.017 
