#HLA-C0737

Last position-specific scoring matrix computed       
            A       R       N       D       C       Q       E       G       H       I       L       K       M       F       P       S       T       W       Y       V 
  1 A  -2.312   1.492  -4.449  -7.448  -4.715  -5.620  -6.700  -6.645  -3.295  -0.888   0.020  -3.097   3.598   3.632  -7.500   2.121  -3.329   2.190   5.361  -1.567 
  2 A   4.554  -6.657  -6.435  -6.761  -6.246  -1.459  -5.429  -3.754  -6.738  -4.443  -3.657  -6.050   1.526  -1.380   4.204   1.864   1.450  -0.037  -2.589  -0.359 
  3 A  -0.973   1.826  -1.119  -4.469  -5.270  -1.586  -5.428  -6.031   0.843   0.964   1.163  -2.794   3.797   0.993   2.784  -2.631  -2.445   3.153   1.314  -0.104 
  4 A   1.151  -0.402  -0.423  -1.956   0.574   1.993  -0.162  -2.050   0.202  -0.571  -1.295  -0.387   1.108  -2.113   2.114   1.589  -0.174   1.969  -0.539  -0.803 
  5 A   1.333  -0.612   3.571  -3.287  -2.058  -3.599  -3.625  -1.046   3.418  -0.868  -0.863  -2.765   0.062   0.923  -0.278   1.113   0.673  -1.933  -0.189  -1.908 
  6 A  -1.317   1.616  -1.544  -5.040  -4.237  -2.283  -5.617   0.570   2.845  -2.022   0.510  -2.895  -2.270   3.268  -0.383   1.654   0.310   2.017   1.467  -2.058 
  7 A   0.499  -1.867   0.340  -2.263  -0.996  -2.156  -2.643  -2.603   3.862   0.023   0.803  -5.376  -1.005   2.462  -1.996  -0.119  -0.024   2.218   2.753  -0.936 
  8 A   3.275  -5.181  -3.278  -6.188  -4.428  -3.723  -0.786  -6.120  -2.589  -2.256  -0.921  -5.473  -2.579  -0.774   4.498   1.785   1.410  -3.571  -0.031   0.831 
  9 A  -6.910  -7.550  -8.020  -8.490  -7.003  -7.458  -7.895  -8.331  -6.795  -1.928   2.650  -7.722   5.406   6.693  -8.411  -7.311  -6.636  -5.298  -3.214  -4.217 
