#HLA-C0611

Last position-specific scoring matrix computed       
            A       R       N       D       C       Q       E       G       H       I       L       K       M       F       P       S       T       W       Y       V 
  1 A  -1.817   3.625  -4.907  -7.252  -3.787  -5.193  -6.329  -5.983  -1.008   0.423   1.051   0.335   3.518   2.039  -7.314   1.426  -3.630  -1.774   2.875  -1.193 
  2 A   3.990  -6.743  -6.035  -6.946  -6.204  -2.676  -6.333  -3.487  -5.964  -2.139  -2.058  -5.576   2.527  -0.373   2.459   1.752   1.989   1.001  -3.149   1.538 
  3 A  -3.090   5.380  -1.272  -6.967  -6.439  -3.516  -5.552  -6.652   1.771  -1.071  -1.416   1.253   1.929   1.598  -1.181  -3.600  -3.436   0.268   2.723  -1.245 
  4 A   1.737   0.901  -0.932  -2.391  -0.846   1.846  -0.762  -3.656  -0.071  -0.197  -1.495   0.439   0.433  -1.452   1.542   0.719   0.158   2.083   1.265  -1.123 
  5 A   0.313   1.776   2.440  -4.096  -2.286  -2.688  -4.588  -2.806   2.660  -0.634   0.123  -0.701   0.992   0.646  -0.284   0.877   1.197  -1.223   0.198  -1.442 
  6 A  -1.901   2.779  -2.048  -2.591  -4.241  -2.077  -4.682   0.448   2.276  -0.974  -0.007  -2.673  -2.080   2.402   0.117   1.429   0.608   0.423   1.012  -0.729 
  7 A   0.573   0.197   0.677  -3.871  -1.466  -2.617  -3.131  -2.760   3.413  -0.080   0.894  -4.493  -0.739   1.351  -0.787   1.095  -0.202   0.913   2.150  -0.153 
  8 A   1.790  -4.395  -1.408  -6.182  -4.058  -1.845  -0.789  -6.400   0.074  -1.204  -0.827  -4.530  -3.363   0.207   4.522   1.894   0.274  -2.401   0.443   1.705 
  9 A  -7.201  -7.157  -7.966  -8.491  -7.393  -7.970  -8.016  -8.279  -5.606  -3.592   0.168  -8.041   2.884   7.825  -8.675  -7.400  -6.949  -3.789   0.567  -5.383 
