#HLA-C0810

Last position-specific scoring matrix computed       
            A       R       N       D       C       Q       E       G       H       I       L       K       M       F       P       S       T       W       Y       V 
  1 A  -6.108  -5.520  -6.787  -8.101  -4.808  -7.040  -6.881  -8.020  -3.984  -2.808  -0.819  -6.407   4.619   6.260  -8.122  -1.055  -3.246   0.835   5.513  -4.013 
  2 A   3.062  -6.444  -5.748  -6.345  -6.207  -3.392  -5.945  -4.202  -6.762  -3.175  -4.782  -5.561  -1.646  -7.303   3.460   3.816   4.779  -7.820  -6.953  -1.310 
  3 A   2.001  -7.009  -1.877  -0.396  -5.119  -3.652  -5.477  -5.741  -3.346   0.378   0.457  -6.699   4.046   2.814   1.225  -0.461  -1.797   4.135   2.095  -0.818 
  4 A   1.434  -1.641  -1.176  -0.574  -0.570  -0.860   0.349  -1.024  -1.386  -0.571  -0.734  -1.818  -1.117  -0.931   3.380   1.638   0.119   2.842  -1.845  -0.850 
  5 A  -0.178  -4.678   1.604  -4.036  -0.825  -3.318  -2.058  -1.458   0.079   1.509  -0.045  -3.931   2.155   1.834   0.699   0.574   0.663   1.431  -0.010   0.783 
  6 A   0.613  -1.284  -1.787  -4.145  -3.704  -1.264  -6.058  -0.590   1.249  -0.400   1.396  -4.214  -1.601   2.951   0.859   1.542   1.438  -0.373   0.606  -1.791 
  7 A   0.215  -6.950  -0.620   0.632  -1.867  -3.148  -2.115  -6.158   2.047   0.138  -0.295  -6.657  -0.181   3.899   1.958  -1.663  -0.352   1.231   2.946  -0.304 
  8 A   1.409  -4.386  -0.288  -6.602  -3.661  -1.579  -0.296  -4.115  -3.077  -1.545   1.223  -4.765  -0.499   0.477   3.638   0.913   2.015  -4.242   0.702   0.224 
  9 A  -3.645  -7.723  -8.280  -8.480  -6.283  -7.424  -7.960  -8.551  -8.101   4.664   3.261  -7.558   0.226  -3.030  -7.886  -7.229  -5.855  -7.240  -6.266   3.443 
