#HLA-C0204

Last position-specific scoring matrix computed       
            A       R       N       D       C       Q       E       G       H       I       L       K       M       F       P       S       T       W       Y       V 
  1 A  -3.394  -3.081  -6.055  -7.777  -4.223  -6.550  -4.437  -7.805  -1.679  -0.460  -0.085  -4.096   5.113   4.522  -7.765   0.144  -2.160   1.467   5.644  -2.145 
  2 A   2.561  -6.450  -5.687  -6.425  -6.044  -5.890  -6.088  -5.960  -6.934  -3.589  -5.779  -5.972  -2.586  -6.478  -1.681   2.525   6.298  -7.584  -6.817   1.088 
  3 A   3.341  -2.509  -0.230  -6.012  -5.595  -4.390  -6.033  -5.900   0.104   1.513  -4.129  -5.058   2.492   1.638  -0.841   1.524   0.407  -4.981   2.421   0.552 
  4 A   1.621  -1.879  -0.144   0.916  -1.846  -0.381   0.462  -0.711  -2.494  -2.048  -3.797  -1.143  -2.475  -0.664   2.729   2.148   0.358   2.767  -0.740  -0.241 
  5 A   0.380  -4.539   0.244  -4.623  -2.972  -3.413  -3.753  -2.635  -1.141   2.339   1.019  -5.034   0.544   1.468   1.440  -0.038   0.422  -1.930  -0.978   1.928 
  6 A  -0.084  -1.304  -4.349  -3.825  -5.757  -3.352  -5.847   0.257  -1.115   0.554   1.179  -4.457   1.660   1.507   0.307   1.070   2.174  -0.170   0.800   0.754 
  7 A   1.627  -4.416   0.408  -0.273  -3.005  -4.052  -2.491  -1.131   1.669  -0.196   1.371  -5.972  -1.452   1.429  -1.144   1.935   0.555  -1.530   0.618  -0.963 
  8 A   0.130  -2.376  -1.180  -6.391  -5.865  -1.126  -0.471  -3.213  -0.104  -1.279   1.853  -3.402  -1.241   1.216   2.579   0.630  -0.420  -0.378   2.204   1.298 
  9 A  -6.456  -6.733  -7.753  -8.340  -7.131  -6.992  -7.577  -8.276  -5.033  -0.188   0.888  -5.430   5.751   5.558  -8.165  -7.104  -6.558  -3.140   5.364  -2.779 
