#HLA-C1402

Last position-specific scoring matrix computed       
            A       R       N       D       C       Q       E       G       H       I       L       K       M       F       P       S       T       W       Y       V 
  1 A  -1.755   3.857  -5.215  -4.684  -2.807  -5.594  -6.241  -5.472  -1.648   0.549   1.248   0.967   2.904   1.037  -4.685   1.000  -4.003  -0.858   2.450  -0.549 
  2 A   2.908  -6.893  -5.749  -5.358  -6.618  -4.141  -4.558  -3.866  -6.831  -3.030  -2.329  -5.612   1.753   0.178   5.799   0.558   0.862   1.857  -1.058   0.487 
  3 A  -2.084   5.065  -0.375  -4.753  -6.390  -1.043  -3.882  -4.459   1.814  -1.282  -1.107   0.581   1.878   1.349   0.237  -4.055  -3.265   1.564   1.506  -0.852 
  4 A   1.120   0.568  -0.770  -2.279  -1.854   1.960  -1.511  -3.308   0.300  -0.320  -1.063   0.915   0.679  -1.389   2.178   1.242   0.298   2.076   0.300  -1.397 
  5 A   0.828   1.880   0.957  -3.588  -1.651  -2.013  -2.528  -1.918   2.534  -1.302  -0.119  -0.690   0.362   0.107   0.007   1.301   1.448  -0.672  -0.131  -0.846 
  6 A  -1.816   2.766  -1.315  -2.787  -3.450  -1.759  -3.329   0.717   2.277  -1.713  -0.300  -1.802  -2.565   2.008   0.545   1.717   1.020  -0.641   0.437  -1.236 
  7 A   0.675  -0.149   0.231  -2.841  -1.835  -2.459  -2.312  -3.077   2.988  -0.409   1.738  -4.758  -0.966   0.882  -0.793   0.381  -0.489   1.687   2.327  -0.036 
  8 A   2.036  -4.151  -1.584  -4.600  -3.648  -2.608  -0.080  -6.039  -0.572  -0.809  -0.384  -3.622  -1.892   0.300   4.066   2.054   0.767  -2.922  -0.429   0.986 
  9 A  -7.222  -7.810  -6.541  -6.098  -7.434  -7.948  -5.281  -8.245  -5.621  -4.356  -0.251  -8.033   2.731   7.921  -8.680  -7.372  -6.966  -3.790  -0.320  -5.690 
