#HLA-C1602

Last position-specific scoring matrix computed       
            A       R       N       D       C       Q       E       G       H       I       L       K       M       F       P       S       T       W       Y       V 
  1 A  -2.298   1.198  -5.457  -3.125  -3.026  -5.562  -6.646  -6.114  -2.539   1.994   1.359   0.168   4.447   1.516  -4.416   0.404  -2.498  -1.815   2.210   0.931 
  2 A   3.507  -6.574  -6.030  -4.812  -6.253  -5.940  -2.787  -5.158  -6.855  -3.447  -6.005  -5.647  -0.628  -4.218   4.206   2.268   4.547  -5.738  -6.120  -0.130 
  3 A   0.319  -2.626   0.979  -3.959  -3.748  -1.629  -3.847  -4.233   0.386   0.206   0.239  -3.466   3.453   3.088   1.039  -0.685  -1.010   2.961   2.394  -0.198 
  4 A   0.677  -1.474  -1.281  -1.110  -1.296  -0.880  -0.821  -2.638  -1.542   0.489  -0.964  -1.185  -0.224   0.265   3.248   1.748   0.471   3.273   0.021  -0.511 
  5 A   0.790  -2.510   0.104  -4.306  -2.012  -2.180  -1.376  -3.912   0.600   1.561   0.990  -3.585  -0.022   2.037   0.480   0.739  -0.194   1.178   0.234   0.741 
  6 A  -1.085   0.576  -2.200  -2.718  -3.398  -2.148  -3.755   0.231   1.503  -0.781   0.301  -3.193  -2.721   2.788   0.806   2.025   0.456   1.057   1.339  -0.078 
  7 A   0.212  -3.060  -1.275  -1.506  -1.311  -2.743  -2.591  -4.303   2.776   0.281   1.003  -5.044  -0.346   3.457  -1.309  -1.708  -2.144   2.420   3.609   0.270 
  8 A   0.258  -3.984  -1.538  -3.924  -3.679  -2.171  -0.886  -5.587  -1.395  -1.111   2.254  -2.798  -2.778   1.134   2.895   0.391   1.556  -2.302   1.578   0.681 
  9 A  -7.297  -6.652  -7.086  -5.371  -7.606  -7.996  -3.905  -8.223  -6.134  -3.405  -3.048  -8.033  -0.030   8.066  -6.139  -7.364  -7.058  -1.305   2.135  -5.890 
