#HLA-C0803

Last position-specific scoring matrix computed       
            A       R       N       D       C       Q       E       G       H       I       L       K       M       F       P       S       T       W       Y       V 
  1 A  -5.886  -4.214  -6.813  -8.138  -7.373  -7.080  -7.451  -8.021  -3.990  -3.489  -1.644  -5.708   4.495   6.452  -8.195  -1.258  -5.117   2.516   5.399  -3.561 
  2 A   3.853  -6.480  -5.560  -6.502  -6.160  -1.307  -5.989  -3.277  -6.768  -2.110  -2.259  -5.606   0.333  -7.097   2.720   3.290   3.857  -7.733  -6.887  -1.168 
  3 A   1.350  -7.063  -1.921  -1.627  -5.116  -3.205  -5.979  -5.903  -3.069   0.833   1.263  -6.825   4.585   2.699   0.630  -1.695  -2.319   4.232   2.136  -0.359 
  4 A   1.512  -1.391  -0.934  -0.563  -1.144  -0.481   0.914  -0.646  -1.377  -1.128  -0.920  -2.147  -1.610  -0.864   3.639   1.127  -0.295   2.990  -1.698  -0.873 
  5 A   0.561  -3.286   2.197  -3.614  -1.626  -3.774  -3.167  -0.406   0.612   0.857  -0.272  -3.555   1.793   1.100   0.707   0.992   0.710   0.726  -0.205   0.539 
  6 A   0.505  -1.208  -1.674  -3.129  -3.036  -0.941  -6.016  -0.107   1.117  -0.581   1.278  -4.396  -2.643   2.908   0.597   1.785   1.059   0.593   0.262  -1.395 
  7 A   0.286  -5.281   0.011   0.095  -1.661  -2.715  -1.922  -5.838   2.492   0.658   0.001  -6.555  -0.880   3.298   1.636  -1.149   0.212   0.456   2.431   0.070 
  8 A   2.760  -4.860  -0.816  -6.517  -4.468  -1.696  -0.841  -4.598  -2.571  -1.965  -0.588  -5.439  -1.924  -0.568   4.336   1.489   2.122  -4.368  -0.280   0.388 
  9 A  -3.534  -7.641  -8.286  -8.514  -6.283  -7.368  -7.925  -8.537  -8.061   3.962   3.909  -7.534   0.506  -3.329  -7.891  -7.230  -5.897  -7.198  -6.263   3.377 
