#HLA-C1216

Last position-specific scoring matrix computed       
            A       R       N       D       C       Q       E       G       H       I       L       K       M       F       P       S       T       W       Y       V 
  1 A  -1.963   2.585  -5.283  -7.353  -5.344  -5.432  -6.514  -6.615  -0.669  -1.068   0.155  -1.221   3.329   3.694  -7.431   1.886  -3.499   0.196   4.800  -2.325 
  2 A   3.862  -6.594  -5.910  -6.858  -6.139  -0.445  -5.830  -3.868  -6.848  -1.880  -1.430  -5.213   2.845  -2.474   0.530   2.010   2.858  -0.239  -4.065   1.666 
  3 A  -2.805   5.589  -1.364  -7.010  -7.566  -4.386  -5.948  -7.059   1.819   0.276  -2.132   0.350   2.440   1.258  -1.743  -3.758  -2.977  -1.151   2.319  -0.906 
  4 A   1.077   0.691   0.175  -1.843   0.201   2.598  -0.039  -3.911   0.129  -0.863  -1.605   0.489   0.592  -2.346   1.209   1.437  -0.334   1.532   0.214  -0.685 
  5 A   0.249   1.730   3.282  -3.296  -2.823  -2.636  -3.401  -1.698   3.625  -1.425  -0.454  -0.738   0.593   0.104  -0.765   0.887   0.742  -2.859   0.195  -2.371 
  6 A  -1.774   1.770  -2.474  -3.298  -4.674  -2.156  -6.065   0.865   1.252   0.201   0.824  -4.059  -0.739   2.703  -0.799   1.172   0.871   1.190   0.533  -0.583 
  7 A   0.666  -0.409   0.778  -2.314  -0.835  -1.682  -2.268  -1.610   3.223  -0.414   0.826  -5.734  -0.508   0.807  -1.472   1.419   0.815   0.040   1.504  -0.506 
  8 A   2.262  -3.782  -2.508  -5.462  -4.050  -2.621  -0.548  -5.276   0.347  -1.983  -1.854  -3.943  -2.143  -0.131   4.714   1.643   0.318  -4.345   0.294   1.828 
  9 A  -6.652  -7.614  -7.929  -8.452  -7.206  -7.569  -7.877  -8.281  -4.967  -2.359   1.176  -7.793   4.789   7.152  -8.481  -7.294  -6.759  -3.939   1.774  -4.121 
