#HLA-C1504

Last position-specific scoring matrix computed       
            A       R       N       D       C       Q       E       G       H       I       L       K       M       F       P       S       T       W       Y       V 
  1 A  -2.126  -0.087  -5.968  -5.113  -5.190  -6.187  -5.604  -6.159  -0.655   0.906   1.715   0.059   5.469   2.754  -6.129  -0.698  -2.222   1.232   2.837  -0.803 
  2 A   2.929  -6.473  -5.770  -5.331  -6.090  -5.874  -4.589  -5.624  -6.865  -4.198  -5.280  -5.958  -0.141  -7.076   1.017   3.231   5.436  -7.663  -6.849   1.121 
  3 A   1.864  -1.630   0.361  -3.791  -6.840  -4.147  -4.238  -5.946  -1.259   0.756  -1.727  -6.455   2.190   3.787  -5.044   0.847  -0.209   1.960   4.237  -1.569 
  4 A   1.674  -1.003  -0.535   0.692  -2.277  -1.145   0.372  -0.857  -2.060  -2.040  -2.810  -1.275  -1.026  -0.147   2.881   2.037  -0.222   2.771  -0.254  -0.591 
  5 A   0.772  -1.613  -1.428  -5.680  -3.024  -1.149  -2.050  -0.193   0.752   0.711   0.412  -3.420  -0.259   2.589   0.954   0.425   0.143   0.230  -0.317   1.014 
  6 A  -0.236  -0.917  -1.163  -2.441  -4.095  -3.262  -3.929   1.257  -0.949  -0.468   0.178  -3.796   0.005   1.093   0.069   2.412   2.426   1.167   0.027  -0.429 
  7 A   0.235  -3.880  -0.589  -3.839  -3.336  -2.577  -3.270  -1.874   1.042   0.049   2.961  -5.891  -0.376   2.166   0.944  -0.105  -0.942  -0.874   1.274  -0.546 
  8 A   0.987  -1.596  -1.924  -4.711  -5.091  -1.713  -0.626  -2.328  -1.955  -0.837   1.560  -3.351  -1.966   0.273   3.375   1.518   0.258  -0.696  -1.401   1.142 
  9 A  -6.979  -7.248  -7.510  -6.933  -7.669  -6.897  -5.321  -8.247  -4.523  -3.688  -4.286  -7.308   3.616   5.507  -7.180  -7.047  -6.845  -0.759   7.785  -5.957 
