#HLA-C1207

Last position-specific scoring matrix computed       
            A       R       N       D       C       Q       E       G       H       I       L       K       M       F       P       S       T       W       Y       V 
  1 A  -2.315   2.064  -6.696  -1.692  -4.639  -4.976  -5.686  -5.548  -1.210   1.400   1.309   0.196   4.606   1.569  -1.191   0.133  -2.520  -2.235   1.979  -0.103 
  2 A   4.139  -6.464  -5.935  -2.264  -6.084  -5.266  -0.803  -5.051  -6.768  -3.086  -4.425  -5.054   1.034  -7.049  -0.852   2.450   4.426  -7.634  -6.843   0.648 
  3 A   0.094   3.614   0.774  -2.428  -7.295  -2.805  -1.582  -6.042   1.428  -0.799  -3.487  -0.528   2.475   2.730  -1.067  -0.441  -1.461  -0.570   2.768  -1.010 
  4 A   1.707  -1.134  -1.012  -0.881  -2.264  -0.308   0.055  -2.266  -2.281  -0.616  -2.085  -0.465  -0.047  -0.626   3.208   1.360   0.596   2.694   0.149  -0.424 
  5 A   0.405  -0.540  -0.229  -2.258  -4.090  -2.465  -1.139  -3.928   0.603   1.368   0.994  -3.368   1.662   1.266   0.245   0.532   0.244  -1.534   0.346   0.992 
  6 A  -1.501   1.985  -1.796  -0.911  -4.224  -1.929  -1.774   1.058   1.263  -0.614  -1.339  -3.455  -3.429   2.088   0.546   1.768   1.348   0.740   0.499  -0.483 
  7 A   0.738  -0.363  -0.455  -0.935  -2.500  -1.977  -1.639  -1.279   2.487  -0.254   1.349  -4.323   0.147   1.441  -0.786   0.969  -1.274  -0.893   1.312   0.061 
  8 A   1.055  -2.040  -1.585  -2.021  -6.763  -1.319  -0.326  -4.457   0.762  -1.057   0.326  -3.070  -2.468   0.180   3.418   1.196   0.212  -1.568   0.834   1.785 
  9 A  -7.179  -6.964  -4.487  -1.861  -7.644  -6.662  -3.034  -6.381  -5.131  -5.510  -3.703  -5.301   1.859   7.642  -4.738  -7.146  -6.958  -4.409   3.987  -6.019 
