#HLA-C0806

Last position-specific scoring matrix computed       
            A       R       N       D       C       Q       E       G       H       I       L       K       M       F       P       S       T       W       Y       V 
  1 A  -5.615  -3.807  -6.247  -8.106  -7.369  -7.010  -7.405  -7.997  -4.367  -3.381  -1.610  -5.670   4.556   6.254  -8.153  -1.059  -5.098   2.838   5.607  -3.562 
  2 A   3.751  -6.499  -5.609  -6.537  -6.197  -0.987  -6.008  -3.189  -6.785  -2.178  -1.745  -5.621   0.423  -7.078   3.179   3.114   3.696  -7.752  -6.892  -1.070 
  3 A   1.514  -7.088  -2.165  -2.091  -5.096  -3.215  -6.033  -5.918  -3.378   1.128   1.416  -6.866   4.667   2.786  -0.254  -2.123  -2.798   4.089   2.138  -0.418 
  4 A   1.472  -1.466  -0.629  -0.331  -0.997  -0.651   1.114  -0.348  -0.932  -1.436  -1.314  -1.963  -2.005  -1.111   3.825   0.980  -0.190   2.604  -1.862  -1.033 
  5 A   0.729  -4.387   2.302  -3.765  -1.276  -3.508  -2.894   0.017   0.692   0.684  -0.486  -3.707   1.735   0.610   0.656   1.028   0.750   0.389   0.025   0.672 
  6 A   0.479  -1.520  -1.121  -3.409  -3.352  -0.939  -6.005  -0.068   1.184  -0.412   1.159  -4.394  -2.197   2.764   0.758   1.835   1.258   0.590   0.182  -1.507 
  7 A  -0.073  -5.595   0.012   0.099  -1.150  -2.708  -1.499  -5.598   2.405   0.741   0.174  -6.150  -0.277   3.188   2.029  -1.151   0.345   0.268   2.100  -0.245 
  8 A   2.839  -5.130  -1.579  -6.517  -4.008  -1.564  -0.715  -4.766  -2.348  -2.204  -0.859  -5.154  -2.354  -0.717   4.512   1.618   2.123  -4.394  -0.658   0.413 
  9 A  -3.314  -7.631  -8.282  -8.512  -6.285  -7.359  -7.918  -8.522  -8.047   3.905   3.955  -7.528   0.668  -3.159  -7.889  -7.221  -5.904  -7.187  -6.252   3.311 
