#HLA-C1516

Last position-specific scoring matrix computed       
            A       R       N       D       C       Q       E       G       H       I       L       K       M       F       P       S       T       W       Y       V 
  1 A  -3.967  -1.397  -7.212  -7.838  -6.931  -6.536  -7.118  -7.816  -3.195   0.557   0.553  -3.291   5.868   4.536  -7.772   0.597  -3.730   0.717   4.065  -1.371 
  2 A   2.174  -6.629  -6.014  -6.465  -6.482  -6.045  -6.083  -5.789  -6.933  -5.809  -6.614  -5.964  -4.062  -7.642   6.055   2.159   4.888  -8.175  -7.138  -1.377 
  3 A   1.782  -4.794  -0.756  -3.567  -6.814  -4.958  -6.856  -7.155  -1.298   0.565  -0.403  -6.769   4.388   3.499  -0.908  -1.046  -2.322   3.903   3.971  -1.000 
  4 A   1.202  -1.086  -1.181  -1.303  -1.288  -0.012  -0.048  -2.051  -1.732  -0.632  -0.622  -1.973  -0.572  -1.170   3.400   2.091  -0.014   3.128  -3.397   0.089 
  5 A   0.633  -3.026   0.743  -5.942  -2.024  -3.097  -2.811  -1.962   0.908   1.046  -0.220  -4.260   2.054   2.408   1.966   0.580   0.848   1.557   0.018   0.094 
  6 A   0.179   0.133  -2.607  -3.947  -2.756  -1.496  -6.480   0.907   0.354  -1.086   1.069  -5.001  -1.816   3.117  -0.013   1.810   1.408   0.246   0.114  -1.711 
  7 A   0.097  -5.294   0.108  -1.639  -1.653  -2.744  -3.668  -4.098   2.689   0.428   0.995  -6.632  -0.040   3.335   1.595  -0.685   0.071   0.457   2.222  -0.390 
  8 A   1.668  -4.009  -1.179  -6.796  -4.513  -1.738  -1.355  -5.658  -3.432  -1.111   1.090  -4.802  -0.621  -0.094   4.534   0.601   1.170  -3.525   0.289   0.999 
  9 A  -4.094  -7.559  -8.140  -8.432  -6.435  -7.218  -7.844  -8.440  -7.566   3.829   2.840  -7.471   4.702   2.189  -7.963  -7.163  -5.996  -2.784  -2.862   2.505 
