#HLA-C1406

Last position-specific scoring matrix computed       
            A       R       N       D       C       Q       E       G       H       I       L       K       M       F       P       S       T       W       Y       V 
  1 A  -2.219   3.837  -5.513  -4.205  -4.721  -5.484  -6.115  -6.589  -2.221   0.387   0.854   1.822   3.040   1.351  -5.020   1.211  -3.617  -2.239   2.203  -0.362 
  2 A   3.106  -6.874  -5.782  -5.147  -6.562  -2.060  -4.602  -3.620  -6.651  -3.035  -1.173  -5.704   2.483   2.491   4.047   0.365   1.032   2.545   0.231   0.210 
  3 A  -3.912   4.308  -1.608  -4.438  -4.883  -2.844  -4.931  -6.425   1.293  -0.474   0.355   0.440   2.100   2.658   0.094  -4.610  -3.814   2.655   2.745  -1.184 
  4 A   1.027   0.479  -0.562  -2.076  -2.527   1.602  -1.154  -2.801  -0.295  -0.077  -1.099   0.781  -0.024  -1.215   2.208   1.375  -0.233   2.851   0.157  -0.796 
  5 A   0.948   1.428   0.731  -4.888  -1.640  -2.727  -2.698  -2.386   2.651  -0.059   0.440  -1.273  -0.077   0.700  -0.770   1.145   0.854  -0.923   0.347  -0.304 
  6 A  -2.191   1.777  -2.454  -2.990  -4.230  -2.631  -4.123   0.016   2.228  -0.480   0.441  -2.667  -2.465   3.404   0.359   1.573   0.222   0.264   1.159  -1.178 
  7 A   0.552  -0.214  -0.177  -3.451  -1.141  -2.863  -2.453  -3.816   3.157   0.061   1.649  -5.939  -0.026   2.009   0.354  -0.746  -1.474   1.807   2.449  -0.355 
  8 A   1.563  -4.387  -1.402  -5.159  -2.992  -2.294  -0.730  -6.103  -0.574  -0.841  -0.049  -3.807  -3.314   0.676   4.194   2.213   0.532  -2.908  -0.155   1.219 
  9 A  -7.286  -7.867  -6.531  -5.729  -7.532  -8.064  -5.287  -8.241  -6.270  -4.638  -1.228  -8.100   1.055   8.062  -8.726  -7.393  -7.038  -3.033   1.147  -5.823 
