#HLA-C1801

Last position-specific scoring matrix computed       
            A       R       N       D       C       Q       E       G       H       I       L       K       M       F       P       S       T       W       Y       V 
  1 A  -2.953   1.497  -4.633  -7.296  -4.707  -6.103  -6.593  -6.559  -1.362  -1.122   0.137  -2.719   3.681   3.862  -7.415   2.873  -3.281   0.565   4.992  -3.308 
  2 A   3.275  -6.400  -5.057  -6.385  -6.287  -0.586  -5.888  -3.064  -6.525  -5.478  -5.224  -5.870  -0.284  -2.421   2.325   4.095   3.835   2.842  -1.880  -1.696 
  3 A  -1.189   3.622  -2.049  -5.876  -7.212  -1.263  -5.914  -6.673   1.470  -0.196   1.065  -1.202   4.142   2.011   0.033  -1.871  -3.417   1.346   2.734  -3.058 
  4 A   1.230   1.267  -1.759  -3.486   0.490   1.469  -1.474  -3.460   0.186   0.240   0.154   0.648   0.465  -1.487   1.979   0.529   0.109  -0.015  -1.178  -0.800 
  5 A  -0.499   2.648   2.992  -5.850  -4.262  -3.705  -4.529  -2.214   2.857  -1.129  -0.620   0.143   1.713  -0.220   0.377   0.535   0.660   0.564   0.603  -2.136 
  6 A  -2.599   3.413  -1.398  -6.594  -4.821  -2.420  -5.644  -2.493   2.501  -0.767   0.558  -2.563  -3.903   4.276  -1.004   0.422  -1.262   1.096   1.946  -2.638 
  7 A  -0.201  -2.694   1.601  -0.314  -0.117  -0.608  -2.442  -3.730   4.016  -1.574   0.101  -5.558  -0.537   2.375  -0.618   0.815  -0.432   1.205   2.389  -0.473 
  8 A   1.013  -4.651  -1.317  -6.210  -5.826  -2.840  -0.926  -6.886   0.086  -1.776  -0.359  -5.551  -2.309   0.698   4.712   1.350   1.892  -2.845   1.702   1.070 
  9 A  -6.167  -7.635  -8.349  -8.583  -6.424  -7.414  -8.041  -8.684  -7.890   4.302   4.478  -7.588   1.886  -0.033  -8.026  -7.452  -6.120  -6.932  -5.931   0.342 
