#HLA-C0723

Last position-specific scoring matrix computed       
            A       R       N       D       C       Q       E       G       H       I       L       K       M       F       P       S       T       W       Y       V 
  1 A  -2.646   1.345  -5.435  -7.527  -6.044  -6.232  -6.750  -6.066  -4.125  -0.311   0.257  -1.294   3.517   3.945  -7.548   1.542  -2.784   2.270   4.728  -0.517 
  2 A   4.338  -6.531  -6.033  -6.847  -6.316   1.607  -3.970  -3.698  -6.587  -3.206  -2.683  -6.027   2.868   0.339   2.517   1.002   0.918   2.074  -1.800   0.091 
  3 A  -1.579  -0.631  -1.426  -5.694  -6.016  -2.407  -6.887  -6.462   0.773   0.981   1.664  -4.151   3.697   2.787   2.726  -3.931  -3.286   3.610   2.691  -0.629 
  4 A   1.326  -0.783  -0.632  -1.372   0.975   1.137  -0.080  -1.180  -0.655  -0.499  -1.800  -0.560  -0.255  -2.102   2.331   1.460  -0.129   3.749  -0.171  -0.906 
  5 A   0.869  -0.811   3.217  -4.461  -1.845  -4.233  -4.055  -0.969   2.661  -0.495   0.022  -2.103   0.187   1.418  -1.151   1.065   0.425  -0.402   0.754  -1.071 
  6 A  -1.681   0.721  -2.625  -4.629  -4.733  -2.899  -6.146   0.185   2.843  -1.499   0.246  -4.810  -2.238   4.337  -0.725   1.437  -0.077   2.132   1.742  -1.144 
  7 A   0.335  -2.788  -0.184  -3.335  -0.587  -3.891  -3.883  -4.117   3.535   0.474   0.459  -5.896  -0.991   3.825  -1.102  -1.187  -1.044   2.242   3.503  -0.870 
  8 A   2.820  -4.923  -1.715  -5.824  -4.022  -3.747  -0.561  -6.598  -1.578  -1.787  -0.450  -5.527  -1.909   0.395   4.579   1.112   1.012  -1.980  -0.253   0.908 
  9 A  -6.986  -7.653  -8.050  -8.521  -7.080  -7.663  -7.968  -8.348  -6.767  -2.033   2.588  -7.849   4.267   6.999  -8.486  -7.377  -6.719  -4.150  -2.425  -3.743 
