#HLA-C1404

Last position-specific scoring matrix computed       
            A       R       N       D       C       Q       E       G       H       I       L       K       M       F       P       S       T       W       Y       V 
  1 A  -1.868   3.459  -5.994  -4.031  -3.407  -5.147  -6.222  -5.711  -1.849   1.009   1.135   1.414   2.869   0.707  -5.032   1.180  -3.284  -0.874   2.122   0.096 
  2 A   1.955  -6.330  -6.429  -5.236  -6.726  -5.184  -4.277  -5.468  -6.697  -5.392  -4.769  -5.518  -0.306   0.217   6.228   1.661   2.710   1.397   0.136  -0.308 
  3 A  -1.743   4.089  -0.674  -4.818  -5.479  -0.720  -4.188  -4.304   1.226  -0.675  -0.894  -0.364   1.834   2.245   1.517  -2.383  -2.967   2.563   2.231  -0.437 
  4 A   0.959   0.169  -0.696  -2.177  -2.274   1.514  -1.529  -3.539   0.108   0.408  -1.319   0.606   0.173  -0.898   1.770   1.805   0.639   2.925  -0.152  -1.108 
  5 A   0.898   1.048   1.393  -4.357  -1.464  -2.056  -2.052  -2.377   1.840  -0.429   0.058  -0.958   0.008   0.977   0.000   0.907   1.132   0.728  -0.030  -0.280 
  6 A  -1.465   2.488  -2.038  -3.077  -2.821  -1.519  -3.506   0.543   2.186  -1.269   0.227  -1.748  -2.774   2.073   0.122   1.712   0.728   1.046   0.946  -1.727 
  7 A   0.197  -0.727  -0.418  -2.402  -2.057  -1.602  -2.660  -2.379   3.025  -0.368   1.892  -5.079  -0.693   1.670  -0.469  -0.376  -1.022   2.307   2.857  -0.567 
  8 A   0.647  -3.600  -0.688  -4.242  -3.688  -1.718  -0.928  -5.716  -0.221  -1.400   1.404  -3.383  -1.794   1.110   3.577   1.388   0.966  -2.832   1.074   0.685 
  9 A  -7.270  -7.852  -7.120  -5.396  -7.517  -8.018  -5.002  -8.233  -6.303  -4.284  -1.632  -8.075   2.032   8.058  -8.715  -7.375  -7.019  -3.703   0.683  -5.797 
