#HLA-C1210

Last position-specific scoring matrix computed       
            A       R       N       D       C       Q       E       G       H       I       L       K       M       F       P       S       T       W       Y       V 
  1 A  -4.470  -1.588  -6.656  -6.729  -5.304  -6.752  -6.711  -6.604  -2.831   0.315   0.599  -5.201   4.420   4.977  -7.884   0.001  -3.299   1.686   4.983  -1.150 
  2 A   4.138  -6.438  -5.795  -6.010  -6.003  -5.323  -5.634  -4.101  -6.753  -3.426  -4.749  -5.902   0.958  -5.618  -1.329   3.495   4.854  -5.626  -6.801  -1.051 
  3 A   2.368  -0.048   0.747  -6.365  -5.745  -4.682  -6.009  -6.385   0.549   1.445  -3.393  -3.199   2.614   1.634   0.918   0.970   0.262  -2.742   2.209   0.620 
  4 A   1.455  -0.914  -0.488  -0.568  -2.044   0.413  -0.172  -1.968  -1.695  -0.655  -2.606  -0.357  -0.152  -0.859   2.978   1.494   0.640   2.260  -0.735   0.144 
  5 A   0.168  -2.762   1.568  -4.983  -2.705  -3.572  -3.684  -3.177  -0.346   1.680   1.224  -4.464   1.316   0.964   0.806   0.943   0.969  -2.855  -0.483   1.124 
  6 A  -1.067   1.374  -3.181  -2.980  -5.932  -3.747  -5.346   1.245   0.606  -0.100  -0.113  -3.884  -0.093   2.045   0.543   1.834   1.643   0.410   0.360  -0.027 
  7 A   1.236  -2.369   0.948  -1.043  -1.445  -2.138  -3.233  -0.520   2.569  -0.763   0.845  -6.226  -0.755   1.358  -2.230   1.845   0.472  -2.803   0.809  -0.126 
  8 A   1.472  -3.806  -2.054  -5.258  -5.059  -1.852  -0.199  -5.977  -0.024  -1.052   0.788  -4.806  -1.141  -0.013   3.438   0.892   0.432  -2.854   1.220   2.144 
  9 A  -7.018  -7.566  -7.882  -8.404  -7.250  -7.473  -6.680  -8.263  -6.188  -2.233   0.448  -7.164   5.172   7.135  -8.460  -7.256  -6.763  -3.866   2.687  -5.384 
