#HLA-C0325

Last position-specific scoring matrix computed       
            A       R       N       D       C       Q       E       G       H       I       L       K       M       F       P       S       T       W       Y       V 
  1 A  -1.748   3.548  -6.805  -4.136  -6.081  -5.849  -6.528  -5.583  -4.306   0.712   0.398  -0.194   4.776   3.329  -7.534  -1.103  -4.335   0.307   2.810  -1.216 
  2 A   3.198  -6.829  -6.537  -5.521  -6.617  -5.637  -4.458  -3.658  -6.985  -3.361  -4.343  -5.747   0.690  -7.611   6.781   0.863   1.660  -8.353  -7.193  -1.076 
  3 A   0.860   2.866  -1.097  -4.952  -7.046  -3.400  -5.093  -7.264   1.296  -1.260  -0.216  -4.928   4.710   2.239  -1.517  -1.672  -2.946   3.043   3.612  -0.983 
  4 A   1.488   0.849  -2.906  -2.779  -2.035   0.080  -0.508  -5.386  -0.685  -0.509   0.173   0.268   0.374  -2.104   3.139   0.902  -0.030   2.348  -2.167   0.237 
  5 A   0.694   0.952   2.083  -4.950  -3.778  -2.673  -1.927  -1.521   3.261  -1.917  -1.108  -1.322   1.299   0.265   1.577   1.102   1.166  -0.662   0.736  -1.070 
  6 A  -0.786   2.178  -1.918  -3.675  -3.770  -2.083  -3.870   1.298   1.381  -1.381   0.362  -2.697  -2.775   1.923   0.128   2.083   1.472   0.023  -0.640  -1.778 
  7 A   0.868  -1.508   0.930  -1.426  -3.022  -1.586  -3.113  -3.362   2.031   0.165   1.478  -5.008   0.336   0.839   1.008   0.761   0.994  -1.550   0.123  -0.088 
  8 A   2.892  -3.967  -3.831  -4.866  -5.688  -1.444  -1.156  -5.371  -3.142  -2.311  -1.715  -5.114  -1.793  -2.567   5.394   1.830   1.379  -5.690  -1.789   0.711 
  9 A  -4.746  -7.464  -8.200  -6.138  -6.391  -7.169  -5.528  -7.922  -7.768   2.867   4.549  -7.442   3.663  -0.456  -7.949  -7.269  -6.067  -6.932  -5.975   1.837 
