#HLA-C0704

Last position-specific scoring matrix computed       
            A       R       N       D       C       Q       E       G       H       I       L       K       M       F       P       S       T       W       Y       V 
  1 A  -1.132   2.572  -4.766  -6.522  -3.766  -5.250  -6.262  -5.493  -2.587  -2.626  -0.973  -0.932   4.464   2.923  -5.000   3.412  -3.184   2.236   3.636  -2.454 
  2 A   3.537  -6.055  -5.470  -5.489  -6.607   4.542  -2.488  -3.789  -5.440  -3.177  -2.469  -4.856   4.077   0.201   1.031   0.547   0.174   3.275  -0.996  -1.535 
  3 A  -2.093   2.464  -2.234  -5.338  -6.974  -1.421  -5.159  -6.848   1.055   0.838   2.227  -1.224   5.871   1.052  -2.182  -4.093  -5.113   2.382   0.237  -2.647 
  4 A   1.863   0.698  -1.359  -1.717   0.304   1.914  -0.221  -2.362   0.104  -1.557  -0.436  -0.924  -0.223   0.245   1.911   0.239   0.008   1.286  -0.600  -0.806 
  5 A   0.195   1.522   2.908  -4.970  -4.675  -3.316  -4.400  -0.982   2.544  -0.906  -0.561  -1.462   1.982  -0.442  -1.148   0.878   0.783  -0.186   1.179  -0.121 
  6 A  -1.338   2.699  -0.599  -5.722  -3.877  -1.969  -4.343  -1.374   3.476  -0.979   0.238  -3.644  -3.954   4.287  -1.306  -0.291  -1.198   1.932   1.746  -2.747 
  7 A   0.137  -2.609   0.618  -2.375  -0.106  -0.642  -3.288  -5.551   3.097  -0.643  -0.082  -4.661   0.397   3.196  -0.165   0.011  -0.220   1.223   2.790   0.539 
  8 A   3.183  -5.477  -1.898  -5.389  -6.617  -3.007  -0.484  -5.339  -2.117  -3.019  -3.297  -5.426  -3.237   0.371   5.244   1.192   1.520  -5.468   0.285   0.172 
  9 A  -5.142  -7.602  -6.787  -7.112  -6.371  -7.356  -7.315  -8.005  -7.963   4.138   4.551  -7.540   1.385  -3.426  -7.966  -7.381  -6.054  -7.111  -6.243   1.372 
