#HLA-C1515

Last position-specific scoring matrix computed       
            A       R       N       D       C       Q       E       G       H       I       L       K       M       F       P       S       T       W       Y       V 
  1 A  -3.263  -2.205  -6.615  -2.230  -5.863  -6.398  -7.004  -7.867  -3.978   0.116   1.511  -3.027   6.920   3.303  -6.233  -1.140  -3.393   0.143   3.182  -1.115 
  2 A   3.024  -6.422  -5.665  -3.509  -6.224  -5.785  -2.854  -5.099  -6.757  -6.309  -6.743  -5.836  -3.604  -7.422   3.421   3.236   5.457  -7.826  -6.989  -1.859 
  3 A   2.629  -4.466   0.258  -2.194  -6.685  -4.792  -3.657  -6.441  -0.991   0.575  -1.928  -6.113   4.013   2.574  -4.319   0.442  -1.420   2.417   3.912  -0.402 
  4 A   1.786  -2.080  -1.611   0.328  -1.643   0.004   0.608  -2.251  -2.783  -1.587  -2.111  -1.149   0.041  -0.403   3.403   1.791   0.220   2.764  -2.712  -0.290 
  5 A   1.302  -3.797   0.187  -3.647  -4.092  -2.840  -1.202  -0.941   1.248   0.498  -0.587  -4.393   0.546   1.670   1.904   1.261   1.000   0.884  -0.098   0.473 
  6 A   0.147  -0.724  -1.809  -2.430  -4.579  -3.742  -2.871   1.841  -0.335  -1.182   0.371  -4.508  -0.546   1.535  -0.511   2.524   2.250   0.729  -0.671  -1.498 
  7 A   0.169  -4.244  -0.116  -1.032  -3.355  -3.126  -2.801  -3.329   2.215  -0.164   2.736  -5.241  -0.637   2.258   0.947   0.039  -0.330  -1.861   0.718  -0.970 
  8 A   1.617  -3.141  -3.133  -4.056  -6.632  -1.585  -0.736  -3.702  -2.377  -1.451   1.188  -3.803  -1.308  -0.743   4.240   1.372   0.867  -2.943  -0.853   1.227 
  9 A  -4.854  -7.335  -7.059  -4.540  -6.789  -6.907  -3.809  -7.696  -6.531   2.069   1.868  -7.300   6.089   4.320  -6.406  -6.579  -6.262   0.514   2.660   0.192 
