#HLA-C1608

Last position-specific scoring matrix computed       
            A       R       N       D       C       Q       E       G       H       I       L       K       M       F       P       S       T       W       Y       V 
  1 A  -3.102   1.499  -6.345  -2.624  -2.038  -5.602  -6.691  -5.868  -3.024   1.506   1.585  -0.468   4.509   2.288  -4.147   0.279  -3.185  -0.564   2.698   0.247 
  2 A   4.126  -6.633  -5.818  -4.869  -6.272  -5.436  -2.241  -4.377  -6.831  -3.709  -5.035  -5.675   2.051  -3.766   4.573   1.757   3.083  -4.545  -6.836  -0.515 
  3 A  -0.252  -0.660   0.639  -4.164  -4.657  -1.481  -3.204  -4.269   0.552   0.284   0.536  -3.016   3.793   2.599   0.893  -0.928  -1.464   2.957   2.314   0.052 
  4 A   0.910  -0.809  -0.945  -1.323  -1.295  -0.768  -0.754  -2.218  -0.928  -0.089  -0.759  -1.043   0.908  -0.531   2.825   1.702   0.211   3.272   0.165  -0.363 
  5 A   0.817  -2.264   0.566  -4.273  -1.274  -2.319  -1.765  -3.274   1.118   0.982   0.962  -3.019   0.896   2.007   0.183   0.684   0.700   0.411   0.304   0.138 
  6 A  -1.322   1.061  -1.709  -2.129  -3.416  -2.612  -3.387   1.157   1.990  -1.609  -0.406  -3.138  -3.722   2.422   0.707   2.357   0.503   0.749   0.893  -0.257 
  7 A   0.350  -2.074  -0.233  -1.468  -1.475  -1.880  -1.760  -4.252   2.660   0.341   0.604  -4.091  -0.851   2.714  -1.087  -0.801  -1.088   1.712   3.202   0.778 
  8 A   1.819  -4.882  -1.708  -3.673  -4.043  -2.833  -0.507  -5.160  -1.410  -1.063   0.524  -3.243  -2.706  -0.097   3.912   0.649   1.840  -2.390   0.502   1.338 
  9 A  -7.280  -7.873  -7.103  -5.074  -7.546  -8.029  -3.570  -7.664  -6.370  -3.355  -1.981  -8.070   0.981   8.117  -5.626  -7.369  -7.033  -2.536  -0.438  -5.814 
