#HLA-C0708

Last position-specific scoring matrix computed       
            A       R       N       D       C       Q       E       G       H       I       L       K       M       F       P       S       T       W       Y       V 
  1 A  -2.816   2.481  -5.747  -7.447  -5.322  -6.025  -6.602  -6.349  -3.407  -0.414   0.148  -0.922   3.571   3.453  -7.496   1.571  -2.908   2.844   4.464  -0.700 
  2 A   4.146  -6.502  -6.061  -6.854  -6.473   2.035  -3.161  -3.732  -5.617  -3.809  -2.911  -5.404   2.714   1.596   2.704   0.696   0.309   3.407  -0.020  -1.261 
  3 A  -1.891   0.024  -2.045  -6.110  -5.993  -2.572  -6.919  -5.902   0.987   1.195   1.996  -3.792   3.810   2.459   1.842  -4.134  -3.288   3.886   2.494  -0.444 
  4 A   1.550  -0.476  -0.503  -1.795   0.397   1.233  -0.550  -1.582  -0.424  -0.241  -1.512  -0.404   0.247  -2.111   2.617   1.068  -0.081   3.576  -0.831  -0.938 
  5 A   0.871  -0.880   3.378  -4.685  -1.465  -3.945  -4.701  -0.967   2.327  -0.568   0.197  -2.488   0.192   1.098  -1.150   1.039   0.710  -1.541   0.550  -0.608 
  6 A  -1.626   1.116  -2.625  -4.877  -4.248  -3.556  -6.550  -0.057   2.770  -1.395  -0.105  -3.511  -2.723   4.455  -0.397   1.410  -0.181   2.321   1.703  -1.362 
  7 A   0.114  -2.530  -0.178  -3.179  -1.161  -3.599  -3.688  -4.273   3.867  -0.075   0.598  -5.861  -1.793   3.739  -0.910  -1.062  -1.343   1.952   3.795  -0.668 
  8 A   2.612  -5.175  -2.131  -5.773  -4.020  -3.466  -0.336  -6.591  -1.572  -1.473  -1.203  -4.965  -2.823   0.144   4.453   1.605   1.608  -1.979   0.069   1.100 
  9 A  -7.012  -7.691  -8.082  -8.548  -7.089  -7.751  -8.006  -8.375  -6.778  -1.819   2.870  -7.898   3.320   7.009  -8.504  -7.422  -6.748  -4.140  -1.767  -4.001 
