#HLA-C0212

Last position-specific scoring matrix computed       
            A       R       N       D       C       Q       E       G       H       I       L       K       M       F       P       S       T       W       Y       V 
  1 A  -3.076   0.389  -7.042  -7.747  -4.746  -6.453  -6.498  -6.482  -2.072  -1.009  -0.331  -3.498   4.578   4.837  -7.748   0.707  -3.778   1.577   5.289  -2.199 
  2 A   3.452  -6.500  -5.872  -6.513  -6.051  -4.963  -6.097  -5.857  -6.905  -2.854  -4.793  -5.986   0.251  -7.039   0.770   2.423   5.565  -7.633  -6.837   0.604 
  3 A   2.677  -0.061   0.050  -7.016  -6.588  -4.744  -6.531  -6.768   0.116   1.749  -3.246  -4.770   2.660   2.057  -1.357   0.567   0.300  -2.665   2.989   0.612 
  4 A   1.698  -1.845   0.188   0.215  -1.649   0.837   0.263  -1.149  -1.683  -2.112  -3.415  -0.446  -0.397  -1.294   2.833   2.108   0.183   2.062  -2.029  -0.273 
  5 A   0.612  -2.899   1.328  -4.505  -3.648  -3.580  -3.681  -2.865  -0.350   1.553   1.050  -4.680   1.248   1.221   1.188   0.817   0.787  -1.933  -0.877   1.234 
  6 A  -0.430   0.181  -3.975  -3.747  -5.792  -3.284  -5.390   1.201  -0.581   0.189   0.434  -4.515   0.643   0.864   0.435   1.956   2.445  -1.224  -0.062   0.534 
  7 A   1.457  -3.599   1.225  -0.707  -1.610  -2.827  -3.518  -0.506   2.031  -0.497   0.915  -6.227  -1.028   0.732  -1.342   2.240   1.181  -3.481  -0.782  -0.457 
  8 A   1.693  -3.796  -2.282  -6.246  -6.647  -2.291  -0.095  -5.401  -0.343  -1.619   0.417  -4.347  -2.036  -0.329   4.161   1.287   0.264  -2.390   0.698   1.983 
  9 A  -6.504  -7.401  -7.842  -8.382  -7.088  -7.159  -7.701  -8.256  -5.415  -1.351   1.040  -6.989   6.177   6.336  -8.295  -7.155  -6.590  -2.713   3.334  -3.498 
