#HLA-C0310

Last position-specific scoring matrix computed       
            A       R       N       D       C       Q       E       G       H       I       L       K       M       F       P       S       T       W       Y       V 
  1 A  -4.528  -0.708  -7.443  -8.054  -6.047  -6.700  -7.287  -8.015  -4.714   0.365   0.677  -3.460   5.569   5.160  -7.973  -1.596  -4.456   1.783   4.195  -1.999 
  2 A   3.113  -6.748  -6.311  -6.574  -6.582  -6.144  -6.112  -5.034  -6.939  -5.512  -5.861  -5.997  -2.834  -7.811   6.782   1.788   3.043  -8.394  -7.233  -2.485 
  3 A   2.627  -3.181  -0.021  -3.335  -5.780  -2.892  -6.568  -5.887   0.046   0.458  -1.252  -6.463   4.447   1.898  -1.168  -0.429  -1.775   2.666   3.948  -0.519 
  4 A   1.908  -1.085  -1.975  -1.463  -1.637  -0.083   0.309  -2.600  -1.087  -1.546  -0.631  -1.884  -0.349  -1.090   3.860   1.353  -0.394   2.916  -2.329  -0.023 
  5 A   1.262  -2.839   1.811  -3.737  -1.277  -2.616  -1.724  -0.598   1.127   0.075  -0.940  -4.525   1.723   0.727   1.372   1.640   0.938   1.020  -0.390  -0.158 
  6 A   0.881  -0.412  -1.809  -2.552  -3.328  -1.333  -5.212   1.333   0.352  -2.005   0.839  -3.902  -1.690   0.721   0.328   2.362   2.405   0.007  -0.800  -1.740 
  7 A   0.596  -2.619   0.843  -1.069  -1.286  -2.013  -3.130  -4.491   2.685  -0.126   1.322  -6.340   0.418   1.599   1.276   0.239   0.769   0.035   0.826   0.039 
  8 A   3.058  -3.971  -2.258  -6.556  -4.971  -2.112  -0.128  -5.402  -2.863  -1.005  -0.973  -5.151  -1.392  -2.787   4.440   1.214   1.554  -4.462  -1.631   1.313 
  9 A  -4.401  -7.559  -8.256  -8.522  -6.375  -7.281  -7.913  -8.546  -7.828   3.656   4.103  -7.506   3.365   0.167  -7.958  -7.276  -6.021  -6.929  -5.900   2.178 
