#HLA-C0713

Last position-specific scoring matrix computed       
            A       R       N       D       C       Q       E       G       H       I       L       K       M       F       P       S       T       W       Y       V 
  1 A  -2.081   0.803  -3.361  -7.370  -5.267  -5.182  -6.699  -5.700  -2.596  -0.497   0.159  -2.256   3.922   3.938  -3.865   2.186  -2.390   2.440   4.296  -1.373 
  2 A   4.519  -6.015  -5.565  -5.296  -5.526   2.213  -5.007  -3.198  -5.012  -3.539  -3.187  -5.355   3.242   0.879   1.222   1.125   0.323   3.073  -0.879  -1.458 
  3 A  -1.937  -1.163  -2.987  -5.066  -6.993  -2.239  -5.625  -5.611   0.588   0.902   2.097  -3.489   3.908   1.653   4.424  -5.178  -3.777   3.219   0.711  -0.851 
  4 A   1.990  -0.999  -1.461  -1.806   0.402   0.871  -0.045  -1.770  -0.108  -0.835  -1.333  -1.090  -0.032  -0.308   2.420   0.914  -0.238   3.459  -1.252  -0.228 
  5 A   0.636  -1.305   4.048  -3.936  -2.049  -4.540  -3.678  -1.160   2.008  -0.627  -0.331  -3.295   1.313   0.326  -1.580   1.251   0.718   0.392   0.468  -0.577 
  6 A  -1.158   0.716  -1.614  -4.921  -3.439  -4.846  -4.958  -1.158   3.023  -0.277   0.600  -5.372  -1.793   4.367  -1.205   0.639  -1.035   2.138   2.190  -0.906 
  7 A   0.676  -4.511  -0.951  -2.936  -1.314  -2.764  -3.394  -5.190   3.099  -0.051  -0.307  -5.088  -1.300   4.077   0.027  -2.117  -1.950   2.835   3.712   0.660 
  8 A   2.823  -5.463  -1.892  -4.846  -6.616  -2.806  -0.487  -6.194  -1.234  -2.484  -1.564  -5.183  -2.874   0.530   4.715   1.460   1.822  -2.905   0.572   0.250 
  9 A  -6.251  -7.437  -7.438  -6.202  -6.480  -7.276  -6.739  -7.995  -7.700   1.290   5.423  -7.532   2.333   1.257  -8.066  -7.454  -6.286  -6.701  -5.672  -0.832 
