#HLA-C0112

Last position-specific scoring matrix computed       
            A       R       N       D       C       Q       E       G       H       I       L       K       M       F       P       S       T       W       Y       V 
  1 A  -0.976   3.848  -6.212  -7.478  -5.314  -5.258  -6.474  -6.361  -3.842  -0.363   0.922  -0.616   4.477   2.591  -7.454  -0.264  -3.714   1.235   3.320  -1.472 
  2 A   3.812  -6.841  -6.633  -6.823  -6.439  -5.187  -6.258  -5.038  -7.021  -3.451  -2.847  -6.133   0.864  -6.226   6.245   0.705   1.406  -8.177  -7.059   0.119 
  3 A  -1.033   4.656  -1.670  -4.856  -7.384  -2.111  -5.410  -5.944   2.552  -2.601  -0.619  -3.845   3.980   0.901   1.477  -1.910  -2.140   2.951   2.399  -1.868 
  4 A   2.597   0.765  -2.770  -2.786  -2.247   0.768  -0.452  -3.520  -0.317  -1.404  -0.035  -0.936   0.843  -1.561   2.672  -0.011  -0.526   2.924  -0.336  -0.526 
  5 A   1.186   0.233   2.827  -5.483  -2.779  -2.699  -3.780  -1.949   2.886  -1.232  -1.464  -1.478   1.760  -0.484   1.945   1.258   1.270   0.196   0.024  -1.478 
  6 A  -0.971   2.471  -0.327  -2.878  -3.440  -1.150  -4.790   0.968   2.653  -2.353  -0.826  -1.965  -3.817   1.249   1.154   2.150   1.196   0.877  -0.751  -1.426 
  7 A   0.472  -0.572   1.535  -2.387  -2.043  -0.681  -2.339  -3.218   3.257  -0.509   0.317  -5.364  -0.299   0.392   0.765   1.529   0.930  -0.182   1.146  -0.066 
  8 A   3.213  -4.600  -2.755  -6.480  -6.476  -2.421  -0.646  -6.357  -1.587  -1.917  -2.156  -5.369  -1.977  -3.152   4.884   2.284   1.388  -5.681  -2.095   0.924 
  9 A  -6.504  -7.477  -8.363  -8.655  -6.421  -7.293  -7.975  -8.677  -7.825   2.534   5.283  -7.537   2.505  -0.689  -8.038  -7.468  -6.207  -6.884  -5.979  -0.167 
