#HLA-C0814

Last position-specific scoring matrix computed       
            A       R       N       D       C       Q       E       G       H       I       L       K       M       F       P       S       T       W       Y       V 
  1 A  -5.638  -3.642  -6.824  -8.147  -7.367  -7.083  -7.455  -8.027  -4.428  -2.643  -1.192  -5.697   4.280   6.369  -8.194  -1.328  -5.117   2.982   5.373  -3.660 
  2 A   4.290  -6.474  -5.633  -6.507  -6.194  -0.257  -5.921  -2.474  -6.711  -2.499  -2.997  -5.564   0.315  -7.244   3.519   3.245   2.621  -7.817  -6.937  -1.832 
  3 A   1.515  -6.511  -1.405  -1.155  -5.134  -2.779  -5.918  -4.942  -1.889   0.764   1.086  -6.782   4.501   2.763  -0.250  -1.534  -2.796   4.326   2.358  -0.787 
  4 A   1.610  -0.949  -1.017  -0.874  -1.304  -0.314   0.772  -0.311  -1.714  -1.592  -0.559  -2.052  -1.780  -0.937   3.562   0.914  -0.191   2.843  -1.564  -0.876 
  5 A   0.505  -3.971   2.497  -3.940  -1.450  -3.765  -2.775  -0.094   0.536   0.798  -0.481  -3.706   2.043   0.613   0.811   0.770   0.709   0.725   0.180   0.591 
  6 A   0.700  -0.594  -1.029  -2.710  -3.722  -0.545  -5.576   0.278   1.316  -1.197   1.043  -3.797  -2.227   2.258   0.812   1.522   1.126   1.043   0.379  -1.108 
  7 A   0.437  -5.274   0.381   0.233  -1.305  -3.109  -1.919  -6.095   2.405   0.419   0.198  -6.539   0.033   3.059   1.637  -1.276   0.122   0.615   2.136   0.198 
  8 A   3.010  -4.384  -1.401  -6.559  -3.987  -1.698  -0.905  -5.382  -2.856  -1.361  -1.128  -5.432  -1.401  -1.101   4.425   1.164   2.260  -5.578  -1.747   0.814 
  9 A  -4.527  -7.618  -8.324  -8.560  -6.315  -7.375  -7.961  -8.607  -8.037   3.806   4.347  -7.551   0.527  -3.287  -7.935  -7.320  -5.971  -7.149  -6.244   2.803 
