#HLA-C0510

Last position-specific scoring matrix computed       
            A       R       N       D       C       Q       E       G       H       I       L       K       M       F       P       S       T       W       Y       V 
  1 A  -3.646  -2.579  -5.284  -7.852  -3.805  -6.681  -6.667  -7.790  -2.123  -1.867  -0.226  -4.957   5.491   5.408  -7.875   0.220  -2.502   1.909   4.758  -3.013 
  2 A   1.591  -6.494  -5.724  -6.283  -6.427  -5.902  -5.954  -5.450  -6.801  -6.240  -6.982  -5.864  -5.630  -7.619   5.461   3.705   5.078  -8.075  -7.099  -2.519 
  3 A   2.931  -5.225  -0.824   0.856  -6.623  -2.491  -4.242  -5.735  -2.716   0.038  -0.777  -6.381   4.359   1.621  -1.821   0.809  -1.099   2.390   2.494  -1.225 
  4 A   1.763  -0.506  -0.715  -1.028  -1.632  -0.862  -0.572  -1.903  -1.076  -0.970  -0.175  -1.728   0.081  -0.243   2.853   1.539   0.303   1.646  -0.933  -0.572 
  5 A   0.594  -3.580   1.953  -4.562  -2.482  -3.029  -2.304  -1.088   0.363   1.125  -1.155  -2.756   2.182   1.474   1.761   1.606   0.829   0.205  -0.867  -0.128 
  6 A   0.663   1.067  -1.240  -3.191  -3.721  -0.427  -5.163   0.998   0.530  -1.755   0.576  -3.500  -2.521   1.398   0.822   2.117   2.013  -0.197  -0.880  -2.311 
  7 A   0.379  -5.457   0.947   0.430  -2.038  -1.847  -1.952  -3.462   2.314  -0.279   0.815  -5.935   0.561   1.678   1.450   1.391   0.854  -2.326   0.430  -0.499 
  8 A   1.917  -2.977  -0.891  -5.732  -4.489  -1.560  -0.604  -5.072  -2.839  -0.954   0.267  -4.672  -0.420  -1.887   4.212   1.724   2.050  -3.601  -1.102   0.605 
  9 A  -3.752  -7.822  -8.272  -8.435  -6.271  -7.481  -7.996  -8.567  -8.172   5.351   2.184  -7.577   0.011  -4.465  -7.869  -7.219  -5.790  -7.341  -6.355   3.591 
