#HLA-C0726

Last position-specific scoring matrix computed       
            A       R       N       D       C       Q       E       G       H       I       L       K       M       F       P       S       T       W       Y       V 
  1 A  -2.653   2.742  -5.378  -5.037  -5.279  -5.394  -6.559  -4.539  -1.817   0.604   0.528  -0.466   4.959   2.548  -5.142   0.331  -2.425   1.934   3.168  -0.734 
  2 A   4.749  -6.097  -6.120  -4.187  -6.062  -2.593  -5.976  -4.728  -6.786  -4.263  -5.540  -5.613   1.153  -7.221   2.800   2.662   3.161  -7.776  -6.905  -0.152 
  3 A   0.182  -2.104   0.233  -4.489  -5.924  -2.078  -5.303  -6.260   0.303   1.110   0.748  -5.027   3.774   3.182  -3.003  -1.079  -2.325   3.841   3.214   0.090 
  4 A   2.078  -1.462  -0.180  -0.400  -0.700  -0.081   0.054  -0.859  -1.369  -1.651  -2.221  -1.726   0.039  -0.936   2.953   1.223  -0.395   3.516  -1.413  -0.144 
  5 A   1.907  -2.740   1.834  -5.126  -1.995  -3.274  -3.164  -0.006   0.366   0.444  -0.318  -5.304   0.550   0.745  -0.680   1.160   0.973  -1.544   0.781   0.676 
  6 A  -0.159  -0.202  -1.890  -2.542  -5.230  -2.459  -4.718   2.325   2.034  -2.564  -0.912  -4.688  -2.163   2.060  -0.138   2.644   1.327   1.434   0.150  -0.898 
  7 A   0.465  -3.051  -0.131  -3.491  -2.034  -2.562  -4.071  -3.836   2.837   1.026   1.598  -5.021   0.096   3.144  -1.298  -0.988  -0.395   0.457   1.991   0.014 
  8 A   3.140  -4.406  -3.112  -4.202  -6.503  -4.003  -0.782  -5.375  -3.818  -2.247  -0.996  -4.294  -2.592  -1.363   4.919   1.327   1.466  -3.647  -2.070   1.120 
  9 A  -6.933  -7.574  -7.172  -5.740  -7.074  -7.473  -6.250  -7.734  -6.648  -1.050   2.214  -7.721   4.978   6.758  -8.410  -7.292  -6.661  -1.904  -0.355  -3.837 
