#HLA-C0210

Last position-specific scoring matrix computed       
            A       R       N       D       C       Q       E       G       H       I       L       K       M       F       P       S       T       W       Y       V 
  1 A  -2.384  -1.320  -6.076  -7.789  -4.214  -6.539  -4.434  -6.204  -2.526  -0.089   0.434  -3.570   4.603   4.364  -7.751  -0.254  -2.609   1.798   5.395  -1.492 
  2 A   3.037  -6.458  -5.736  -6.434  -6.047  -5.884  -6.067  -5.617  -6.893  -3.400  -5.280  -5.959  -0.972  -7.065  -0.349   2.798   5.921  -7.614  -6.838   0.655 
  3 A   3.427  -2.168   0.229  -5.278  -5.598  -4.048  -5.971  -5.835  -0.191   1.133  -4.665  -5.271   2.360   1.695  -1.436   1.799   0.537  -2.729   2.352   0.363 
  4 A   1.602  -1.782   0.075   0.210  -1.842   0.150   0.375  -0.371  -2.752  -1.951  -3.245  -1.016  -1.169  -0.601   2.594   2.020   0.313   2.843  -1.850  -0.054 
  5 A   0.439  -4.519   0.633  -4.844  -2.691  -2.403  -3.573  -2.217  -1.137   2.049   1.158  -5.268   1.133   1.297   0.998  -0.124   0.292  -1.936  -1.342   1.992 
  6 A   0.291  -0.488  -2.884  -2.380  -5.763  -2.164  -5.346   0.693  -1.108   0.264   0.528  -4.753   1.466   0.287   0.551   1.533   2.547  -0.423   0.007   0.457 
  7 A   1.550  -5.199   0.303  -0.668  -2.722  -3.065  -2.096   0.289   0.980  -0.522   1.838  -5.377  -1.435   0.956  -1.147   1.652   0.251  -1.915   0.184  -1.163 
  8 A   0.902  -2.264  -2.065  -6.310  -5.799  -1.574   0.502  -2.984  -0.695  -0.942   1.842  -3.377  -0.816   0.545   2.470   0.606  -0.354  -0.417   0.594   1.555 
  9 A  -6.596  -7.322  -7.636  -8.326  -7.462  -7.035  -7.522  -8.241  -4.510  -2.564  -2.124  -6.903   4.901   6.035  -8.220  -7.091  -6.767  -1.500   6.760  -5.014 
