#HLA-C1215

Last position-specific scoring matrix computed       
            A       R       N       D       C       Q       E       G       H       I       L       K       M       F       P       S       T       W       Y       V 
  1 A  -3.406   1.190  -6.792  -3.268  -3.392  -6.143  -6.676  -7.561  -3.904   0.430   0.339  -1.158   5.579   3.857  -5.160   1.618  -3.826  -0.504   3.162  -1.704 
  2 A   3.868  -6.523  -5.988  -4.796  -6.200  -4.935  -3.157  -5.284  -6.808  -4.189  -6.030  -5.600   0.558  -7.318   3.945   2.557   4.425  -7.847  -6.963  -0.952 
  3 A   0.814   0.941  -1.035  -4.929  -6.987  -4.069  -3.682  -7.279   1.341   0.693  -1.426  -4.756   3.888   2.957   2.545  -2.274  -2.221   1.091   3.201  -0.090 
  4 A   1.800  -0.856  -1.551  -1.983  -1.286   0.210  -0.092  -3.178  -1.890  -0.220  -1.284  -0.515   0.257  -0.624   2.879   1.541   0.559   2.995  -0.616  -0.607 
  5 A   0.345  -2.564   3.284  -4.243  -2.495  -3.697  -2.500  -4.557   1.891   0.648   0.366  -3.353   1.275   0.939   1.450   0.842   1.072  -1.243  -0.981  -0.171 
  6 A  -2.116   2.327  -3.037  -3.935  -4.731  -2.124  -3.596   0.318   1.730  -1.283   0.182  -4.152  -2.489   3.594   0.532   1.423   0.832   1.063   0.443  -1.048 
  7 A   0.813  -2.143   1.361  -0.716  -1.656  -2.625  -2.467  -2.918   3.563  -0.465  -0.679  -4.368  -2.289   2.441  -0.448   1.075  -0.306  -0.358   2.202   0.408 
  8 A   1.802  -5.205  -1.523  -5.544  -6.695  -3.283  -1.574  -5.606  -0.826  -2.198  -0.118  -4.177  -3.067  -0.812   5.230   0.469   1.480  -3.537   1.091   1.382 
  9 A  -5.290  -7.515  -7.258  -5.395  -6.677  -7.262  -4.702  -7.832  -7.274   2.565   3.630  -7.526   4.502   4.566  -5.885  -7.267  -6.307  -6.127  -4.265  -0.593 
