#HLA-C0407

Last position-specific scoring matrix computed       
            A       R       N       D       C       Q       E       G       H       I       L       K       M       F       P       S       T       W       Y       V 
  1 A  -3.769   0.840  -5.761  -7.473  -6.098  -6.245  -6.734  -7.518  -1.858  -0.750  -0.071  -2.172   3.791   4.284  -7.547   2.299  -4.046   1.052   5.368  -2.979 
  2 A   2.048  -6.523  -5.872  -6.429  -6.495  -2.990  -6.016  -4.655  -6.577  -5.928  -6.095  -5.948  -1.694  -2.689   4.862   3.471   4.548   2.840  -0.383  -3.262 
  3 A  -0.490   2.420  -2.162  -3.178  -6.101   0.120  -4.708  -5.935   1.275  -0.171   0.335  -3.053   4.064   2.022   2.735  -1.052  -2.444   1.908   2.115  -2.302 
  4 A   0.906   0.499  -1.459  -2.428  -0.097   0.928  -1.819  -3.342   0.272   0.648  -0.203   0.099   0.459  -1.058   2.505   1.287   0.209   1.277  -1.285  -0.661 
  5 A  -0.042   1.089   2.925  -5.242  -3.406  -3.325  -3.340  -2.454   2.145  -0.398  -0.370  -0.775   1.986   0.371   0.434   0.711   1.100   0.724   0.039  -0.527 
  6 A  -1.981   3.307  -1.573  -6.544  -4.305  -2.248  -5.953  -1.613   2.419  -1.437   0.347  -2.455  -3.600   4.108  -0.319   0.616  -0.353   1.094   2.095  -3.576 
  7 A   0.135  -4.558   2.107  -0.004  -1.018  -0.798  -3.032  -3.343   4.233  -1.439  -0.519  -6.274  -1.235   2.497  -0.303   0.616  -0.676   2.309   2.844  -1.276 
  8 A   0.628  -4.881  -1.231  -6.699  -3.685  -1.855  -1.128  -6.940  -0.543  -2.108   0.606  -4.574  -0.641   1.004   4.112   1.749   1.654  -4.130   2.155   0.700 
  9 A  -6.207  -7.647  -8.336  -8.577  -6.463  -7.436  -8.049  -8.672  -7.818   4.322   4.374  -7.605   2.127   1.242  -8.053  -7.459  -6.157  -6.806  -5.709  -0.268 
