#HLA-C0106

Last position-specific scoring matrix computed       
            A       R       N       D       C       Q       E       G       H       I       L       K       M       F       P       S       T       W       Y       V 
  1 A  -3.373   0.350  -4.492  -0.670  -3.470  -3.308  -0.957  -5.343  -3.925  -0.145   0.397  -3.402   3.651   3.860   3.486  -1.371  -3.778  -0.300   3.128  -1.684 
  2 A   3.756  -3.149  -1.998   0.718  -3.295  -4.032  -4.492  -4.060  -5.048  -4.289  -4.982   2.034   1.618  -3.264   3.942   1.880   0.851  -3.049  -5.019  -4.009 
  3 A  -0.629  -3.415  -1.245  -1.819  -2.091  -2.402   1.147  -2.810   0.291  -0.857  -0.992  -2.519   3.770   0.718   4.459  -1.148  -1.725   3.410   1.807  -0.892 
  4 A   1.896  -1.078  -0.521  -0.831  -2.757  -0.854   0.384  -1.922  -0.215  -0.266   0.912  -1.043   0.015  -1.360   1.873   0.227  -0.303   2.694  -0.719  -0.989 
  5 A  -0.536  -2.083   1.958  -0.613  -0.716  -1.055   0.726  -2.103   0.545   0.754   0.150  -0.878   0.787   0.898  -0.008  -0.226   0.536   1.022  -0.480  -0.111 
  6 A  -0.618   0.654  -2.374  -1.078  -2.809  -1.026   0.516  -0.714   1.678  -1.505  -0.503  -0.501  -2.568   1.974   1.201   2.266   0.295   0.396  -0.534  -0.657 
  7 A  -0.059  -2.943   0.357  -1.099  -1.177  -1.502  -0.052  -2.185   2.858  -1.716  -1.482   1.252  -2.337   2.539  -0.449  -0.496  -1.633   2.309   2.951   0.521 
  8 A   1.450  -1.719  -1.432   0.961  -3.359  -1.524  -0.183  -1.532  -3.384  -1.688  -0.239  -0.751  -1.563  -1.083   3.274   0.086   1.702  -1.621  -0.770   0.657 
  9 A  -6.457  -6.319  -2.817  -0.263  -6.868  -4.113   1.604  -3.413  -6.120   3.402   3.889  -0.806  -0.843   0.926  -3.211  -5.998  -5.799  -5.311  -5.940  -2.848 
