#HLA-C1511

Last position-specific scoring matrix computed       
            A       R       N       D       C       Q       E       G       H       I       L       K       M       F       P       S       T       W       Y       V 
  1 A  -4.623  -2.573  -6.172  -7.939  -5.988  -6.635  -7.232  -7.906  -3.835   0.135   0.349  -3.947   6.197   4.941  -7.877  -0.176  -3.779   0.575   4.245  -2.130 
  2 A   2.494  -6.591  -5.960  -6.463  -6.370  -6.008  -6.078  -5.735  -6.920  -5.384  -6.227  -5.964  -2.738  -7.496   5.388   2.383   5.056  -8.038  -7.064  -0.627 
  3 A   2.379  -5.696  -0.749  -2.708  -6.729  -5.389  -6.789  -6.627  -1.818   0.794  -0.755  -6.747   4.116   3.360  -1.748  -0.783  -2.301   3.624   3.758  -0.715 
  4 A   1.372  -1.309  -1.012  -0.693  -0.981  -0.240   0.138  -1.520  -1.913  -0.940  -0.796  -1.809  -0.585  -0.722   3.462   1.759   0.076   2.988  -3.147  -0.350 
  5 A   0.665  -3.845   0.561  -5.958  -1.274  -3.111  -2.699  -1.758   0.433   1.247  -0.413  -4.921   2.196   2.333   1.932   0.786   0.814   1.888  -0.506   0.324 
  6 A   0.602  -0.735  -2.740  -3.755  -2.738  -2.038  -6.477   0.912   0.262  -1.138   1.102  -5.043  -1.639   2.761   0.060   2.019   1.780   0.238   0.095  -1.702 
  7 A   0.100  -6.405  -0.177  -1.727  -2.047  -2.940  -3.671  -3.688   2.763   0.305   1.238  -6.646   0.340   3.138   1.855  -0.576   0.120   0.449   1.946  -0.349 
  8 A   1.993  -4.017  -1.540  -6.825  -4.492  -2.333  -1.434  -4.585  -3.136  -1.160   1.275  -4.815  -1.458  -0.151   4.286   0.904   0.863  -2.402   0.066   1.002 
  9 A  -3.345  -7.535  -8.112  -8.403  -6.417  -7.163  -7.806  -8.391  -7.535   3.896   2.624  -7.429   4.994   1.806  -7.926  -7.103  -5.965  -2.792  -2.313   2.564 
