#HLA-C1703

Last position-specific scoring matrix computed       
            A       R       N       D       C       Q       E       G       H       I       L       K       M       F       P       S       T       W       Y       V 
  1 A  -0.505   1.934  -6.087  -6.772  -5.294  -6.007  -6.528  -5.374  -3.367  -2.023  -1.480  -1.598   4.507   3.866  -4.720   2.114  -1.785   2.613   4.536  -2.846 
  2 A   3.805  -6.610  -5.716  -6.213  -5.356  -3.724  -6.153  -4.570  -6.941  -1.983  -2.325  -5.163  -0.957  -7.010   2.870   2.613   3.893  -7.757  -6.868   1.218 
  3 A   1.705  -7.142  -4.725  -3.833  -6.704  -5.052  -6.151  -7.374  -2.081   0.901   1.042  -6.135   4.782   3.560  -1.013  -2.863  -3.559   3.678   3.058  -0.157 
  4 A   2.565  -1.527  -0.342   0.305  -1.301   0.425   1.225  -0.090  -1.204  -2.773  -2.859  -1.930  -1.190  -1.142   3.029   1.065  -0.397   2.518  -3.197  -1.597 
  5 A   2.169  -4.877   1.931  -4.545  -2.700  -3.749  -3.581   0.889   0.612   0.225  -1.961  -4.792   0.905  -0.352   0.329   1.819   0.729  -0.686  -0.168   0.893 
  6 A   1.028  -1.989  -2.254  -5.109  -3.004  -2.370  -5.461  -0.034   0.972   0.418   1.419  -4.893  -1.262   2.506   0.056   1.643   1.258   0.238   0.245  -1.128 
  7 A  -0.107  -7.000  -0.866  -1.114  -3.068  -3.675  -4.039  -4.784   1.654   0.840   1.119  -5.060  -0.591   3.535   3.831  -1.445   0.115  -0.886  -0.089  -0.581 
  8 A   2.489  -5.432  -1.470  -5.367  -5.061  -2.119  -0.960  -3.697  -2.337  -2.359  -0.920  -4.465  -4.222  -0.152   4.980   2.114   1.852  -5.510  -0.369  -0.546 
  9 A  -6.021  -7.584  -7.439  -6.600  -6.341  -7.328  -6.754  -8.647  -7.997   3.764   4.518  -7.529   1.320  -4.521  -7.952  -7.361  -6.007  -7.149  -6.288   2.372 
