#HLA-C0804

Last position-specific scoring matrix computed       
            A       R       N       D       C       Q       E       G       H       I       L       K       M       F       P       S       T       W       Y       V 
  1 A  -4.694  -2.147  -6.638  -7.924  -6.172  -6.828  -7.244  -7.839  -3.703  -2.455  -1.185  -4.158   4.866   6.092  -7.993   0.366  -4.469   2.030   4.835  -3.292 
  2 A   3.618  -6.551  -5.652  -6.605  -6.164  -1.827  -6.099  -3.327  -6.851  -1.256  -1.653  -5.687   1.047  -6.942   2.554   2.975   3.829  -7.696  -6.847  -0.052 
  3 A   1.668  -4.551  -1.619  -4.357  -6.758  -3.425  -6.456  -6.856  -0.772   0.849   0.918  -6.802   4.741   3.292  -1.648  -1.697  -3.227   3.896   3.215  -1.261 
  4 A   1.550  -0.556  -1.173  -0.506  -1.661  -0.068   0.782  -1.291  -0.545  -1.482  -0.999  -1.623  -1.449  -1.349   3.931   0.946  -0.351   2.256  -1.071  -0.930 
  5 A   0.861  -3.412   2.308  -4.777  -3.034  -4.011  -3.746   0.095   1.322  -0.108  -0.946  -3.236   1.721   0.555   1.905   1.300   1.237   0.559   0.104   0.042 
  6 A   0.307  -0.427  -1.769  -4.788  -3.340  -1.744  -5.693   0.174   0.832  -0.711   1.603  -4.167  -2.384   2.523   0.124   2.078   1.504  -0.391  -0.151  -1.558 
  7 A   0.538  -4.434   1.044  -1.208  -2.498  -2.344  -3.286  -4.667   2.484   0.421   0.593  -5.721  -0.163   2.412   2.067  -0.189   1.153  -0.388   0.844   0.141 
  8 A   2.866  -5.176  -1.403  -6.583  -5.666  -2.641  -1.711  -5.376  -2.851  -1.892  -1.935  -5.184  -2.623  -1.729   5.121   1.688   1.585  -4.451  -0.680   1.185 
  9 A  -3.767  -7.636  -8.283  -8.512  -6.275  -7.354  -7.919  -8.545  -8.071   3.945   3.864  -7.528   0.892  -4.365  -7.887  -7.227  -5.882  -7.223  -6.306   3.491 
