#HLA-C0317

Last position-specific scoring matrix computed       
            A       R       N       D       C       Q       E       G       H       I       L       K       M       F       P       S       T       W       Y       V 
  1 A  -1.265   3.083  -6.661  -1.525  -4.687  -5.364  -5.644  -5.515  -3.981   1.141   0.758   0.060   3.978   2.682  -2.970  -0.035  -4.057  -0.122   2.039  -0.473 
  2 A   3.747  -6.744  -5.539  -3.149  -6.623  -6.049  -1.676  -4.994  -6.874  -4.899  -7.042  -5.352  -1.262  -7.854   6.769   0.579   1.632  -8.414  -7.251  -2.835 
  3 A   0.241   1.086  -1.460  -3.668  -7.124  -3.725  -2.348  -5.686   1.763  -1.692  -0.315  -4.509   4.360   2.536   1.743  -2.826  -2.844   3.050   4.172  -0.684 
  4 A   1.626  -0.605  -2.483  -1.919  -3.364   0.526  -0.510  -3.945  -1.728  -0.436   0.097  -0.417   0.617  -1.766   3.378   1.203  -0.633   3.691  -1.680  -0.172 
  5 A   1.543  -1.231   2.234  -3.842  -2.259  -2.541  -0.265  -2.422   2.365  -1.174  -0.271  -3.140   1.315   0.928   1.332   0.889   0.895  -0.428  -0.561  -0.745 
  6 A  -0.536   1.130  -2.276  -2.332  -4.674  -2.423  -2.079   1.450   1.882  -1.537   0.231  -2.767  -2.299   2.293   0.190   1.623   1.315  -0.646  -0.522  -0.817 
  7 A   0.083  -2.050   1.128  -0.669  -2.504  -2.832  -1.898  -4.348   2.909   0.560   0.925  -3.400  -0.990   1.529   0.856   0.024   0.323  -0.180   0.442   0.884 
  8 A   2.294  -4.621  -2.489  -2.519  -5.054  -2.804  -0.482  -5.039  -2.372  -1.038  -1.184  -3.924  -2.854  -2.529   5.108   1.372   1.690  -7.625  -1.127   1.050 
  9 A  -6.617  -7.474  -6.604  -4.124  -6.682  -5.821  -2.586  -6.945  -7.344   2.333   4.253  -7.467   2.994   4.105  -4.986  -6.800  -6.327  -6.274  -4.851  -0.911 
