#HLA-C0311

Last position-specific scoring matrix computed       
            A       R       N       D       C       Q       E       G       H       I       L       K       M       F       P       S       T       W       Y       V 
  1 A  -2.321   0.746  -7.272  -7.901  -6.032  -6.544  -7.112  -6.232  -4.732   0.685   0.563  -2.859   4.781   4.742  -7.824  -0.900  -3.797   2.362   4.051  -1.236 
  2 A   3.137  -6.923  -6.695  -6.716  -6.823  -5.724  -6.195  -4.380  -7.017  -5.973  -5.808  -6.067  -2.648  -8.075   7.666   0.276  -0.454  -8.753  -7.384  -2.830 
  3 A   2.502  -1.888  -0.381  -3.341  -6.689  -2.338  -5.439  -4.613   0.649  -0.072  -0.653  -6.401   4.253   1.864  -2.926  -0.867  -1.281   2.663   3.673   0.289 
  4 A   1.942  -1.153  -1.989  -2.402  -1.627   0.868   0.089  -2.201  -1.733  -1.383  -0.065  -1.884   0.181  -1.243   3.380   1.038   0.071   2.436  -2.523   0.256 
  5 A   1.411  -2.442   2.486  -2.792  -1.126  -2.086  -1.455   0.003   1.330  -0.733  -0.872  -3.906   1.545  -0.231   1.066   1.393   1.042  -0.210  -0.075  -0.746 
  6 A   0.812  -0.402  -1.297  -1.997  -3.350  -0.885  -4.008   2.233   0.762  -3.368   0.315  -3.138  -1.250  -0.502   0.145   2.289   2.228   0.373  -1.297  -1.674 
  7 A   0.659  -1.595   0.537  -1.063  -1.623  -1.230  -2.608  -4.017   2.170   0.403   1.630  -5.556  -0.029   0.754   0.811   0.622   1.258  -1.558  -0.376  -0.114 
  8 A   3.424  -4.398  -2.958  -6.599  -4.926  -2.440  -0.383  -5.347  -3.824  -0.998  -1.887  -5.161  -0.824  -3.285   4.397   1.017   1.750  -4.491  -2.447   1.585 
  9 A  -4.271  -7.447  -8.232  -8.543  -6.402  -7.178  -7.854  -8.508  -7.687   2.380   4.555  -7.458   4.169   0.738  -7.973  -7.259  -6.093  -6.791  -4.790   1.715 
