#HLA-C0730

Last position-specific scoring matrix computed       
            A       R       N       D       C       Q       E       G       H       I       L       K       M       F       P       S       T       W       Y       V 
  1 A  -1.966   3.651  -5.636  -6.771  -6.089  -5.219  -6.374  -5.264  -1.137   0.283  -0.053  -0.082   4.163   2.423  -4.727   0.773  -2.304   1.931   3.218  -1.010 
  2 A   4.592  -6.529  -5.788  -4.907  -6.139  -0.344  -4.785  -3.718  -6.718  -4.032  -4.216  -5.952   1.913  -4.364   2.770   2.469   2.168  -1.318  -4.177   0.371 
  3 A  -1.832   3.061  -1.764  -6.405  -6.124  -3.696  -6.171  -5.846   1.404   0.178   1.393  -1.635   3.373   2.826  -1.910  -2.914  -3.614   3.110   2.961  -0.809 
  4 A   1.666   0.503  -0.424  -1.072   0.106   1.049   0.204  -1.832  -0.411  -1.071  -1.797  -0.381   0.329  -1.418   2.147   1.102  -0.343   2.611  -0.533  -0.645 
  5 A   1.114   0.721   2.160  -3.734  -1.654  -1.918  -3.820  -0.430   2.849  -0.691  -0.579  -1.798  -0.017   0.940  -0.857   0.976   0.665  -1.208   0.921  -0.892 
  6 A  -0.948   1.443  -1.523  -3.544  -4.732  -3.007  -5.578   1.179   2.807  -2.060  -0.430  -2.668  -1.730   3.279  -0.455   1.962   0.227   2.111   0.941  -1.753 
  7 A   0.344  -1.288  -0.174  -3.983  -1.144  -2.345  -3.505  -3.332   3.699   0.160   1.534  -5.429  -0.231   2.857  -1.192  -0.804  -0.518   1.474   2.569  -0.953 
  8 A   2.519  -4.639  -2.501  -4.878  -5.689  -3.726  -0.908  -5.950  -1.119  -1.590  -1.334  -4.504  -3.425  -0.943   4.943   1.999   1.025  -5.588  -1.209   1.508 
  9 A  -7.053  -7.685  -7.937  -6.553  -7.238  -7.692  -6.736  -7.723  -6.439  -1.840   1.170  -7.866   4.092   7.316  -8.524  -7.333  -6.796  -3.939   1.068  -3.991 
