#HLA-C0511

Last position-specific scoring matrix computed       
            A       R       N       D       C       Q       E       G       H       I       L       K       M       F       P       S       T       W       Y       V 
  1 A  -4.865  -2.839  -6.655  -7.943  -6.143  -6.800  -7.251  -7.880  -3.347  -1.815  -0.614  -3.988   5.079   5.875  -7.964   0.126  -4.037   0.472   5.085  -3.350 
  2 A   2.646  -6.479  -5.763  -6.381  -6.211  -4.943  -6.013  -4.254  -6.815  -2.702  -3.632  -5.608  -1.294  -7.196   3.291   3.755   4.951  -7.789  -6.928  -0.544 
  3 A   2.162  -5.340  -1.311  -2.967  -6.764  -3.649  -6.758  -6.021  -1.172   0.136   0.144  -6.709   4.389   3.287  -0.031  -0.570  -2.536   3.999   3.340  -1.659 
  4 A   1.348  -0.556  -1.006  -0.455  -1.301  -0.476   0.318  -1.908  -1.218  -0.860  -0.743  -1.341  -1.597  -1.428   3.716   1.538   0.071   2.065  -1.076  -0.816 
  5 A   0.615  -3.789   1.801  -4.610  -1.633  -4.055  -2.431  -1.045   0.844   0.702  -1.123  -3.557   1.837   1.735   1.866   1.083   0.857   1.666   0.217   0.261 
  6 A   0.270  -0.860  -2.775  -4.837  -3.339  -1.266  -6.501  -0.187   0.680  -0.309   1.653  -4.205  -2.363   2.851   0.427   1.877   1.558  -0.619   0.327  -1.780 
  7 A   0.385  -5.966   0.380  -0.245  -1.845  -2.544  -3.152  -4.702   2.223   0.445   0.290  -6.544   0.032   3.199   2.492  -0.402   0.220  -0.365   1.356  -0.140 
  8 A   1.674  -4.192  -0.481  -6.652  -4.053  -2.153  -1.416  -4.733  -2.569  -1.382   0.362  -5.000  -1.198   0.114   4.450   1.329   1.684  -4.299   0.565   0.786 
  9 A  -4.152  -7.705  -8.275  -8.483  -6.268  -7.399  -7.944  -8.563  -8.113   4.495   3.244  -7.548   0.726  -3.947  -7.883  -7.224  -5.833  -7.265  -6.307   3.716 
