#HLA-C0506

Last position-specific scoring matrix computed       
            A       R       N       D       C       Q       E       G       H       I       L       K       M       F       P       S       T       W       Y       V 
  1 A  -3.420  -2.356  -6.106  -7.889  -4.234  -6.750  -7.207  -7.798  -2.809  -1.872   0.051  -4.971   4.977   5.556  -7.889   0.374  -3.015   1.463   4.880  -2.836 
  2 A   1.648  -6.497  -5.730  -6.293  -6.416  -5.906  -5.965  -5.015  -6.804  -5.391  -5.602  -5.873  -4.976  -7.570   5.347   3.705   5.061  -8.049  -7.086  -2.674 
  3 A   2.711  -3.647  -0.551   0.040  -6.697  -2.167  -4.285  -5.548  -1.029  -0.004  -0.779  -6.362   4.270   1.922   0.314   0.219  -1.265   2.117   2.786  -1.453 
  4 A   1.517  -0.937  -1.261  -1.021  -1.633  -0.082  -0.343  -2.430  -1.219  -0.924  -0.286  -1.423   0.265  -0.248   3.072   1.944   0.439   0.541  -0.833  -0.702 
  5 A   0.565  -3.564   2.550  -4.277  -2.752  -3.709  -2.395  -1.183   0.923   0.475  -0.994  -3.099   2.268   1.406   1.725   1.636   1.076   0.388  -0.760  -0.577 
  6 A   0.376   1.232  -1.253  -4.456  -2.500  -0.515  -5.201   0.812   0.450  -1.741   0.935  -2.973  -3.001   1.663   0.715   2.152   1.676  -0.655  -0.199  -2.540 
  7 A   0.097  -4.845   1.731   0.826  -1.469  -1.570  -1.839  -3.566   2.273  -0.180   0.602  -5.874  -0.526   1.279   1.492   1.448   0.783  -1.224   0.348  -0.596 
  8 A   1.701  -3.591  -1.043  -5.715  -4.036  -1.823  -0.546  -5.775  -2.344  -1.403   0.066  -5.153  -1.215  -1.678   4.409   1.911   2.283  -7.354  -0.208   0.705 
  9 A  -5.197  -7.822  -8.300  -8.466  -6.287  -7.498  -8.029  -8.641  -8.176   5.328   2.522  -7.599  -0.076  -4.433  -7.904  -7.292  -5.821  -7.320  -6.345   3.430 
