#HLA-C0206

Last position-specific scoring matrix computed       
            A       R       N       D       C       Q       E       G       H       I       L       K       M       F       P       S       T       W       Y       V 
  1 A  -3.495  -3.232  -5.579  -7.728  -5.324  -5.951  -5.786  -7.710  -2.745  -0.902  -1.518  -4.482   5.273   5.122  -7.757   0.747  -1.049   1.588   5.381  -3.015 
  2 A   2.299  -6.428  -5.642  -6.372  -6.101  -5.866  -6.050  -5.959  -6.893  -3.975  -4.638  -5.935  -2.611  -7.114   0.773   2.801   6.287  -7.634  -6.863   0.176 
  3 A   3.837  -6.441  -1.123  -6.610  -5.521  -5.288  -6.611  -6.507  -2.568   1.930  -3.218  -6.478   3.228   1.158   1.618   0.090  -0.382  -0.902   1.579   0.636 
  4 A   1.682  -1.874  -0.139   0.554  -0.706   0.484   0.585  -0.890  -2.063  -2.589  -3.248  -1.766  -3.299  -1.578   3.487   2.391   0.572   1.745  -1.748  -1.216 
  5 A   0.972  -5.276   1.325  -5.595  -2.205  -3.600  -3.868  -3.746  -0.248   2.392   0.243  -5.196   1.601   0.832   2.069   0.403   1.298  -0.952  -1.360   0.772 
  6 A  -0.014  -1.010  -4.096  -4.008  -4.518  -2.725  -6.635   0.023  -0.837   0.231   1.616  -5.124   1.118   1.956  -0.452   1.686   1.781  -0.167   0.429   0.325 
  7 A   2.268  -5.112   1.128   1.001  -3.024  -2.997  -3.123  -1.361   2.408  -0.862  -1.152  -6.158  -1.764   1.536   0.212   1.894   1.600  -2.825   0.804  -2.079 
  8 A   1.297  -3.289  -0.494  -6.711  -6.738  -1.992  -0.461  -5.016  -1.211  -2.385   1.641  -4.563  -1.615   0.064   3.785   0.764   0.817  -2.314   2.145   0.600 
  9 A  -2.759  -7.452  -8.099  -8.409  -6.399  -7.083  -7.757  -8.342  -7.533   3.180   3.222  -7.382   5.311   1.658  -7.904  -7.061  -5.982  -6.702  -3.391   2.421 
