#HLA-C0104

Last position-specific scoring matrix computed       
            A       R       N       D       C       Q       E       G       H       I       L       K       M       F       P       S       T       W       Y       V 
  1 A  -4.264  -1.021  -6.068   2.223  -4.221  -4.471  -2.510  -6.794  -6.279   1.079   1.011  -3.082   4.239   3.380   0.836  -0.811  -4.120  -1.406   2.742  -0.513 
  2 A   3.760  -4.676  -4.475  -0.342  -6.412  -5.494   1.933  -4.889  -6.570  -2.134   0.513  -1.431   4.487  -4.675  -1.746   0.701   1.281  -7.437  -6.675  -1.812 
  3 A   0.414   0.861  -0.656  -0.264  -4.762  -2.888   0.652  -2.692   1.168  -0.926  -1.875  -1.965   3.211   2.051   1.934  -0.880  -1.724  -1.426   3.359  -1.245 
  4 A   0.975  -0.456  -1.008  -0.678  -2.534   0.305   1.155  -2.145  -2.060  -0.942  -0.813   0.566   1.109  -0.495   2.420   0.573   0.288   2.693  -0.719  -0.764 
  5 A  -0.793  -0.219   1.289  -0.930  -3.782  -2.876   1.002  -3.640   2.188   0.759   0.320  -1.435   1.079   0.833  -0.076   0.397   0.326  -2.328   0.798  -0.039 
  6 A  -1.755   1.333  -1.582  -0.237  -6.153  -2.675   0.911   0.427   1.844  -1.179  -0.866  -2.016  -3.438   2.411   0.964   1.787   0.279  -0.906   0.303  -1.037 
  7 A   0.865  -1.530  -0.563   0.177  -2.289  -2.202   0.263  -1.267   2.657  -1.253   0.620  -0.497  -0.088   1.262  -1.359   0.651  -1.968   0.045   1.731  -0.117 
  8 A   1.818  -3.422  -3.422   0.119  -3.677  -4.270   0.203  -1.668  -2.361  -0.772  -0.263  -1.561  -1.702  -0.975   3.482  -0.107   0.856  -1.609  -0.113   1.750 
  9 A  -6.529  -7.254  -3.659   0.459  -7.418  -4.324   1.165  -3.619  -6.423  -2.906   1.262  -5.890   2.912   6.755  -2.558  -6.407  -6.667  -4.301  -2.232  -5.704 
