#HLA-C0609

Last position-specific scoring matrix computed       
            A       R       N       D       C       Q       E       G       H       I       L       K       M       F       P       S       T       W       Y       V 
  1 A  -2.246   2.228  -5.511  -7.135  -3.397  -5.863  -6.394  -6.456  -0.489  -0.397  -0.318  -0.677   4.533   3.652  -6.537   3.036  -2.805  -1.713   2.936  -2.437 
  2 A   3.309  -6.445  -5.050  -6.415  -6.166  -3.909  -5.995  -4.182  -6.674  -3.454  -5.512  -5.617   1.350  -2.553   0.817   4.046   4.411   2.159  -4.799  -0.850 
  3 A  -1.000   1.693  -2.495  -6.925  -7.120  -3.276  -6.690  -6.762   0.732   0.784   0.739  -1.705   4.392   3.016   1.508  -3.278  -2.999   1.732   3.816  -2.768 
  4 A   1.701   0.365  -0.661  -3.646  -0.563  -0.082  -1.436  -3.093  -1.062   0.697  -0.286  -0.127   0.540  -0.523   1.616   1.375   0.117   3.001   0.167  -1.611 
  5 A  -0.467  -0.750   3.811  -5.195  -3.776  -4.599  -4.731  -4.095   1.693   0.770  -0.049  -2.109   1.680   1.288   1.276   0.451   0.546   1.033   0.749  -1.127 
  6 A  -2.690   2.752  -2.992  -6.308  -4.270  -1.727  -5.768  -3.184   2.095  -0.528   1.360  -3.682  -3.770   4.232  -0.113  -0.038  -0.979   1.488   2.178  -1.589 
  7 A   0.419  -4.198   1.204  -1.135  -1.665  -1.879  -3.569  -4.480   3.266  -1.071  -1.391  -6.436  -1.530   3.216   0.238   0.536  -0.162   1.827   3.365   0.764 
  8 A   0.745  -4.701  -0.301  -6.792  -5.928  -3.565  -2.330  -6.990  -0.901  -2.340  -0.574  -5.647  -2.565   1.788   5.092   0.296   1.555  -1.836   3.195   0.484 
  9 A  -5.570  -7.655  -7.448  -8.532  -6.391  -7.401  -8.006  -8.637  -7.914   4.418   4.036  -7.572   2.071  -0.160  -7.988  -7.374  -6.036  -6.986  -5.962   1.698 
