#HLA-C0404

Last position-specific scoring matrix computed       
            A       R       N       D       C       Q       E       G       H       I       L       K       M       F       P       S       T       W       Y       V 
  1 A  -4.027   1.256  -5.714  -7.419  -6.116  -5.596  -6.646  -6.342  -0.659  -0.613  -0.387  -1.155   3.391   4.164  -7.515   2.119  -3.344   1.309   5.148  -1.759 
  2 A   2.033  -6.524  -6.025  -6.644  -6.584  -0.275  -6.100  -3.426  -4.905  -5.007  -3.985  -6.084   0.570   1.068   2.486   3.335   3.820   4.889   1.941  -3.023 
  3 A  -1.414  -0.458  -3.166  -7.097  -6.007  -2.425  -6.983  -6.860  -0.201   0.823   2.008  -4.174   3.674   3.476   2.209  -2.840  -3.802   3.181   2.971  -1.686 
  4 A   0.751   0.413  -0.368  -1.158  -0.109   0.284  -0.608  -2.718  -0.103   0.462  -1.138  -0.025  -0.238  -1.079   3.161   1.262  -0.134   2.524  -1.288  -1.439 
  5 A  -0.083   0.261   2.639  -6.050  -1.479  -2.971  -4.088  -1.806   1.850   0.179  -0.108  -1.525   1.623   0.845   0.184   0.335   0.990   2.286   1.500  -0.853 
  6 A  -2.897   1.137  -2.744  -6.907  -4.262  -3.410  -6.859  -3.544   1.898  -0.106   1.410  -4.470  -3.072   5.122  -0.500   0.032  -1.063   1.394   2.755  -3.061 
  7 A  -0.273  -5.606   0.053  -1.821  -1.020  -1.927  -3.659  -5.181   3.540  -0.920  -0.573  -6.687  -0.644   4.205   1.215  -1.194  -1.956   2.836   3.782  -0.338 
  8 A   0.305  -3.977  -0.679  -5.848  -5.858  -2.476  -1.200  -6.600  -0.652  -1.637   0.582  -4.372  -2.252   1.408   3.979   1.628   1.940  -3.339   2.580   0.359 
  9 A  -6.507  -7.597  -8.293  -8.581  -6.497  -7.407  -7.997  -8.620  -7.684   3.419   4.387  -7.605   2.638   2.582  -8.081  -7.420  -6.191  -6.593  -4.898   0.683 
