#HLA-C0724

Last position-specific scoring matrix computed       
            A       R       N       D       C       Q       E       G       H       I       L       K       M       F       P       S       T       W       Y       V 
  1 A  -2.032   3.264  -6.110  -7.363  -6.062  -5.300  -6.448  -6.023  -1.137   0.358   0.034  -0.288   4.233   2.700  -5.536   0.964  -2.091   2.138   3.400  -0.950 
  2 A   4.590  -6.494  -5.821  -5.490  -6.183   0.569  -4.316  -3.603  -6.668  -3.784  -4.198  -5.927   2.338  -2.568   2.820   2.175   1.972  -0.732  -4.123  -0.156 
  3 A  -1.146   1.826  -1.049  -6.007  -6.041  -2.859  -6.702  -6.101   1.337   0.235   1.744  -2.313   3.697   2.706  -1.430  -2.792  -3.128   3.373   2.989  -0.696 
  4 A   1.721   0.326  -0.498  -1.294   0.395   0.833   0.239  -1.836  -0.304  -0.814  -1.790  -0.704   0.331  -1.155   2.177   0.885  -0.134   3.203  -0.618  -0.768 
  5 A   0.920   0.302   1.932  -4.363  -1.471  -2.251  -4.062  -0.280   2.694  -0.240  -0.124  -2.085   0.539   1.516  -0.605   0.740   0.499  -0.908   0.694  -0.963 
  6 A  -1.306   1.380  -1.630  -4.760  -4.744  -3.472  -5.630   1.080   3.023  -2.052  -0.515  -3.033  -1.913   3.469  -0.232   1.869   0.177   2.395   1.379  -1.572 
  7 A   0.337  -1.710  -0.368  -4.214  -1.150  -3.347  -3.871  -3.976   3.675   0.088   1.066  -5.229  -0.242   3.468  -1.099  -1.318  -0.838   1.612   3.274  -0.689 
  8 A   2.486  -4.652  -2.518  -5.467  -5.034  -3.245  -0.611  -6.296  -1.584  -1.588  -1.364  -4.965  -2.582  -0.140   4.881   1.474   1.342  -2.953  -0.450   1.407 
  9 A  -7.084  -7.729  -7.970  -7.084  -7.258  -7.792  -7.956  -7.734  -6.446  -1.988   1.298  -7.929   3.483   7.397  -8.560  -7.370  -6.830  -3.218   1.081  -4.010 
