#HLA-C1508

Last position-specific scoring matrix computed       
            A       R       N       D       C       Q       E       G       H       I       L       K       M       F       P       S       T       W       Y       V 
  1 A  -1.599  -1.232  -6.043  -5.796  -4.106  -6.373  -6.515  -7.665  -2.690   0.009   1.434  -4.182   6.255   2.994  -6.802   0.396  -2.003   2.054   3.731  -1.301 
  2 A   1.386  -6.619  -5.967  -5.635  -6.605  -6.029  -5.089  -6.138  -6.913  -6.731  -7.099  -5.931  -6.587  -7.797   6.491   2.115   5.044  -8.284  -7.208  -3.532 
  3 A   3.079  -2.610   0.179  -1.008  -6.562  -2.297  -3.885  -6.240  -0.763   0.503  -2.032  -5.563   3.753   1.066  -2.519   0.891   0.350   1.799   2.521  -0.251 
  4 A   1.457  -1.374  -1.447  -1.165  -0.828   0.815  -0.392  -3.293  -1.378  -0.808  -1.042  -1.648   1.047  -0.132   2.751   2.007   0.223   2.610  -1.662   0.128 
  5 A   1.796  -3.280   0.928  -4.626  -4.084  -2.646  -2.198  -1.906   0.766   0.801  -1.491  -3.994   1.936   1.786   2.357   1.433   0.827   0.881  -0.447  -0.515 
  6 A   0.336   1.193  -1.998  -3.038  -3.374  -2.430  -4.707   2.496   0.273  -2.423  -0.434  -4.163  -0.978   1.323  -0.507   2.323   2.224   0.015  -0.493  -2.698 
  7 A   0.131  -2.991   1.095  -1.263  -2.487  -2.148  -2.616  -2.406   2.313   0.221   1.834  -5.614  -0.238   1.122   0.249   1.567   0.854  -1.897   0.684  -1.247 
  8 A   2.000  -3.456  -3.311  -5.535  -5.716  -1.851  -0.921  -5.343  -3.812  -1.366   0.538  -4.515  -0.530  -1.585   4.892   1.218   1.458  -5.559  -0.990   1.039 
  9 A  -4.247  -7.497  -8.060  -6.984  -6.436  -7.038  -6.215  -8.424  -7.500   4.571   2.104  -7.353   5.977   1.078  -7.915  -7.109  -5.963  -6.768  -3.197   1.438 
