#HLA-C1214

Last position-specific scoring matrix computed       
            A       R       N       D       C       Q       E       G       H       I       L       K       M       F       P       S       T       W       Y       V 
  1 A  -2.850   2.052  -5.880  -7.607  -7.075  -5.581  -6.756  -4.399  -2.851   0.223   0.257  -1.269   4.519   3.457  -7.599   0.280  -2.816   2.440   4.430  -0.536 
  2 A   4.435  -6.526  -6.218  -6.643  -6.144  -0.514  -5.663  -4.016  -6.784  -2.671  -3.614  -5.946   2.062  -6.519   3.246   2.080   3.267  -5.694  -6.107  -0.565 
  3 A   0.020  -3.742  -0.554  -3.932  -5.870  -3.213  -6.953  -7.046  -0.430   1.628   1.044  -6.389   3.934   2.951   0.397  -1.576  -2.113   3.781   2.630   0.458 
  4 A   1.652  -1.722  -0.059  -0.569  -0.214   0.201  -0.187  -0.261  -0.670  -1.305  -2.122  -2.065   0.036  -1.095   3.139   1.438  -0.397   3.690  -1.684  -0.658 
  5 A   1.574  -2.863   2.227  -5.098  -1.103  -4.055  -4.359   0.167   0.987   0.441  -0.155  -4.815   0.631   0.564  -1.246   1.329   1.111  -0.935   0.100   0.563 
  6 A  -0.475  -0.428  -2.144  -2.938  -5.227  -3.058  -5.307   1.819   2.081  -1.379  -0.343  -4.984  -1.914   2.817  -0.145   2.706   1.066   1.186   0.259  -1.371 
  7 A   0.050  -3.545  -0.387  -3.364  -2.275  -3.943  -4.116  -4.157   3.219   0.972   1.417  -6.352  -1.217   3.760  -0.568  -1.713  -1.337   1.602   2.456   0.168 
  8 A   3.105  -5.503  -2.952  -5.460  -5.639  -4.322  -0.726  -5.874  -3.468  -1.881  -0.786  -4.953  -3.112  -1.106   4.907   1.488   1.666  -2.998  -1.901   0.832 
  9 A  -6.938  -7.601  -8.027  -8.499  -7.046  -7.543  -7.921  -8.345  -6.701  -0.983   2.508  -7.769   4.781   6.747  -8.431  -7.340  -6.666  -2.825  -0.543  -3.809 
