#HLA-C0604

Last position-specific scoring matrix computed       
            A       R       N       D       C       Q       E       G       H       I       L       K       M       F       P       S       T       W       Y       V 
  1 A  -2.534   3.227  -5.674  -6.761  -3.077  -4.803  -6.338  -6.694  -1.204   1.274   1.413   1.507   3.054   1.423  -7.321   0.833  -3.994  -0.876   1.500   0.396 
  2 A   2.995  -6.897  -5.718  -6.422  -6.644  -4.144  -6.351  -4.432  -6.852  -4.005  -4.902  -6.247   1.683   0.631   6.188   0.741   1.174   1.744  -2.156  -0.036 
  3 A  -3.119   3.114  -1.028  -6.809  -5.466  -2.106  -5.416  -5.140   0.519  -1.168   0.749  -1.266   2.380   3.151  -0.264  -3.735  -3.173   3.796   4.235  -1.119 
  4 A   1.031   0.367  -1.181  -1.816  -1.837   0.344  -1.123  -2.808  -0.424   0.457  -0.658  -0.355   0.531  -1.196   2.012   1.844   0.075   3.206  -0.074  -0.676 
  5 A   0.786   1.175   1.090  -5.852  -1.470  -2.408  -3.399  -2.240   2.183  -0.336   0.575  -1.099   0.305   1.997  -0.295   0.622   0.324   1.179   0.313  -0.807 
  6 A  -1.549   1.613  -2.753  -3.156  -4.211  -3.036  -5.351   0.084   2.135  -1.349   1.035  -2.187  -2.925   3.128  -0.545   1.138   0.437   1.207   1.641  -0.493 
  7 A   0.285  -0.877  -0.788  -3.503  -1.297  -3.856  -3.705  -3.717   3.122   0.662   1.673  -6.101  -0.805   2.303  -0.034  -1.122  -0.890   2.121   2.716   0.128 
  8 A   1.153  -4.410  -0.763  -6.675  -3.316  -2.001  -0.994  -6.205  -0.451  -0.918   0.371  -4.786  -1.499   0.227   4.361   1.476   1.009  -2.887   0.765   1.311 
  9 A  -7.207  -6.639  -7.957  -8.472  -7.422  -7.986  -7.348  -8.276  -6.340  -1.998  -0.636  -8.039   2.532   7.840  -8.680  -7.397  -6.950  -1.711   1.106  -4.772 
