#HLA-C1204

Last position-specific scoring matrix computed       
            A       R       N       D       C       Q       E       G       H       I       L       K       M       F       P       S       T       W       Y       V 
  1 A  -2.986   1.193  -5.865  -3.758  -4.588  -6.139  -6.262  -6.820  -0.551   2.222   1.284  -0.421   4.632   1.555  -3.388   0.323  -1.975  -1.801   2.428   0.653 
  2 A   3.746  -6.442  -5.768  -4.507  -6.050  -5.805  -2.639  -5.261  -6.810  -3.889  -6.150  -5.897  -2.184  -7.176   0.013   2.863   5.428  -7.660  -6.875   0.202 
  3 A   1.346   0.816   0.964  -4.273  -5.926  -3.210  -3.922  -5.660   1.288   0.231  -3.117  -2.686   2.803   2.907  -0.450   0.658   0.149  -0.816   3.006   0.060 
  4 A   1.493  -1.152  -1.447  -0.768  -2.039  -0.580  -0.454  -2.520  -2.290  -0.035  -2.279  -1.037  -0.041  -0.007   3.185   1.590   0.827   2.999   0.309  -0.449 
  5 A   0.549  -1.547  -0.383  -4.388  -4.042  -2.539  -2.718  -4.754  -0.249   2.215   1.177  -4.685   1.567   1.571   0.419   0.556  -0.086  -0.920  -0.451   1.387 
  6 A  -1.192   1.406  -2.201  -2.376  -4.661  -2.639  -3.758   0.292   1.126   0.327  -0.417  -3.719  -1.680   2.261   0.755   1.352   1.377   1.187   1.219   0.303 
  7 A   0.863  -1.611  -0.403  -1.537  -2.257  -2.328  -2.647  -1.454   2.690  -0.128   1.037  -5.370   0.052   2.402  -1.073   0.739  -1.062  -0.137   1.925   0.291 
  8 A   0.293  -1.848  -0.839  -4.251  -6.789  -1.329  -0.295  -4.895   0.449  -1.132   1.724  -2.853  -1.940   0.813   2.637   0.910   0.462  -1.892   1.532   1.163 
  9 A  -7.233  -5.694  -6.964  -4.335  -7.671  -7.665  -4.435  -8.197  -5.632  -4.863  -4.560  -5.082   0.655   7.718  -6.071  -7.255  -7.025  -4.219   4.728  -6.017 
