#HLA-C1209

Last position-specific scoring matrix computed       
            A       R       N       D       C       Q       E       G       H       I       L       K       M       F       P       S       T       W       Y       V 
  1 A  -1.877   1.739  -6.180  -1.868  -3.042  -5.412  -6.034  -6.690  -2.304   1.077   1.646   0.674   4.568   1.122  -2.957   0.631  -2.740  -0.610   1.722   0.324 
  2 A   2.548  -6.119  -5.990  -4.727  -6.473  -5.879  -1.207  -5.744  -6.833  -6.034  -6.573  -5.578  -3.336  -7.595   5.628   2.356   4.494  -8.105  -7.103  -0.738 
  3 A   0.578   1.558   0.832  -3.915  -5.304  -1.209  -2.878  -4.058   1.165  -0.020  -1.404  -3.866   2.732   3.270  -1.623  -0.408  -1.229   2.230   3.155  -0.546 
  4 A   1.014  -1.353  -0.625  -0.818  -1.298  -0.076  -0.608  -2.432  -0.537  -0.479  -1.506  -0.320   0.248  -0.362   2.854   2.175   0.129   2.614  -0.075  -0.587 
  5 A   1.074  -1.177   0.349  -3.159  -2.484  -1.959  -1.040  -2.221   1.054   0.326  -0.030  -2.598   0.110   1.475   1.763   1.453   1.137   0.563  -0.552  -0.293 
  6 A  -0.949   1.264  -1.576  -1.905  -4.184  -2.234  -2.458   1.684   1.445  -1.460  -0.580  -2.731  -4.162   1.331   0.003   2.390   1.784   0.569   0.193  -0.928 
  7 A  -0.129  -1.430  -0.285  -1.299  -2.506  -1.999  -1.276  -2.722   2.403   0.152   2.064  -3.410  -0.936   1.363  -0.626   0.126  -0.802   0.600   1.988   0.149 
  8 A   0.510  -3.116  -1.067  -3.519  -5.106  -3.029  -0.865  -4.498  -0.031  -0.784   1.265  -2.150  -1.136   0.025   3.539   0.797   1.649  -1.955   0.084   1.299 
  9 A  -7.216  -7.751  -6.998  -3.739  -7.569  -6.844  -2.956  -7.176  -6.076  -2.760  -3.420  -7.887   2.069   7.877  -5.150  -7.272  -6.981  -3.667   2.533  -5.826 
