#HLA-C0605

Last position-specific scoring matrix computed       
            A       R       N       D       C       Q       E       G       H       I       L       K       M       F       P       S       T       W       Y       V 
  1 A  -1.300   2.910  -3.760  -7.403  -2.264  -4.574  -6.538  -6.345  -1.517   1.088   1.907  -0.168   3.321   1.476  -7.394   0.699  -3.314   0.262   2.137  -0.113 
  2 A   2.487  -6.915  -6.662  -6.779  -6.759  -5.245  -6.267  -5.950  -7.015  -5.042  -5.873  -6.142  -0.228  -3.312   7.259   0.638   1.142  -2.597  -4.680   0.033 
  3 A  -1.505   4.135  -0.607  -4.380  -6.228  -1.236  -4.653  -4.476   1.099  -0.983  -0.199  -0.906   2.323   1.771  -0.472  -2.586  -1.751   2.651   2.851  -0.052 
  4 A   1.187   0.379  -0.495  -1.633  -1.471   1.331  -1.312  -3.315   0.631   0.151  -0.765  -0.066   0.271  -0.807   1.418   1.294   0.427   2.618   0.454  -0.960 
  5 A   0.820   1.579   1.256  -4.149  -1.477  -1.629  -2.788  -1.661   2.320  -1.033  -0.142  -0.938  -0.008   1.193   0.714   0.746   1.257   0.880  -0.452  -1.237 
  6 A  -0.853   2.181  -1.819  -2.352  -3.103  -0.871  -4.650   0.982   1.839  -2.029   0.250  -2.016  -2.300   2.122  -0.294   1.413   1.051   1.044   0.577  -1.118 
  7 A   0.241  -0.002  -0.346  -3.270  -2.043  -1.993  -2.428  -2.368   2.951   0.133   1.541  -4.997  -0.580   1.075  -0.160   0.011   0.130   1.326   2.256   0.108 
  8 A   1.787  -3.982  -1.608  -6.668  -4.511  -2.827  -0.620  -6.139  -0.235  -0.921   0.085  -4.154  -1.510  -0.221   4.347   1.404   1.011  -4.312   0.435   1.418 
  9 A  -7.142  -7.739  -7.925  -8.454  -7.361  -7.799  -7.951  -8.254  -6.317  -2.811  -0.836  -7.948   4.335   7.707  -8.618  -7.331  -6.884  -4.672   1.188  -5.119 
