#HLA-C1606

Last position-specific scoring matrix computed       
            A       R       N       D       C       Q       E       G       H       I       L       K       M       F       P       S       T       W       Y       V 
  1 A  -4.473  -2.994  -5.818  -8.066  -3.764  -6.847  -7.369  -6.673  -4.682   0.721   1.060  -4.793   4.767   4.668  -7.939  -0.926  -4.902   1.996   4.788   0.037 
  2 A   3.941  -6.544  -5.982  -6.486  -6.173  -4.973  -6.028  -4.015  -6.817  -3.773  -4.877  -5.936   0.122  -7.305   3.911   3.034   4.185  -7.850  -6.965  -1.252 
  3 A   0.930  -4.289   0.026  -3.056  -5.813  -2.946  -6.702  -6.120  -0.796   1.371   0.053  -6.210   4.072   2.090   2.061  -0.321  -1.057   2.208   2.298   0.639 
  4 A   0.814  -1.821  -1.284  -1.100  -0.437  -0.331   0.079  -2.550  -2.808   0.258  -0.520  -1.677   0.695  -0.681   2.642   1.864   0.030   3.202  -1.403   0.458 
  5 A   0.336  -3.658   1.664  -4.489  -0.828  -3.346  -3.085  -2.595   0.611   1.004   1.089  -4.716   0.897   2.710   0.696   0.534   0.368   0.593   0.598  -0.441 
  6 A  -0.691  -0.152  -1.834  -2.948  -3.738  -1.470  -4.529   1.229   0.988  -0.954   0.447  -4.308  -1.511   2.331   0.312   2.417   1.198   0.749   0.766  -0.978 
  7 A   0.342  -3.693  -0.012  -1.825  -1.471  -2.389  -2.593  -2.926   2.452   0.688   1.277  -6.249  -1.560   3.243  -2.159  -1.529  -0.764   1.603   3.022   0.190 
  8 A   2.106  -4.459  -2.738  -6.446  -5.685  -3.808  -0.768  -5.436  -3.150  -1.164   1.584  -4.433  -0.585   0.090   3.804   0.096   1.033  -1.575   0.371   1.396 
  9 A  -7.049  -7.692  -7.972  -8.467  -7.218  -7.695  -7.946  -8.285  -6.536  -1.160   0.744  -7.877   4.673   7.353  -8.546  -7.333  -6.776  -1.459  -0.301  -4.234 
