#HLA-C1507

Last position-specific scoring matrix computed       
            A       R       N       D       C       Q       E       G       H       I       L       K       M       F       P       S       T       W       Y       V 
  1 A  -3.833  -0.815  -7.159  -6.205  -6.930  -6.412  -7.043  -7.758  -3.886  -0.909   0.325  -3.688   6.623   4.509  -7.766   0.602  -3.552   2.071   3.535  -2.020 
  2 A   3.703  -6.614  -6.092  -5.755  -6.223  -6.011  -5.730  -5.344  -6.908  -4.993  -5.155  -5.995  -0.631  -7.336   4.588   2.326   4.305  -7.927  -6.989   0.169 
  3 A   1.963  -1.553   0.186  -4.954  -5.851  -4.169  -5.918  -7.071  -0.481   1.007  -0.834  -6.528   3.736   3.020  -3.363  -0.960  -1.457   2.834   4.137  -0.347 
  4 A   1.765  -0.741  -1.439  -0.811  -1.646   0.214   0.559  -1.174  -1.533  -1.707  -1.445  -1.784   0.049  -0.651   3.381   1.412  -0.126   2.259  -1.298  -0.289 
  5 A   1.452  -2.740   0.718  -5.472  -2.732  -3.274  -2.889  -0.275   1.248   0.154  -0.831  -4.577   1.057   1.372   2.558   1.323   1.002   0.389  -0.374   0.055 
  6 A   0.147   0.093  -2.809  -3.073  -3.708  -2.653  -5.302   2.023   0.351  -1.804   0.388  -4.693  -1.371   1.924  -0.514   2.628   1.890   0.571  -0.752  -1.462 
  7 A   0.629  -2.177   0.752  -2.704  -1.624  -2.686  -3.468  -3.060   2.172   0.462   1.720  -6.352   0.167   1.722   1.189   0.685   1.057  -2.801   0.436  -0.834 
  8 A   3.141  -4.666  -3.891  -5.520  -6.497  -2.654  -1.552  -5.621  -3.479  -2.232  -1.467  -5.201  -3.447  -1.842   5.255   1.431   0.917  -3.659  -1.628   1.548 
  9 A  -3.260  -7.359  -8.029  -7.606  -6.458  -6.943  -6.590  -8.327  -7.315   2.889   3.143  -7.308   6.182   1.984  -7.919  -7.044  -6.036  -6.539  -1.808   1.560 
