#HLA-C0712

Last position-specific scoring matrix computed       
            A       R       N       D       C       Q       E       G       H       I       L       K       M       F       P       S       T       W       Y       V 
  1 A  -1.626   1.970  -3.581  -7.010  -4.190  -4.873  -6.302  -5.505  -2.090  -2.824  -1.186  -1.145   4.666   3.238  -7.193   3.528  -3.668   0.690   4.389  -3.624 
  2 A   3.078  -5.126  -4.477  -6.706  -6.539   3.953  -4.368  -3.944  -6.241  -3.118  -1.856  -5.770   4.031   0.220  -0.918   1.668   1.953   3.918  -0.566  -1.137 
  3 A  -2.727   3.494  -2.096  -6.413  -6.065  -2.208  -6.074  -7.745   0.459   0.275   2.458  -0.378   5.056   1.304  -4.468  -3.453  -5.136   2.386   0.830  -2.999 
  4 A   1.040   1.629  -0.930  -1.885  -0.587   2.073  -0.157  -2.309   0.295  -1.312   0.005   0.452  -0.109  -0.699   1.458  -0.396   0.235   1.010  -0.822  -0.809 
  5 A  -1.294   3.083   2.133  -5.685  -4.273  -3.449  -4.343  -2.179   2.930  -1.250   0.048   0.384   1.885  -0.015  -1.159   0.081   0.183   0.582   1.586  -1.158 
  6 A  -2.290   3.024  -0.409  -6.136  -5.440  -2.134  -5.386  -1.749   2.327  -0.578   0.458  -3.629  -3.222   4.679  -1.422   0.343  -1.949   1.486   1.234  -2.896 
  7 A   0.133  -3.137   0.841  -2.473  -0.111  -0.461  -2.750  -5.540   3.451  -0.488  -0.483  -6.026   0.300   3.202  -1.287   0.055  -0.224   2.135   3.267   0.106 
  8 A   2.527  -5.182  -1.221  -6.515  -5.805  -3.028  -1.035  -5.191  -2.108  -3.760  -3.152  -5.751  -2.699   1.093   5.564   1.405   1.712  -5.419   0.573  -0.185 
  9 A  -1.858  -7.642  -8.260  -8.463  -6.316  -7.347  -7.919  -8.429  -7.976   4.551   3.819  -7.497   1.537  -2.994  -7.863  -7.166  -5.944  -7.169  -6.249   2.158 
