#HLA-C0314

Last position-specific scoring matrix computed       
            A       R       N       D       C       Q       E       G       H       I       L       K       M       F       P       S       T       W       Y       V 
  1 A  -3.609  -0.174  -4.915  -7.775  -5.286  -5.817  -7.024  -5.184  -2.592  -0.154   0.136  -2.984   5.607   4.217  -7.757  -0.159  -2.362   2.704   4.625  -1.425 
  2 A   4.798  -6.642  -6.343  -6.742  -6.047  -3.994  -5.785  -4.439  -6.885  -1.827  -3.153  -6.050   2.068  -7.011   2.745   1.884   2.897  -7.720  -6.856  -0.047 
  3 A   0.631  -5.388  -0.105  -3.250  -5.120  -3.000  -6.445  -6.951  -0.663   1.946   0.882  -6.844   3.587   3.105  -2.812  -0.835  -2.092   2.893   2.785   0.613 
  4 A   2.126  -2.009   0.106  -0.294  -0.572  -0.409  -0.191   0.144  -1.534  -2.176  -2.069  -1.905   0.399   0.071   2.878   1.047  -0.577   3.457  -1.809  -0.889 
  5 A   1.245  -4.015   1.485  -4.421  -1.099  -3.809  -3.993   0.476   0.520   0.700   0.210  -5.382   0.642   0.283  -0.141   1.607   0.681  -1.239  -0.151   0.989 
  6 A   0.597  -2.274  -2.266  -2.443  -4.570  -2.859  -4.754   1.690   1.245  -1.180  -0.064  -4.575  -1.377   2.141   0.200   2.799   1.600  -0.408  -0.538  -0.887 
  7 A   0.213  -4.570  -0.824  -3.907  -1.457  -4.643  -4.176  -3.886   2.172   0.887   2.250  -6.453  -0.069   3.732  -1.014  -1.498  -1.664   1.355   2.048  -0.259 
  8 A   3.719  -4.898  -3.883  -5.839  -6.375  -3.239  -0.848  -4.880  -4.693  -1.404  -0.515  -4.713  -2.547  -1.629   4.200   1.310   1.469  -3.000  -2.806   0.874 
  9 A  -6.539  -7.495  -7.936  -8.442  -7.061  -7.324  -7.804  -8.309  -6.358  -0.483   1.931  -7.625   5.505   6.394  -8.343  -7.247  -6.618  -1.502   2.501  -4.211 
