#HLA-C0705

Last position-specific scoring matrix computed       
            A       R       N       D       C       Q       E       G       H       I       L       K       M       F       P       S       T       W       Y       V 
  1 A  -2.576   4.813  -6.401  -7.230  -7.353  -5.400  -6.148  -7.018  -3.717  -1.171  -0.851   0.511   3.558   2.467  -7.349   0.873  -5.003   1.832   3.672  -1.407 
  2 A   3.831  -5.051  -6.638  -6.471  -6.481   2.530  -5.345  -3.091  -6.551  -3.300  -2.180  -5.122   3.578   0.200   3.254  -0.384   0.433   3.336  -1.500   0.115 
  3 A  -2.420   2.071  -2.150  -7.082  -5.330  -3.312  -6.844  -7.324   0.631  -0.192   2.210  -2.632   3.861   2.605  -1.340  -5.007  -3.325   5.251   2.823  -1.071 
  4 A   1.587   0.670  -0.568  -2.074   0.821   1.643  -0.593  -2.199  -0.304  -0.279  -1.258   0.160   0.673  -2.749   2.113   0.817  -0.346   2.769  -0.741  -1.080 
  5 A   0.787   0.910   2.988  -4.707  -0.856  -2.920  -4.201  -0.925   3.065  -0.800  -0.234  -1.416  -0.685   1.169  -0.686   0.539   0.416  -1.204   0.985  -1.645 
  6 A  -1.716   2.758  -2.301  -5.043  -5.374  -2.976  -5.920   0.683   2.278  -2.130  -0.339  -2.484  -3.366   3.514   0.112   1.773  -0.065   1.805   1.002  -1.517 
  7 A   0.250  -1.537  -0.303  -4.007  -1.308  -3.334  -3.526  -4.603   3.593   0.168   0.921  -5.788  -0.585   3.085  -1.758  -0.930  -0.701   1.836   3.583   0.105 
  8 A   2.655  -5.158  -1.898  -6.501  -3.647  -2.617  -0.378  -6.200  -1.744  -2.404  -1.757  -5.159  -2.404  -0.272   5.243   1.846   0.985  -4.407  -0.368   0.540 
  9 A  -6.205  -7.622  -8.100  -8.538  -6.928  -7.586  -7.958  -8.398  -6.913  -0.294   3.263  -7.779   3.789   6.376  -8.372  -7.373  -6.589  -5.416  -1.555  -1.608 
