#HLA-C1205

Last position-specific scoring matrix computed       
            A       R       N       D       C       Q       E       G       H       I       L       K       M       F       P       S       T       W       Y       V 
  1 A  -3.100   0.684  -6.421  -3.454  -3.028  -6.283  -6.379  -7.285  -0.924   2.104   1.466  -1.760   4.862   1.873  -3.406   0.031  -1.622  -1.410   3.020   0.430 
  2 A   3.747  -6.436  -5.762  -4.504  -6.045  -5.794  -2.524  -5.254  -6.797  -3.612  -5.545  -5.895  -1.607  -7.145  -0.582   3.049   5.330  -7.645  -6.863   0.203 
  3 A   2.013  -0.093   0.924  -3.871  -5.853  -3.015  -3.744  -5.568   0.950   0.295  -3.278  -3.469   2.688   2.924  -0.865   1.087   0.158  -1.105   2.861  -0.140 
  4 A   1.573  -1.312  -1.958  -0.532  -2.260  -1.179  -0.299  -2.123  -2.774  -0.430  -2.229  -1.303   0.149   0.099   3.358   1.462   0.861   3.138   0.238  -0.301 
  5 A   0.318  -2.219  -0.523  -4.204  -3.629  -2.751  -3.125  -4.779  -1.139   2.484   1.153  -5.226   1.456   1.570   0.587   0.550  -0.033  -0.930  -1.195   1.773 
  6 A  -0.983   1.121  -1.648  -2.364  -4.159  -2.831  -3.755   0.329   0.449   0.225  -0.421  -3.729  -1.514   2.181   0.958   1.691   1.501   1.044   0.938   0.240 
  7 A   1.013  -1.974  -0.402  -1.374  -2.030  -2.164  -2.311  -1.169   2.360  -0.207   1.225  -5.364   0.418   2.073  -1.068   0.875  -0.987  -0.606   1.832   0.068 
  8 A   0.471  -1.950  -1.342  -4.273  -6.760  -1.335  -0.149  -4.543  -0.016  -0.954   1.771  -2.983  -1.244   0.932   2.609   0.676   0.243  -1.900   1.185   1.367 
  9 A  -7.200  -7.604  -6.388  -4.795  -7.676  -7.566  -4.219  -8.208  -5.415  -5.092  -4.360  -6.297   1.089   7.491  -5.545  -7.228  -7.007  -4.114   5.512  -6.024 
