#HLA-C0406

Last position-specific scoring matrix computed       
            A       R       N       D       C       Q       E       G       H       I       L       K       M       F       P       S       T       W       Y       V 
  1 A  -4.659  -1.935  -6.645  -6.720  -6.091  -6.744  -7.203  -7.891  -4.130  -0.163   0.296  -2.957   4.644   5.434  -7.898   0.044  -3.312   0.770   4.861  -2.357 
  2 A   2.689  -6.425  -5.651  -5.891  -6.216  -4.896  -5.589  -4.214  -6.758  -4.783  -5.440  -5.855  -2.462  -7.357   3.461   3.888   5.221  -7.821  -6.969  -1.549 
  3 A   1.597  -5.365  -2.810  -3.741  -5.869  -2.775  -5.944  -6.128  -1.877   0.341   0.305  -6.691   4.366   2.822   3.079  -1.593  -1.915   3.834   2.838  -1.212 
  4 A   1.324  -1.095  -1.468  -1.315  -1.133  -0.678   0.035  -2.371  -1.737  -0.025  -0.554  -1.902  -0.694  -1.241   3.823   1.209   0.551   3.328  -2.157  -0.565 
  5 A   0.498  -3.792   2.001  -5.148  -1.626  -4.067  -2.670  -1.945   0.612   1.120  -0.257  -3.569   2.193   1.426   1.487   0.764   1.067   1.302   0.208   0.223 
  6 A  -0.177  -0.553  -2.957  -5.456  -2.755  -1.772  -6.170  -0.520   0.980  -0.692   1.631  -4.236  -1.410   3.541   0.238   1.604   1.085   0.264   0.761  -1.609 
  7 A   0.222  -6.012  -0.423  -0.480  -2.286  -2.753  -3.482  -4.751   2.532   0.118   0.430  -6.662  -0.737   3.781   1.889  -0.689  -0.457   1.087   2.446  -0.147 
  8 A   0.885  -3.822  -1.084  -5.953  -4.528  -2.178  -1.848  -5.467  -2.566  -0.704   1.163  -4.831  -1.453   0.583   4.046   1.227   1.624  -2.843   1.372   0.905 
  9 A  -5.714  -7.656  -8.295  -7.725  -6.327  -7.375  -7.308  -8.633  -8.022   4.290   3.894  -7.552   1.541  -2.426  -7.941  -7.325  -5.943  -7.147  -6.200   2.864 
