#HLA-C0714

Last position-specific scoring matrix computed       
            A       R       N       D       C       Q       E       G       H       I       L       K       M       F       P       S       T       W       Y       V 
  1 A  -2.329   2.980  -5.703  -7.400  -7.172  -5.901  -6.508  -5.274  -2.815  -0.353  -0.604  -0.356   3.678   3.448  -7.470   1.255  -3.355   2.766   4.377  -0.894 
  2 A   4.132  -6.297  -5.969  -6.717  -6.443   3.262  -2.357  -3.478  -6.401  -3.634  -2.633  -5.240   3.307  -0.314   2.312   0.493   0.528   2.773  -1.524  -0.636 
  3 A  -1.531   0.833  -1.512  -5.728  -5.263  -2.539  -6.855  -6.849   0.929   0.607   2.074  -2.921   4.111   2.775  -0.840  -4.119  -3.000   3.729   2.877  -0.707 
  4 A   1.386   0.012  -0.490  -1.210   0.818   1.517   0.334  -1.708  -0.092  -0.733  -1.948  -0.336   0.413  -1.710   2.392   1.009  -0.186   3.132  -1.170  -1.107 
  5 A   0.848  -0.016   2.804  -3.696  -1.475  -2.945  -4.215  -0.115   2.851  -1.091  -0.256  -1.988   0.525   1.019  -1.354   1.069   0.666  -1.207   0.864  -1.195 
  6 A  -1.324   1.747  -1.547  -4.798  -5.358  -3.745  -6.427   0.711   2.954  -1.891  -0.353  -3.725  -2.089   3.899  -0.629   1.577   0.123   1.922   1.539  -1.742 
  7 A   0.278  -2.413  -0.119  -3.472  -0.999  -3.349  -3.227  -3.970   3.675   0.290   0.729  -5.837  -0.593   3.610  -1.097  -1.244  -0.585   1.106   3.250  -0.521 
  8 A   2.901  -5.177  -1.905  -5.759  -4.471  -3.723  -0.664  -6.501  -2.144  -2.270  -1.514  -4.942  -3.146  -0.329   4.968   1.611   1.315  -4.408  -0.653   1.019 
  9 A  -7.008  -7.699  -8.074  -8.541  -7.097  -7.755  -8.003  -8.373  -6.745  -1.438   2.724  -7.899   3.255   7.018  -8.502  -7.416  -6.744  -4.123  -1.110  -3.498 
