#HLA-C0410

Last position-specific scoring matrix computed       
            A       R       N       D       C       Q       E       G       H       I       L       K       M       F       P       S       T       W       Y       V 
  1 A  -4.195   0.360  -5.402  -7.515  -6.114  -6.295  -6.782  -7.565  -1.490  -0.944  -0.171  -2.289   3.995   4.421  -7.587   2.114  -4.072   0.609   5.561  -3.181 
  2 A   1.879  -6.506  -5.822  -6.382  -6.492  -3.194  -5.989  -4.475  -6.615  -5.976  -6.130  -5.919  -1.528  -3.019   5.009   3.649   4.599   2.250  -1.235  -3.856 
  3 A  -0.076   1.290  -1.343  -1.826  -6.047   0.173  -4.727  -5.896   0.476  -0.117   0.622  -3.276   4.018   2.213   2.314  -0.641  -2.432   2.303   2.373  -2.130 
  4 A   0.855   0.540  -1.760  -2.792   0.212   0.926  -2.007  -3.131   0.358   0.407   0.182   0.179   0.380  -0.687   2.418   1.199   0.206   1.405  -1.672  -0.751 
  5 A  -0.078   0.799   2.574  -5.632  -2.784  -3.607  -3.091  -2.154   1.997   0.317  -0.352  -1.030   2.136   0.611   0.313   0.528   1.163   1.299   0.199  -0.585 
  6 A  -1.770   2.905  -1.479  -6.525  -4.282  -2.111  -5.975  -1.544   2.194  -1.613   0.629  -2.815  -3.256   4.121   0.230   1.161  -0.456   0.798   1.893  -3.809 
  7 A  -0.032  -4.824   1.908  -0.010  -1.016  -0.903  -3.046  -3.851   4.092  -1.669  -0.137  -6.317  -0.931   2.785  -0.381   0.780  -0.935   1.923   2.907  -1.165 
  8 A   0.867  -4.880  -1.405  -6.707  -4.070  -1.997  -1.342  -6.898  -0.433  -1.881   0.807  -4.791  -0.512   0.674   3.928   1.936   1.792  -3.409   1.875   0.597 
  9 A  -6.185  -7.674  -8.332  -8.556  -6.448  -7.438  -8.057  -8.678  -7.854   4.669   4.143  -7.599   2.306   0.735  -8.036  -7.448  -6.119  -6.879  -5.813  -0.094 
