#HLA-C0729

Last position-specific scoring matrix computed       
            A       R       N       D       C       Q       E       G       H       I       L       K       M       F       P       S       T       W       Y       V 
  1 A  -2.157   1.348  -4.709  -7.394  -5.284  -5.116  -6.220  -5.242  -2.823  -0.875   0.203  -1.714   4.070   3.724  -6.685   2.019  -2.080   2.443   4.534  -1.613 
  2 A   4.460  -6.564  -6.118  -6.990  -6.327   1.386  -5.441  -3.125  -5.056  -3.561  -2.374  -5.775   3.979   1.372   1.172   0.491   0.314   2.933  -0.651  -1.016 
  3 A  -1.946   0.647  -3.122  -5.344  -7.064  -1.632  -6.258  -6.453   0.675   0.634   2.065  -2.163   3.612   1.713   3.933  -4.470  -3.442   4.026   0.659  -1.377 
  4 A   1.662  -0.731  -1.381  -2.003   0.304   0.923  -0.296  -1.786  -0.546  -0.880  -1.055  -0.627   0.346   0.098   2.748   0.567  -0.710   3.521  -0.588  -0.306 
  5 A   0.476  -0.324   3.400  -5.144  -2.270  -4.488  -3.663  -1.277   2.741  -0.673  -0.539  -2.349   1.435  -0.322  -1.245   1.715   0.758   0.212   0.906  -0.339 
  6 A  -1.488   1.215  -1.050  -4.868  -3.846  -4.405  -5.759  -1.429   3.988  -0.755  -0.016  -4.779  -2.235   4.574  -1.646   0.778  -1.041   1.941   2.054  -1.759 
  7 A   0.807  -3.706  -1.203  -4.073  -1.151  -2.415  -4.507  -5.410   2.925  -0.093  -0.056  -5.640  -0.262   4.182  -0.111  -1.856  -1.589   2.912   3.715   0.128 
  8 A   2.961  -5.166  -2.246  -6.578  -5.709  -3.234  -0.783  -6.163  -1.392  -2.082  -1.473  -4.944  -2.867   0.750   4.729   1.849   1.218  -3.518   0.509   0.125 
  9 A  -6.586  -7.424  -8.330  -7.841  -6.489  -7.276  -7.942  -8.638  -7.663   0.833   5.447  -7.544   2.963   1.686  -8.090  -7.472  -6.311  -6.627  -5.566  -1.289 
