#HLA-C0710

Last position-specific scoring matrix computed       
            A       R       N       D       C       Q       E       G       H       I       L       K       M       F       P       S       T       W       Y       V 
  1 A  -2.649   1.016  -4.798  -7.555  -5.279  -6.283  -6.805  -6.731  -3.756  -0.066   0.246  -1.829   3.925   3.890  -7.572   1.411  -2.311   2.534   4.682  -0.504 
  2 A   4.613  -6.624  -6.562  -6.861  -6.236   0.167  -4.634  -4.207  -6.704  -2.620  -2.900  -6.070   2.828  -0.652   3.240   1.301   0.545   1.138  -2.729  -0.038 
  3 A  -1.639  -1.098  -1.528  -4.845  -5.237  -2.977  -6.965  -6.849   0.451   0.974   2.026  -4.590   4.087   2.751   1.806  -3.479  -3.131   3.669   2.660  -0.484 
  4 A   1.148  -0.668  -0.784  -1.380   0.900   0.821   0.051  -1.032  -1.359  -0.657  -1.259  -0.960   0.509  -1.668   2.175   1.349  -0.031   3.804  -0.252  -0.547 
  5 A   0.969  -0.630   2.644  -4.768  -1.297  -3.952  -3.891  -0.976   2.696  -0.485  -0.020  -2.392   0.456   1.676  -1.153   1.150   0.465   0.228   0.702  -0.872 
  6 A  -1.167   0.223  -2.489  -5.132  -4.698  -2.529  -6.149   0.414   2.446  -1.254   0.537  -4.404  -1.647   4.081  -0.634   1.621   0.172   2.125   1.354  -1.232 
  7 A  -0.056  -3.232  -1.033  -3.233  -0.583  -4.250  -4.324  -4.162   3.093   0.619   1.133  -6.365  -0.449   4.010  -1.111  -1.417  -1.195   2.242   3.310  -0.754 
  8 A   2.983  -4.902  -1.921  -5.827  -5.005  -2.300  -0.915  -5.927  -2.361  -1.239  -0.603  -4.971  -1.909   0.241   4.481   1.290   1.117  -2.426  -0.732   0.734 
  9 A  -6.976  -7.629  -8.007  -8.493  -7.106  -7.602  -7.928  -8.326  -6.626  -1.770   2.128  -7.811   4.642   6.995  -8.470  -7.338  -6.711  -4.093  -0.217  -3.517 
