#HLA-C1503

Last position-specific scoring matrix computed       
            A       R       N       D       C       Q       E       G       H       I       L       K       M       F       P       S       T       W       Y       V 
  1 A  -2.834  -0.800  -6.009  -4.875  -5.869  -6.302  -6.938  -7.711  -2.718   0.451   1.206  -2.326   6.545   3.400  -6.812   0.574  -3.052   0.501   3.049  -1.626 
  2 A   2.233  -6.462  -5.704  -5.257  -6.284  -5.866  -4.550  -5.679  -6.834  -5.933  -6.708  -5.882  -3.276  -7.429   4.255   2.982   5.731  -7.878  -7.006  -1.438 
  3 A   2.099  -3.364  -0.206  -3.855  -6.797  -4.510  -5.248  -7.000  -0.853   0.326  -0.922  -6.601   3.786   3.258  -0.803  -0.258  -1.621   3.258   4.121  -0.881 
  4 A   1.597  -1.718  -1.531  -0.297  -0.440  -0.486   0.144  -2.592  -1.727  -0.748  -1.310  -1.504  -0.592  -0.795   3.484   1.879   0.439   2.685  -2.520  -0.345 
  5 A   1.271  -3.025  -0.231  -5.615  -3.331  -2.696  -2.562  -2.168   0.974   1.117  -0.550  -4.064   1.277   2.541   2.322   0.726   0.923   1.037  -0.404   0.160 
  6 A  -0.220   0.269  -2.188  -3.402  -3.372  -3.798  -4.842   1.387   0.530  -0.856   0.342  -5.240  -1.509   2.925  -0.872   2.263   1.442   1.448   0.600  -1.437 
  7 A   0.417  -4.244   0.119  -1.623  -2.507  -3.583  -3.183  -3.532   2.876   0.156   1.245  -6.141  -0.359   2.904   1.637   0.220   0.033  -0.354   1.814  -0.600 
  8 A   1.080  -4.023  -2.425  -5.612  -5.805  -2.689  -1.590  -4.642  -2.142  -1.866   1.165  -4.600  -2.454   0.330   4.951   1.138   0.894  -3.502   0.879   0.910 
  9 A  -4.743  -7.468  -8.025  -6.979  -6.508  -7.053  -5.193  -8.396  -7.300   3.639   2.312  -7.379   5.715   2.791  -7.966  -7.108  -6.034  -3.304  -1.215   1.978 
