#HLA-C1604

Last position-specific scoring matrix computed       
            A       R       N       D       C       Q       E       G       H       I       L       K       M       F       P       S       T       W       Y       V 
  1 A  -3.805  -1.410  -6.121  -5.502  -2.241  -5.451  -6.650  -6.262  -2.289   1.817   1.836  -3.901   4.792   3.419  -6.871  -0.074  -1.643  -0.278   3.286   0.187 
  2 A   4.711  -6.524  -6.011  -6.092  -5.998  -5.894  -4.578  -4.064  -6.798  -2.994  -5.205  -5.940   0.321  -5.664   1.161   2.808   4.140  -7.674  -6.847  -0.816 
  3 A   2.001  -3.009   1.260  -4.994  -4.520  -3.296  -5.384  -4.733   0.288   0.730  -1.819  -4.229   3.289   2.013   1.367   0.900   0.024  -0.152   1.865   0.770 
  4 A   1.610  -1.236  -1.466  -1.107  -2.039  -0.591  -0.467  -1.082  -4.509  -0.462  -1.856  -1.110   0.336  -0.011   3.228   0.912   0.628   3.521  -0.327  -0.010 
  5 A   0.229  -3.695   0.680  -5.094  -2.432  -4.187  -2.991  -5.140  -0.718   2.308   1.313  -4.763   1.074   1.309  -0.233   1.049  -0.075  -1.219  -0.372   1.786 
  6 A  -0.799   1.056  -1.953  -2.362  -4.654  -1.709  -4.288   0.169   1.671   0.114  -0.737  -3.884  -1.695   2.562   0.860   1.899   1.095   0.901   0.527   0.169 
  7 A   1.209  -1.616   0.176  -1.451  -1.138  -2.500  -1.929  -2.183   2.656  -0.106   0.141  -5.676  -0.750   3.080  -1.076  -0.161  -1.376   0.090   2.494   0.373 
  8 A   1.777  -3.135  -1.082  -4.665  -6.656  -1.976   0.308  -4.614  -1.391  -1.198   1.297  -4.156  -1.442   0.247   2.997   0.668   0.748  -1.927   0.946   1.278 
  9 A  -7.286  -7.829  -7.872  -7.041  -7.590  -8.004  -5.928  -8.251  -5.983  -4.539  -2.509  -7.431   0.754   7.991  -8.698  -7.379  -7.058  -3.550   3.246  -5.892 
