#HLA-C0313

Last position-specific scoring matrix computed       
            A       R       N       D       C       Q       E       G       H       I       L       K       M       F       P       S       T       W       Y       V 
  1 A  -3.230   0.203  -7.337  -7.980  -7.120  -6.617  -7.185  -6.609  -4.626  -0.271   0.189  -3.273   5.166   5.188  -7.919  -1.363  -4.457   2.001   4.545  -1.667 
  2 A   4.061  -6.686  -6.290  -6.603  -6.362  -4.675  -6.088  -3.647  -6.876  -4.535  -4.143  -5.987  -0.313  -7.534   5.786   2.171   2.568  -8.128  -7.103  -2.253 
  3 A   2.100  -0.869  -0.205  -5.532  -6.754  -3.085  -6.644  -6.014   0.649   0.410  -0.824  -6.367   4.880   1.923  -0.024  -1.479  -1.984   2.663   3.629  -0.243 
  4 A   1.747  -0.737  -2.207  -2.178  -1.828   0.707   0.097  -3.185  -1.232  -1.358  -0.535  -1.479  -0.235  -2.259   4.033   1.486  -0.279   2.433  -2.190   0.081 
  5 A   1.417  -2.439   2.627  -5.185  -1.448  -3.173  -2.362  -0.174   1.680  -1.087  -1.058  -3.903   1.542  -0.686   1.657   1.822   1.431  -0.443  -0.249  -0.623 
  6 A   0.563   0.242  -2.146  -3.064  -3.696  -1.838  -5.243   1.567   0.602  -1.472   0.727  -3.428  -1.516   1.298  -0.429   2.433   2.112  -0.197  -1.109  -1.739 
  7 A   0.819  -1.946   1.560  -0.969  -2.030  -1.006  -3.076  -3.963   2.180   0.369   0.737  -5.818  -0.623   1.068   1.150   0.996   1.294  -0.923   0.552  -0.440 
  8 A   3.154  -4.187  -2.800  -6.593  -4.962  -3.010  -0.661  -6.154  -2.382  -1.582  -2.018  -5.161  -2.858  -3.647   4.907   1.436   1.351  -7.657  -1.254   1.746 
  9 A  -5.366  -7.507  -8.279  -8.571  -6.413  -7.267  -7.922  -8.584  -7.763   2.945   4.597  -7.514   3.463   0.780  -8.005  -7.342  -6.111  -6.820  -5.779   1.473 
