#HLA-C0413

Last position-specific scoring matrix computed       
            A       R       N       D       C       Q       E       G       H       I       L       K       M       F       P       S       T       W       Y       V 
  1 A  -4.405  -0.681  -5.914  -7.668  -5.368  -5.858  -6.926  -6.822  -1.835  -0.637  -0.364  -2.155   3.394   4.686  -7.694   1.292  -2.838   1.706   5.777  -1.805 
  2 A   2.030  -6.644  -5.105  -6.873  -6.773   0.287  -6.245  -3.051  -3.899  -4.790  -3.815  -6.245   0.809   2.738   2.801   2.366   2.763   4.972   3.119  -3.584 
  3 A  -0.794  -4.805  -1.718  -3.583  -4.148  -1.833  -6.887  -6.381  -1.095   1.233   2.002  -5.110   3.351   2.819   3.276  -1.821  -1.934   2.954   1.852  -1.267 
  4 A   0.565  -0.169  -0.178  -0.460  -0.223  -0.316  -0.189  -1.248  -0.927  -0.018  -1.610  -1.212  -0.599  -0.849   3.292   1.346   0.157   3.517  -1.043  -1.046 
  5 A  -0.262  -1.598   2.107  -5.537  -0.693  -3.294  -3.672  -1.705   0.287   1.326   0.698  -3.151   2.017   0.790  -1.736   0.272   0.697   2.715   1.725   0.268 
  6 A  -2.451  -0.083  -2.476  -6.424  -4.242  -3.976  -6.915  -3.087   1.628   0.052   1.217  -4.176  -3.387   5.076   0.271   0.241  -1.275   1.746   2.872  -1.731 
  7 A  -0.795  -6.097  -0.957  -1.779  -2.352  -3.222  -3.421  -6.048   3.147  -1.131  -1.094  -6.953  -1.663   5.128  -0.672  -2.697  -4.288   4.125   4.729  -0.760 
  8 A   0.260  -3.784  -0.695  -5.924  -4.592  -1.023  -1.003  -6.059  -0.900  -1.352   1.281  -4.026  -1.285   1.917   3.064   0.981   1.558  -3.975   2.925   0.157 
  9 A  -5.677  -7.627  -8.295  -8.578  -6.509  -7.454  -8.009  -8.603  -7.675   3.516   4.312  -7.629   1.921   2.838  -8.087  -7.416  -6.199  -4.073  -4.434   0.736 
