#HLA-C1512

Last position-specific scoring matrix computed       
            A       R       N       D       C       Q       E       G       H       I       L       K       M       F       P       S       T       W       Y       V 
  1 A  -4.100  -1.902  -6.095  -5.493  -5.896  -6.405  -6.573  -7.833  -2.963   0.196   1.047  -2.901   6.790   3.941  -7.744   0.015  -3.084   0.348   3.350  -1.944 
  2 A   2.327  -6.464  -5.704  -5.274  -6.240  -5.878  -5.331  -5.934  -6.849  -5.803  -6.623  -5.899  -3.251  -7.368   3.858   3.043   5.745  -7.839  -6.978  -0.645 
  3 A   2.653  -4.748  -0.140  -3.193  -5.791  -4.507  -5.510  -6.847  -0.863   0.545  -1.689  -6.601   3.592   3.233  -1.729  -0.053  -1.357   2.674   3.880  -0.565 
  4 A   1.517  -1.811  -1.524   0.005  -1.133  -0.238   0.190  -1.637  -2.102  -1.006  -1.318  -1.731  -0.597  -0.452   3.359   1.786   0.477   2.918  -1.988  -0.554 
  5 A   1.184  -3.668  -0.297  -5.992  -2.469  -2.911  -2.938  -1.815   0.513   1.357  -0.742  -4.470   0.793   2.448   2.581   0.857   0.889   1.431  -0.506   0.382 
  6 A   0.164  -0.435  -2.309  -3.557  -3.032  -3.305  -5.103   1.497   0.265  -1.212   0.644  -5.276  -0.644   2.630  -0.867   2.288   1.782   0.902   0.165  -1.486 
  7 A   0.562  -4.250   0.166  -2.182  -2.758  -3.127  -3.497  -3.192   2.607   0.065   1.650  -6.543  -0.342   2.719   1.520   0.137   0.034  -0.600   1.632  -0.507 
  8 A   1.709  -4.010  -2.294  -5.599  -5.746  -2.330  -1.428  -4.428  -2.366  -1.584   1.153  -4.383  -2.012   0.174   4.478   1.203   0.863  -2.396   0.224   1.041 
  9 A  -4.557  -7.435  -8.016  -7.581  -6.492  -7.005  -5.809  -8.379  -7.243   3.503   2.233  -7.350   5.974   2.487  -7.947  -7.078  -6.013  -3.300  -0.487   2.126 
