#HLA-C0707

Last position-specific scoring matrix computed       
            A       R       N       D       C       Q       E       G       H       I       L       K       M       F       P       S       T       W       Y       V 
  1 A  -2.715   2.909  -5.011  -7.403  -4.669  -4.944  -6.532  -6.717  -2.008   0.753   1.054  -0.456   3.904   2.136  -5.540   1.021  -1.702   1.229   3.315  -0.208 
  2 A   4.559  -6.577  -5.341  -5.782  -6.133  -3.205  -5.085  -3.965  -6.746  -4.824  -5.543  -5.981   1.217  -2.336   3.112   2.839   2.792  -0.739  -4.894  -0.314 
  3 A  -0.549   0.918  -0.204  -5.266  -6.033  -2.867  -6.653  -6.013   1.402  -0.381   1.691  -1.894   3.435   2.686  -0.917  -1.970  -2.470   3.730   3.181  -0.945 
  4 A   1.468  -0.159  -0.716  -1.307  -0.099   0.000   0.001  -2.204  -1.525   0.076  -1.164  -0.671   0.433  -0.975   2.176   1.323   0.069   3.520  -0.424  -0.826 
  5 A   1.016  -0.136   1.552  -4.661  -2.037  -2.129  -3.926  -0.945   1.678  -0.014   0.249  -2.303   0.638   2.082  -1.263   0.894   0.242   1.045   0.771  -0.263 
  6 A  -1.016   0.879  -1.972  -4.345  -4.734  -3.282  -5.374   0.540   2.695  -1.874  -0.318  -3.213  -2.518   3.972  -0.714   1.676   0.172   2.492   1.894  -1.435 
  7 A   0.297  -2.423  -1.108  -3.877  -2.068  -3.628  -4.091  -4.470   3.702  -0.010   1.484  -5.312  -0.118   3.828  -1.313  -2.225  -1.278   1.844   3.408  -1.100 
  8 A   1.491  -4.432  -1.718  -4.976  -5.086  -2.863  -1.003  -5.924  -0.950  -1.019   0.571  -4.604  -2.697   1.321   3.996   1.146   1.391  -2.830   1.286   1.042 
  9 A  -7.172  -7.784  -7.926  -7.679  -7.412  -7.887  -7.307  -7.712  -6.194  -1.856  -0.426  -7.989   2.730   7.671  -8.623  -7.369  -6.925  -2.085   2.479  -4.757 
