#HLA-C1505

Last position-specific scoring matrix computed       
            A       R       N       D       C       Q       E       G       H       I       L       K       M       F       P       S       T       W       Y       V 
  1 A  -3.380  -2.212  -6.550  -2.787  -5.953  -6.475  -6.518  -7.800  -2.667  -0.272   0.969  -3.162   6.310   4.273  -5.259  -0.163  -3.255   0.859   3.816  -1.995 
  2 A   2.294  -6.462  -5.708  -3.367  -6.333  -5.854  -3.741  -5.668  -6.811  -6.019  -6.806  -5.275  -5.522  -7.497   4.548   3.069   5.455  -7.938  -7.041  -1.514 
  3 A   2.951  -4.257  -0.514  -2.106  -6.666  -4.806  -3.343  -6.104  -1.166   0.287  -1.481  -5.769   3.963   2.493  -0.011  -0.416  -1.596   2.965   3.296  -0.570 
  4 A   1.800  -1.302  -1.434   0.007  -1.469   0.068   0.239  -1.963  -1.896  -1.359  -1.376  -1.638  -0.862  -0.725   3.808   1.387   0.164   2.765  -1.560  -1.015 
  5 A   1.722  -4.650   0.711  -4.642  -2.725  -3.275  -1.586  -1.355   0.761   0.999  -1.204  -4.213   1.131   1.636   2.356   1.002   0.966   0.727  -0.275   0.048 
  6 A   0.436  -0.604  -2.188  -3.383  -2.485  -3.065  -3.460   1.301   0.080  -1.107   0.560  -3.983  -0.906   2.516  -0.520   1.980   2.033   0.747   0.081  -1.599 
  7 A   0.424  -4.437   0.283  -1.289  -2.503  -3.315  -2.533  -3.070   2.481   0.078   1.288  -4.689  -0.152   2.528   2.379   0.310   0.487  -1.185   0.598  -0.823 
  8 A   1.655  -4.201  -2.031  -3.691  -5.070  -2.161  -1.569  -4.247  -2.595  -1.143   0.538  -4.171  -2.053  -0.109   4.591   1.350   1.304  -2.921   0.139   0.989 
  9 A  -4.881  -7.490  -7.245  -4.342  -6.400  -7.060  -4.232  -7.867  -7.670   4.125   3.266  -7.354   4.783  -0.897  -6.999  -7.145  -5.954  -6.989  -4.203   2.218 
