#HLA-C0213

Last position-specific scoring matrix computed       
            A       R       N       D       C       Q       E       G       H       I       L       K       M       F       P       S       T       W       Y       V 
  1 A  -2.999  -2.708  -5.304  -7.876  -2.546  -6.704  -5.866  -6.557  -3.316  -0.586   0.182  -5.211   4.500   4.782  -7.816  -0.504  -1.286   1.703   5.590  -1.624 
  2 A   3.414  -6.447  -5.732  -6.398  -6.060  -5.862  -6.020  -5.297  -6.840  -3.171  -5.927  -5.918  -1.286  -6.571   0.877   2.990   5.712  -7.653  -6.864  -0.472 
  3 A   3.569  -6.301   0.116  -4.513  -4.918  -4.411  -5.654  -5.560  -0.798   0.910  -4.071  -5.660   2.610   1.773   0.452   1.558   0.536  -1.508   1.498   0.623 
  4 A   1.735  -1.798  -0.606   0.334  -2.043   0.073   0.329  -0.139  -3.335  -1.367  -2.415  -1.564  -1.013  -0.530   2.538   2.061   0.222   2.990  -2.165  -0.533 
  5 A  -0.181  -4.793   1.125  -5.111  -2.201  -2.417  -3.294  -2.561  -2.191   2.699   1.193  -6.268   1.576   1.267   0.105  -0.095  -0.240  -1.567  -1.900   2.009 
  6 A   0.681  -1.534  -1.889  -2.391  -5.770  -2.348  -5.391   0.206  -0.458   0.495   0.876  -4.838   1.162   1.222   0.602   1.312   1.937  -0.406   0.472   0.223 
  7 A   1.510  -4.946   0.141   0.458  -2.267  -3.527  -0.982  -0.667   1.735  -0.821   0.908  -5.726  -1.166   2.918  -1.719   0.283  -0.674  -0.592   1.927  -1.047 
  8 A   0.629  -2.865  -2.213  -6.421  -5.819  -1.124   0.414  -3.699  -1.558  -1.186   2.593  -3.277  -0.405   1.178   2.033  -0.040  -0.544  -0.633   1.344   0.895 
  9 A  -6.307  -6.346  -7.693  -8.349  -7.445  -7.190  -7.597  -8.252  -3.834  -1.007  -1.222  -6.139   4.000   6.269  -8.282  -7.156  -6.784   0.879   6.284  -4.416 
