#HLA-C0304

Last position-specific scoring matrix computed       
            A       R       N       D       C       Q       E       G       H       I       L       K       M       F       P       S       T       W       Y       V 
  1 A  -3.337  -0.142  -7.421  -8.036  -6.045  -6.669  -7.258  -7.455  -4.705   0.393   0.482  -3.897   5.451   5.094  -7.947  -1.665  -4.949   1.889   4.231  -1.622 
  2 A   3.478  -6.796  -6.444  -6.634  -6.595  -6.185  -6.137  -4.634  -6.953  -5.798  -5.336  -6.019  -2.142  -7.836   6.932   1.380   2.075  -8.446  -7.253  -2.577 
  3 A   2.399  -2.647   0.138  -4.229  -6.670  -3.323  -6.210  -5.954   0.224   0.575  -0.789  -6.479   4.693   1.691  -1.731  -1.121  -1.437   2.581   3.693   0.214 
  4 A   1.888  -0.876  -2.220  -1.810  -1.635   0.584   0.090  -2.611  -1.390  -1.227  -0.405  -1.800  -0.336  -1.160   3.658   1.005  -0.181   2.766  -1.840   0.218 
  5 A   1.413  -2.459   2.045  -3.720  -0.966  -2.430  -2.171  -0.463   1.323  -0.354  -0.919  -4.298   1.665   0.110   1.332   1.621   1.078   0.554  -0.230  -0.169 
  6 A   0.708  -0.588  -2.013  -2.543  -3.332  -1.704  -4.949   1.974   0.434  -2.175   0.592  -3.745  -1.540   0.249   0.206   2.402   2.468   0.195  -1.401  -1.517 
  7 A   0.459  -2.165   0.930  -0.994  -1.631  -1.597  -2.858  -3.880   2.265   0.265   1.480  -6.286   0.248   1.398   0.808   0.583   1.125   0.025   0.145  -0.346 
  8 A   3.296  -4.400  -2.805  -6.589  -4.947  -2.803  -0.280  -5.370  -3.157  -1.112  -1.359  -5.166  -1.566  -3.108   4.526   0.983   1.775  -4.480  -1.934   1.399 
  9 A  -4.263  -7.473  -8.223  -8.523  -6.399  -7.189  -7.860  -8.506  -7.697   2.878   4.316  -7.460   4.235   0.734  -7.965  -7.247  -6.066  -6.811  -4.795   1.853 
