#HLA-C1405

Last position-specific scoring matrix computed       
            A       R       N       D       C       Q       E       G       H       I       L       K       M       F       P       S       T       W       Y       V 
  1 A  -1.459   3.749  -5.260  -6.744  -2.794  -5.174  -6.328  -5.041  -1.178   0.793   1.325   0.562   3.463   1.076  -7.308   0.904  -3.814  -0.601   2.167  -0.570 
  2 A   3.035  -6.879  -5.700  -6.401  -6.562  -3.576  -6.327  -3.701  -6.958  -2.947  -3.166  -6.215   1.081  -1.880   6.157   0.877   1.213   0.139  -3.294   0.811 
  3 A  -1.888   5.436  -0.510  -5.665  -6.397  -1.889  -4.745  -4.825   1.300  -1.344  -1.145  -0.161   1.608   1.521  -0.894  -3.731  -3.121   2.006   1.822  -0.900 
  4 A   1.048   0.395  -0.490  -1.888  -1.477   2.067  -1.362  -3.317   0.715  -0.559  -0.709   0.432   0.686  -1.285   1.695   1.065   0.426   1.875   0.642  -0.888 
  5 A   0.850   1.880   1.151  -4.354  -1.847  -1.743  -3.780  -1.471   2.694  -1.370  -0.017  -0.639   0.088   0.360   0.137   1.039   1.503   0.011  -0.205  -1.243 
  6 A  -0.973   2.877  -1.783  -2.433  -3.430  -1.753  -4.584   1.063   1.992  -1.997  -0.396  -1.631  -2.580   1.292   0.195   1.955   1.258  -0.660  -0.118  -0.988 
  7 A   0.485   0.285   0.074  -3.554  -1.643  -1.976  -2.412  -2.350   2.769  -0.176   1.474  -4.112  -0.472   0.830  -0.301   0.462   0.184   1.190   2.063  -0.142 
  8 A   2.103  -3.600  -1.691  -5.141  -3.287  -2.801  -0.334  -5.776  -0.347  -0.887  -0.440  -3.942  -1.533  -0.909   4.258   1.740   0.949  -4.378  -0.454   1.457 
  9 A  -7.197  -7.792  -7.943  -8.465  -7.407  -7.923  -7.330  -8.262  -5.573  -4.021  -0.442  -8.025   3.441   7.847  -8.670  -7.374  -6.945  -3.770   0.761  -5.413 
