#HLA-C0603

Last position-specific scoring matrix computed       
            A       R       N       D       C       Q       E       G       H       I       L       K       M       F       P       S       T       W       Y       V 
  1 A  -2.537   1.123  -6.414  -7.005  -3.334  -6.207  -6.360  -7.237  -1.372   2.142   1.507  -0.746   4.471   1.778  -6.700   0.545  -2.069  -2.651   2.723   0.867 
  2 A   4.191  -6.511  -5.912  -6.484  -6.025  -5.909  -5.680  -4.989  -6.849  -3.769  -5.949  -5.945  -1.798  -6.603   1.619   2.858   4.878  -7.710  -6.880   0.167 
  3 A   1.026   1.534   0.962  -6.859  -6.959  -3.428  -5.965  -5.712   1.810   0.019  -3.035  -2.350   3.121   2.930  -0.085   0.240  -0.103  -0.806   3.172  -0.015 
  4 A   1.554  -0.803  -1.547  -1.100  -1.830  -0.162  -0.621  -2.981  -2.291  -0.257  -2.111  -0.851  -0.037  -0.177   3.207   1.539   0.715   2.696   0.305  -0.041 
  5 A   0.817  -1.540   0.858  -6.060  -2.984  -3.120  -4.694  -5.083  -0.032   1.953   1.184  -4.667   1.673   1.505   0.804   0.807   0.114  -1.213  -0.188   0.843 
  6 A  -1.288   1.720  -2.856  -2.487  -4.677  -2.630  -5.286   0.740   1.502  -0.193  -0.557  -3.845  -1.705   2.130   1.144   1.589   1.315   1.317   1.216  -0.008 
  7 A   1.010  -0.993   0.020  -1.790  -1.637  -1.871  -3.599  -1.569   2.950   0.054   1.033  -5.936  -0.598   2.101  -1.492   0.674  -1.060  -0.363   1.921   0.293 
  8 A   0.387  -2.048  -0.996  -5.862  -6.770  -1.446  -0.002  -6.067   0.763  -0.921   1.442  -3.647  -2.377   0.404   3.179   0.881   0.627  -1.219   1.179   1.487 
  9 A  -7.295  -7.839  -7.884  -8.450  -7.604  -8.031  -7.319  -8.247  -5.950  -4.560  -4.180  -7.448   1.363   8.039  -8.716  -7.379  -7.067  -4.305   3.352  -5.913 
