#HLA-C0306

Last position-specific scoring matrix computed       
            A       R       N       D       C       Q       E       G       H       I       L       K       M       F       P       S       T       W       Y       V 
  1 A  -4.100  -2.375  -6.202  -8.008  -5.376  -6.919  -7.337  -7.409  -3.115  -1.730  -1.010  -4.381   4.905   6.207  -8.049  -0.692  -4.276   0.939   4.507  -2.124 
  2 A   3.663  -6.512  -5.873  -6.393  -6.207  -5.903  -5.970  -4.149  -6.772  -3.703  -4.704  -5.582  -2.041  -7.382   4.145   3.824   3.899  -7.908  -6.995  -1.497 
  3 A   2.260  -5.026  -0.271  -2.139  -6.687  -3.376  -5.871  -6.639  -1.813   1.147  -0.341  -6.646   4.411   2.647  -2.136  -0.836  -2.283   1.727   3.829  -0.363 
  4 A   1.807  -0.794  -1.171  -1.855  -1.641   0.287   0.635  -1.063  -1.536  -2.213  -1.064  -1.262  -0.600  -1.938   3.464   1.790  -0.221   2.254  -2.032  -0.146 
  5 A   0.306  -4.703   3.913  -1.934  -2.526  -1.915  -1.503   0.283   1.803  -0.777  -2.206  -3.727   1.286   0.290   0.444   1.728   1.115  -0.443  -0.701  -1.117 
  6 A   0.855  -1.119  -1.814  -1.583  -2.724  -0.910  -4.931   1.264   0.073  -1.004   1.099  -4.291  -2.478   0.055   0.668   2.301   2.160  -0.953  -0.826  -1.532 
  7 A   0.015  -4.173   0.984   0.813  -2.049  -1.458  -1.371  -4.481   2.357  -0.522   1.422  -6.293  -0.158   1.886   1.364   0.475   0.985  -1.536   0.076  -0.753 
  8 A   2.801  -4.890  -2.384  -6.172  -4.439  -1.705  -0.724  -5.679  -2.875  -0.999  -0.668  -5.460  -2.546  -2.512   4.622   1.324   1.878  -4.468  -1.772   1.335 
  9 A  -3.319  -7.627  -8.242  -8.466  -6.301  -7.300  -7.903  -8.503  -7.976   4.378   3.462  -7.490   2.855  -3.010  -7.881  -7.190  -5.889  -7.176  -6.240   3.013 
