#HLA-C0608

Last position-specific scoring matrix computed       
            A       R       N       D       C       Q       E       G       H       I       L       K       M       F       P       S       T       W       Y       V 
  1 A  -1.223   3.963  -6.363  -7.111  -3.095  -5.463  -6.118  -6.519  -0.885   0.904   0.712   1.588   2.552   0.652  -7.162   1.640  -3.761  -2.259   2.121  -0.593 
  2 A   3.327  -6.736  -6.318  -6.818  -6.196  -5.143  -6.323  -4.702  -6.988  -3.229  -4.652  -6.211   0.975  -1.108   3.173   1.423   4.223  -0.477  -4.056   2.145 
  3 A  -2.013   4.616  -1.207  -7.032  -6.313  -2.577  -6.035  -7.000   1.545  -0.061  -1.449   1.036   2.445   2.206  -1.869  -2.379  -2.039   0.631   3.054  -1.138 
  4 A   1.406   0.787  -0.059  -1.882  -1.656   1.289  -1.452  -3.075  -1.329  -0.129  -1.787   0.396  -0.587  -1.474   2.210   1.357   0.515   3.070   0.635  -1.084 
  5 A   0.916   0.384   1.549  -4.936  -2.486  -2.614  -4.526  -3.242   1.783   0.086   0.927  -2.014   1.227   1.496  -0.448   0.826   0.463  -0.176   0.432   0.007 
  6 A  -1.727   1.954  -2.479  -3.156  -4.208  -2.140  -5.663   0.217   1.730  -0.015   0.640  -3.012  -1.820   2.578   0.109   0.830   0.561   1.454   1.623  -0.240 
  7 A   0.835  -0.262  -0.536  -3.136  -1.835  -2.486  -4.155  -1.767   3.317   0.317   1.085  -5.576  -0.723   1.859  -0.539   0.738  -0.796   0.769   2.268  -0.285 
  8 A   0.332  -3.143  -1.709  -5.918  -5.159  -2.003  -0.933  -6.329   1.123  -1.992   0.673  -4.014  -2.952   1.893   3.855   1.537   0.425  -1.514   1.687   1.386 
  9 A  -7.240  -4.585  -7.843  -8.429  -7.557  -7.850  -7.901  -8.240  -5.260  -4.349  -2.740  -6.808   2.391   7.858  -8.648  -7.338  -7.009  -3.573   3.434  -5.848 
