#HLA-C0728

Last position-specific scoring matrix computed       
            A       R       N       D       C       Q       E       G       H       I       L       K       M       F       P       S       T       W       Y       V 
  1 A  -2.218   1.960  -3.468  -4.658  -7.124  -4.985  -5.364  -5.393  -0.834  -2.514  -1.018  -1.902   4.687   3.766   0.103   2.255  -2.277   2.597   3.741  -2.975 
  2 A   4.327  -5.387  -3.310  -2.622  -4.892   3.023  -3.906  -3.156  -4.030  -4.210  -3.451  -2.475   2.932  -1.855   0.757   2.309   1.109   0.531  -3.463  -2.054 
  3 A  -1.901  -1.728  -2.833  -3.151  -5.977  -2.235  -2.662  -4.794   0.092   0.902   2.335  -3.702   4.595   3.017  -1.561  -3.660  -3.994   4.284   2.406  -1.306 
  4 A   1.698   0.354  -0.721  -1.465   0.106  -0.310   0.262  -1.298  -0.310  -1.327  -0.532  -1.207  -0.457   0.257   1.977   0.572  -0.198   3.463  -0.306  -0.999 
  5 A   0.352  -0.385   2.622  -3.538  -2.777  -2.748  -1.972  -0.361   1.948   0.292  -0.976  -1.311   1.124   0.233  -0.775   0.422   0.627   0.214   0.846   0.621 
  6 A  -0.951   1.410  -0.143  -3.906  -3.830  -1.706  -3.140  -1.085   3.289  -0.574  -0.112  -3.734  -3.285   3.799  -0.241   0.659  -0.630   2.021   1.349  -0.896 
  7 A   0.152  -4.467  -1.459  -2.564  -0.856  -2.081  -3.380  -4.291   2.241  -0.365  -0.276  -2.663  -0.613   4.231  -0.108  -1.614  -0.774   2.153   3.666   0.575 
  8 A   2.567  -3.770  -1.570  -2.397  -6.751  -2.275  -1.015  -3.839  -2.556  -2.769  -2.369  -3.736  -3.244   0.367   5.403   1.155   1.656  -3.577   0.057  -0.698 
  9 A  -6.129  -7.438  -5.311  -2.994  -6.452  -6.383  -3.077  -6.623  -7.790   2.965   5.027  -6.882   0.377  -2.786  -5.331  -7.312  -6.137  -7.075  -6.228   0.856 
