#HLA-C0722

Last position-specific scoring matrix computed       
            A       R       N       D       C       Q       E       G       H       I       L       K       M       F       P       S       T       W       Y       V 
  1 A  -3.517   1.695  -5.008  -7.430  -5.294  -5.523  -6.656  -6.686  -1.230  -0.817  -0.152  -2.401   5.042   3.526  -6.705   1.792  -1.621   1.286   4.723  -1.981 
  2 A   4.940  -6.103  -6.151  -6.638  -5.967  -3.191  -5.381  -3.777  -6.771  -4.292  -4.652  -5.983   1.707  -3.151  -1.136   2.766   3.195  -1.305  -5.919   0.361 
  3 A  -0.005   2.247  -0.780  -6.662  -5.984  -3.434  -6.468  -6.557   2.185   1.834  -0.550  -0.855   3.206   2.310  -0.898  -1.056  -2.095   0.923   1.968   0.368 
  4 A   1.723  -0.050  -0.505  -1.624   0.307   1.234  -0.282  -2.121  -1.678  -0.514  -2.105  -0.715   0.823  -0.121   1.841   1.009   0.068   2.617   0.163  -0.299 
  5 A   0.292  -0.562   3.449  -3.824  -2.768  -3.168  -4.432  -2.116   2.413   0.624  -0.282  -2.787   0.993   0.323   0.065   1.460   0.794  -4.244   0.106  -0.459 
  6 A  -1.600   1.555  -1.181  -3.258  -5.319  -2.827  -5.966   0.127   2.951  -0.535  -0.119  -4.056  -2.061   3.404  -0.384   1.630   0.646   1.460   1.116  -1.086 
  7 A   1.027  -1.966  -0.146  -2.264  -0.847  -2.009  -2.879  -2.175   3.506  -0.425  -0.073  -5.983  -0.081   3.123  -1.985   0.610  -0.016   0.641   2.965  -1.049 
  8 A   2.047  -4.884  -1.506  -5.452  -5.795  -1.980  -0.233  -6.086  -0.322  -1.786  -1.083  -4.744  -2.334   0.856   4.508   1.354   0.601  -3.456   1.520   1.294 
  9 A  -7.003  -7.644  -7.980  -7.697  -7.154  -7.626  -7.918  -8.315  -6.526  -1.797   1.801  -7.826   4.498   7.100  -8.485  -7.335  -6.741  -4.985   0.680  -3.793 
