#HLA-C0715

Last position-specific scoring matrix computed       
            A       R       N       D       C       Q       E       G       H       I       L       K       M       F       P       S       T       W       Y       V 
  1 A  -1.132   3.233  -5.596  -7.257  -6.087  -5.798  -6.379  -4.789  -4.099  -0.457  -1.049  -0.191   2.811   3.053  -7.321   1.873  -2.873   1.853   4.404  -0.557 
  2 A   4.253  -6.456  -5.627  -6.845  -6.332   2.533  -3.925  -3.723  -6.587  -3.041  -2.367  -5.963   2.759  -0.507   2.516   0.382   0.693   1.864  -2.318   0.821 
  3 A  -1.349  -0.235  -2.694  -5.758  -5.958  -2.582  -6.943  -6.859  -0.007   1.271   1.761  -4.334   4.061   2.506   2.303  -4.498  -2.599   3.304   2.714  -0.171 
  4 A   1.535  -0.708   0.008  -1.128   0.484   1.600   0.166  -1.113  -0.300  -0.944  -2.581  -0.759   0.650  -2.265   2.509   1.645  -0.504   3.199  -1.181  -1.222 
  5 A   1.205  -1.233   3.360  -4.930  -2.039  -3.671  -4.259  -0.588   2.001  -0.757   0.148  -2.390   0.537   1.097  -1.699   1.245   0.302  -0.654   0.548  -0.697 
  6 A  -1.127   0.906  -2.494  -4.880  -3.433  -3.566  -6.169   0.472   2.406  -1.263   0.175  -4.181  -1.331   4.122  -1.092   1.165   0.255   2.406   1.729  -1.187 
  7 A   0.242  -3.063  -0.640  -2.927  -1.664  -4.201  -4.078  -3.988   3.561   0.550   0.815  -5.928  -0.583   3.824  -1.416  -1.539  -0.532   2.047   3.282  -0.634 
  8 A   2.837  -5.188  -2.385  -5.782  -4.472  -3.726  -0.336  -6.549  -1.938  -2.670  -0.783  -5.492  -4.135   0.139   4.648   1.581   1.281  -2.420  -0.094   1.093 
  9 A  -6.962  -7.638  -8.057  -8.524  -7.051  -7.636  -7.961  -8.357  -6.789  -2.015   2.760  -7.829   4.292   6.895  -8.465  -7.374  -6.697  -5.207  -2.294  -3.373 
