#HLA-C0105

Last position-specific scoring matrix computed       
            A       R       N       D       C       Q       E       G       H       I       L       K       M       F       P       S       T       W       Y       V 
  1 A  -2.767  -1.344  -6.768  -8.059  -5.341  -6.782  -7.296  -7.418  -5.049  -2.132   0.745  -4.967   4.980   5.445  -7.974  -1.301  -4.736   1.702   5.076  -2.558 
  2 A   4.553  -6.585  -6.132  -6.580  -6.106  -5.440  -6.063  -3.444  -6.812  -3.486  -2.637  -5.973   0.806  -7.177   3.418   2.984   3.060  -7.797  -6.928  -1.568 
  3 A   2.806   0.151   0.072  -1.447  -6.715  -1.953  -5.789  -6.300   1.072  -0.935  -1.503  -5.088   4.480  -0.057   2.358   0.074  -0.703   1.436   1.798  -1.228 
  4 A   2.521  -0.214  -3.232  -2.885  -2.477   0.345   0.047  -3.163  -1.220  -2.154  -0.290  -1.135   0.522  -1.314   3.402   1.015  -0.230   1.645  -0.445  -0.191 
  5 A   0.560  -0.553   2.760  -5.840  -2.525  -3.353  -2.680  -1.122   2.921  -1.052  -1.243  -1.981   2.116   0.211   2.141   1.328   0.710   0.558   0.116  -1.153 
  6 A  -0.268   1.484  -1.034  -3.444  -5.198  -0.858  -5.080   1.076   1.832  -2.225   0.204  -3.038  -2.811   0.481   0.561   2.854   2.277  -0.439  -1.640  -1.923 
  7 A   1.326  -2.334   1.294  -2.621  -0.959  -0.990  -3.660  -2.683   2.607  -0.512   0.988  -4.927   0.122  -0.154   0.824   2.035   1.740  -0.951  -0.682  -1.448 
  8 A   2.966  -4.391  -3.105  -6.609  -5.588  -1.973  -0.604  -6.519  -2.624  -1.356  -0.830  -5.171  -3.058  -3.429   4.337   1.711   1.700  -5.639  -1.931   1.883 
  9 A  -6.404  -7.575  -8.364  -8.610  -6.370  -7.353  -8.004  -8.693  -7.966   3.759   4.812  -7.554   1.685  -3.396  -7.995  -7.439  -6.087  -7.074  -6.222   1.252 
