#HLA-C0606

Last position-specific scoring matrix computed       
            A       R       N       D       C       Q       E       G       H       I       L       K       M       F       P       S       T       W       Y       V 
  1 A  -1.191   3.120  -3.950  -7.352  -2.268  -4.904  -6.469  -6.015  -1.683   1.079   1.833   0.229   2.881   1.232  -7.349   0.868  -3.305   0.067   2.170  -0.157 
  2 A   2.457  -6.923  -6.669  -6.774  -6.791  -5.252  -6.265  -5.689  -7.017  -5.566  -5.936  -6.139  -0.827  -3.156   7.350   0.421   1.204  -2.140  -4.682  -0.221 
  3 A  -1.508   4.075  -0.472  -4.606  -6.228  -1.356  -4.670  -4.015   1.475  -0.644  -0.221  -1.160   2.577   1.885  -0.244  -2.930  -1.941   2.483   2.670  -0.262 
  4 A   1.121   0.339  -0.629  -1.800  -1.470   1.424  -1.097  -3.098   0.628   0.286  -0.865   0.024   0.528  -0.966   1.419   1.405   0.554   2.447   0.010  -1.053 
  5 A   0.844   1.281   1.597  -4.347  -1.476  -1.389  -2.917  -1.788   1.944  -1.029  -0.008  -0.773   0.092   1.370   0.660   0.746   1.128   1.166  -0.449  -1.340 
  6 A  -1.000   2.466  -1.827  -2.701  -3.108  -0.867  -4.656   0.797   1.733  -1.878   0.252  -1.917  -2.769   2.097  -0.222   1.189   1.083   1.560   0.578  -0.921 
  7 A   0.450   0.002   0.017  -2.974  -2.511  -2.134  -2.311  -2.524   3.125  -0.096   1.412  -4.747  -1.122   1.038  -0.305  -0.028   0.035   1.800   2.400   0.065 
  8 A   1.475  -3.438  -1.150  -6.190  -4.541  -2.628  -0.396  -6.175  -0.018  -0.931   0.059  -3.801  -1.513   0.225   4.256   1.346   0.938  -4.265   0.943   1.264 
  9 A  -7.138  -7.757  -7.946  -8.462  -7.337  -7.832  -7.974  -8.261  -6.420  -2.347  -0.539  -7.968   4.292   7.721  -8.627  -7.345  -6.874  -4.733   0.118  -4.885 
