#HLA-C0502

Last position-specific scoring matrix computed       
            A       R       N       D       C       Q       E       G       H       I       L       K       M       F       P       S       T       W       Y       V 
  1 A  -2.217  -1.926  -6.032  -7.782  -3.779  -6.590  -7.084  -7.670  -3.382  -1.478   0.397  -4.664   5.131   4.846  -7.737   0.877  -2.246   1.795   4.981  -2.719 
  2 A   2.007  -6.526  -5.801  -6.303  -6.466  -5.925  -5.948  -5.414  -6.785  -6.060  -5.689  -5.866  -5.679  -7.675   5.814   3.852   4.407  -8.157  -7.132  -3.407 
  3 A   2.369  -4.723  -0.945  -0.496  -6.682  -2.527  -5.107  -5.948  -1.034   0.686  -0.437  -6.532   4.918   2.049  -0.883  -0.706  -1.968   2.402   3.052  -0.624 
  4 A   1.415  -0.213  -1.741  -1.622  -1.632   0.145   0.096  -2.985  -1.717  -0.403  -0.420  -1.012   0.528  -0.848   2.879   1.941   0.176   1.401  -1.848  -0.174 
  5 A   0.911  -4.455   3.570  -4.090  -2.771  -2.382  -1.761  -1.364   1.521  -0.723  -2.071  -2.795   1.702   0.991   1.840   2.045   1.153  -0.212  -0.995  -1.708 
  6 A   0.134   0.199  -1.246  -3.667  -2.035  -0.616  -4.949   1.165   0.912  -1.305   0.802  -3.566  -3.307   1.598   0.967   2.294   1.811  -1.222  -0.470  -2.221 
  7 A  -0.144  -5.118   1.265   1.255  -1.471  -1.214  -1.827  -3.706   2.569  -0.136   0.783  -5.566  -0.898   1.241   1.491   1.392   0.817  -1.932  -0.109  -0.511 
  8 A   1.341  -3.593  -1.478  -6.059  -4.058  -1.686  -0.275  -6.088  -2.137  -1.363  -0.233  -5.405  -1.728  -2.012   4.918   1.864   2.347  -5.564  -0.578   0.670 
  9 A  -3.891  -7.742  -8.262  -8.454  -6.285  -7.411  -7.961  -8.555  -8.091   4.940   2.783  -7.548   1.458  -3.205  -7.882  -7.218  -5.830  -7.258  -6.278   3.449 
