#HLA-C0417

Last position-specific scoring matrix computed       
            A       R       N       D       C       Q       E       G       H       I       L       K       M       F       P       S       T       W       Y       V 
  1 A  -2.798   0.654  -5.321  -7.387  -7.104  -6.190  -6.668  -6.977  -1.198  -1.172  -0.496  -2.075   4.184   4.267  -7.485   2.530  -3.318   1.438   5.163  -3.529 
  2 A   2.433  -6.442  -5.726  -6.321  -6.338  -2.955  -5.929  -4.753  -6.696  -5.832  -5.883  -5.864  -2.267  -6.160   4.300   3.824   4.896   0.977  -3.892  -2.325 
  3 A  -0.542   3.066  -1.160  -3.644  -7.186  -0.859  -4.723  -6.570   1.584  -0.371   0.534  -2.352   3.993   2.289   1.039  -1.322  -2.956   2.307   2.448  -2.546 
  4 A   0.908   0.502  -1.015  -2.087  -0.097   0.937  -0.610  -3.224   0.278   0.105   0.223  -0.066   0.290  -1.220   1.875   1.373   0.388  -0.225  -1.058  -0.587 
  5 A  -0.079   1.058   3.124  -5.505  -4.698  -3.097  -3.481  -2.207   2.054  -0.464  -0.591  -0.608   1.880   1.013   0.711   0.846   0.963   0.213   0.202  -1.340 
  6 A  -1.949   3.562  -0.787  -5.998  -4.288  -2.545  -5.529  -1.193   2.333  -1.276   0.380  -2.951  -3.298   3.423  -0.713   1.471  -0.388   0.456   1.867  -3.468 
  7 A  -0.085  -3.711   2.195   0.284  -1.013  -0.422  -2.292  -3.434   3.944  -1.164  -0.888  -5.802  -1.746   2.290   0.430   1.392  -0.097   0.603   2.128  -1.172 
  8 A   0.659  -4.917  -1.599  -6.704  -4.562  -3.058  -1.498  -6.916  -0.556  -2.217   0.193  -5.573  -1.366   0.616   4.840   1.633   2.041  -3.441   1.828   0.692 
  9 A  -5.847  -7.687  -8.317  -8.533  -6.411  -7.424  -8.037  -8.660  -7.905   4.765   3.878  -7.585   2.345   0.063  -8.002  -7.402  -6.051  -6.969  -5.932   1.083 
