#HLA-C1217

Last position-specific scoring matrix computed       
            A       R       N       D       C       Q       E       G       H       I       L       K       M       F       P       S       T       W       Y       V 
  1 A  -4.839  -1.670  -7.297  -7.954  -5.329  -6.736  -6.719  -6.986  -2.331  -0.617   0.541  -4.957   4.909   5.273  -7.923  -0.090  -3.826   1.204   5.003  -2.288 
  2 A   3.962  -6.441  -5.799  -6.438  -6.004  -4.903  -6.004  -4.618  -6.783  -3.152  -4.461  -5.916   1.033  -7.053  -1.332   3.375   5.047  -7.600  -6.829  -0.547 
  3 A   2.177   0.987   0.871  -6.893  -6.721  -4.674  -6.445  -6.467   0.559   1.596  -3.377  -3.303   2.366   2.127  -0.075   0.487  -0.238  -2.217   2.662   0.536 
  4 A   1.479  -0.971  -0.158  -0.330  -2.045   0.995   0.169  -1.956  -1.194  -1.171  -2.689  -0.495   0.044  -0.589   2.622   1.863   0.526   1.002  -0.951  -0.068 
  5 A   0.413  -2.276   1.672  -4.440  -3.675  -3.537  -3.483  -2.663   0.173   1.505   0.871  -4.218   1.422   1.255   1.406   1.221   1.037  -2.349  -0.292   0.086 
  6 A  -1.293   1.155  -3.489  -3.230  -5.877  -2.816  -5.293   1.428   0.757   0.045   0.030  -4.402  -0.914   0.812   0.551   2.329   2.338  -0.667  -0.225  -0.022 
  7 A   1.244  -2.352   1.509  -1.229  -1.272  -1.968  -3.345  -0.592   2.568  -0.265   0.378  -6.126  -1.682   0.599  -1.133   2.241   1.277  -4.244  -0.300  -0.427 
  8 A   1.948  -4.408  -1.618  -6.250  -5.711  -2.298  -0.508  -6.150   0.064  -1.079  -0.219  -4.357  -1.855  -0.738   4.130   1.121   0.525  -2.922   0.219   2.327 
  9 A  -6.880  -7.470  -7.894  -8.408  -7.078  -7.266  -7.773  -8.277  -6.330  -0.812   1.185  -7.596   6.072   6.555  -8.346  -7.202  -6.608  -4.059   2.269  -4.244 
