#HLA-C0316

Last position-specific scoring matrix computed       
            A       R       N       D       C       Q       E       G       H       I       L       K       M       F       P       S       T       W       Y       V 
  1 A  -3.738   0.945  -7.113  -7.790  -4.208  -6.318  -6.944  -5.935  -1.602  -0.033   0.819  -1.466   5.232   4.082  -7.735  -0.505  -3.598   1.763   4.300  -1.104 
  2 A   3.783  -6.592  -6.230  -6.682  -6.200  -2.123  -6.128  -4.771  -6.881  -2.985  -2.672  -5.701   2.343  -7.026   3.836   2.153   3.664  -5.715  -6.867   0.322 
  3 A   0.173   0.020   0.337  -5.282  -7.002  -5.337  -6.873  -6.599  -0.140   0.796  -0.030  -6.134   3.304   3.953  -3.650  -1.145  -2.238   2.690   4.299  -0.608 
  4 A   0.843  -1.354  -0.419  -0.618  -1.141   0.599   0.367  -1.522  -1.356  -1.209  -1.310  -0.838   0.421  -1.000   2.803   2.028  -0.168   2.609  -0.835  -0.102 
  5 A   0.823  -1.513   0.926  -5.204  -1.637  -2.849  -2.435  -0.101   1.498  -0.051   0.559  -3.529   0.793   2.103   1.053   0.891   0.414   0.408   0.079  -0.577 
  6 A   0.244   0.089  -2.533  -3.526  -4.105  -3.274  -5.649   2.075  -0.121  -1.073   0.258  -5.184  -1.068   1.784  -0.595   2.645   1.840  -0.184  -0.202  -1.227 
  7 A  -0.057  -3.046   0.692  -3.292  -1.815  -2.550  -4.056  -2.299   2.074   0.850   2.339  -6.156  -0.083   1.798   0.040  -0.043   0.226  -0.893   0.768  -0.015 
  8 A   2.615  -4.457  -3.337  -6.836  -5.605  -4.406  -2.114  -6.025  -3.208  -0.980  -0.364  -4.580  -1.516  -1.806   4.766   1.519   0.846  -3.011  -2.800   2.254 
  9 A  -6.637  -7.559  -7.862  -8.412  -7.259  -7.437  -7.801  -8.256  -6.051  -1.420  -0.107  -7.706   5.219   7.010  -8.433  -7.233  -6.745  -2.134   3.494  -4.597 
