#HLA-C1506

Last position-specific scoring matrix computed       
            A       R       N       D       C       Q       E       G       H       I       L       K       M       F       P       S       T       W       Y       V 
  1 A  -3.075  -1.168  -6.672  -5.875  -5.921  -5.902  -7.139  -7.870  -3.253   0.358   1.459  -3.427   6.058   4.197  -6.931  -0.564  -3.113   1.138   3.549  -1.576 
  2 A   2.101  -6.528  -5.801  -4.745  -6.399  -5.942  -5.991  -5.984  -6.860  -6.460  -6.897  -5.901  -5.594  -7.590   5.378   2.830   5.364  -8.049  -7.092  -2.183 
  3 A   3.117  -2.647  -0.379  -3.319  -6.684  -4.431  -5.127  -6.703   0.043  -0.362  -1.982  -6.405   3.669   2.543   0.862  -0.357  -1.683   2.136   3.785  -0.768 
  4 A   1.724  -2.104  -1.743  -0.199  -2.266  -0.242   0.054  -3.287  -1.224  -1.109  -1.155  -1.737  -0.044  -0.256   3.948   1.461   0.022   3.063  -1.152  -0.724 
  5 A   1.974  -3.160   0.330  -5.533  -2.995  -3.293  -2.658  -1.410   0.435   1.130  -1.270  -4.208   1.388   1.697   2.474   1.093   0.750  -0.196  -0.459   0.156 
  6 A   0.352  -0.003  -1.725  -3.531  -2.487  -2.848  -5.049   1.500   0.687  -1.404   0.311  -4.503  -0.787   2.397  -0.770   2.154   2.131  -0.899   0.149  -1.556 
  7 A   0.736  -3.308   0.536  -1.434  -2.495  -2.331  -3.279  -2.098   2.798   0.375   1.063  -5.997  -0.265   1.975   1.792   0.686   0.534  -1.198   0.517  -0.730 
  8 A   1.964  -4.009  -2.278  -5.548  -5.740  -2.320  -1.417  -4.388  -2.152  -0.748   0.339  -5.004  -1.871  -0.480   4.841   1.270   1.177  -5.468  -0.025   0.843 
  9 A  -6.032  -7.531  -8.174  -7.645  -6.399  -7.150  -5.882  -8.552  -7.718   4.254   3.376  -7.429   4.914  -0.053  -7.947  -7.241  -5.986  -6.929  -5.363   1.856 
