#HLA-C0703

Last position-specific scoring matrix computed       
            A       R       N       D       C       Q       E       G       H       I       L       K       M       F       P       S       T       W       Y       V 
  1 A  -3.158   0.261  -5.623  -7.781  -2.793  -5.871  -7.016  -6.900  -2.623   0.885   0.767  -1.800   3.857   4.214  -7.719   0.058  -3.409   1.158   4.557  -0.084 
  2 A   4.149  -6.646  -5.905  -6.712  -6.308  -1.579  -5.425  -3.540  -6.770  -4.132  -3.640  -6.035   2.418  -1.674   4.653   2.242   1.568  -1.322  -4.480  -0.607 
  3 A  -1.032  -0.268   0.186  -4.254  -5.265  -2.525  -5.241  -6.029   0.560   0.266   1.239  -3.172   3.903   2.484   1.124  -2.144  -1.838   3.244   3.277  -0.219 
  4 A   0.546  -0.362  -1.088  -1.157   0.208   0.826  -0.179  -2.374  -1.878  -0.502  -0.844  -0.259   0.519  -1.874   2.506   1.891   0.125   2.921  -0.353  -0.118 
  5 A   0.420  -0.552   2.596  -3.914  -1.156  -2.083  -2.365  -2.464   2.815  -0.718   0.321  -1.123   0.463   2.214  -0.968   0.482  -0.102   1.446   1.235  -1.679 
  6 A  -1.219   0.800  -2.635  -4.190  -4.192  -3.091  -5.770   0.252   2.178  -0.665   1.099  -3.517  -1.615   3.478  -0.469   1.360  -0.018   1.584   1.323  -0.772 
  7 A  -0.085  -2.647   0.115  -0.967  -0.589  -2.717  -2.919  -4.264   3.066   0.001   0.928  -5.821  -1.608   3.318  -1.409  -1.049  -0.410   2.329   3.583  -0.883 
  8 A   2.012  -3.651  -1.954  -5.963  -3.624  -2.499  -1.211  -6.865  -2.383  -1.077   0.720  -4.810  -1.640  -0.279   4.316   0.570   1.142  -2.927  -0.265   1.817 
  9 A  -6.788  -7.761  -7.932  -8.473  -7.405  -7.858  -7.959  -8.267  -6.193  -3.039  -0.308  -7.976   3.190   7.667  -8.624  -7.359  -6.924  -1.352   2.411  -4.791 
