#HLA-C0319

Last position-specific scoring matrix computed       
            A       R       N       D       C       Q       E       G       H       I       L       K       M       F       P       S       T       W       Y       V 
  1 A  -3.792  -1.188  -7.454  -8.058  -6.005  -6.675  -7.300  -7.977  -4.720   0.106   0.353  -5.184   6.185   5.029  -7.955  -1.371  -4.924   1.668   4.136  -1.730 
  2 A   4.175  -6.696  -6.308  -6.635  -6.300  -6.084  -6.117  -4.520  -6.915  -4.997  -4.691  -6.009  -0.534  -7.487   5.550   1.760   3.099  -8.082  -7.073  -1.035 
  3 A   2.035  -4.079   0.237  -3.524  -6.682  -5.315  -6.774  -7.053  -1.009   1.203  -0.575  -6.654   4.454   2.376  -5.076  -0.780  -1.284   2.827   3.912   0.233 
  4 A   1.980  -1.222  -1.274  -1.454  -0.973   0.274   0.270  -1.571  -2.543  -2.248  -0.698  -1.492  -0.136  -1.092   3.317   1.466  -0.173   2.522  -2.010   0.139 
  5 A   0.962  -2.963   1.958  -5.043  -1.446  -1.975  -2.500  -0.646   1.321  -0.177  -0.367  -3.966   1.194   0.644   1.372   1.615   1.335   0.721  -0.301   0.015 
  6 A   0.488  -1.128  -2.388  -2.798  -3.686  -2.155  -5.594   2.196   0.068  -1.602   0.836  -4.319  -2.078   0.800   0.385   2.562   2.160  -0.207  -1.388  -1.746 
  7 A   0.239  -2.636   0.787  -1.881  -1.820  -1.899  -3.808  -4.371   1.718   0.116   2.239  -6.432   0.369   2.068   1.184   0.225   0.765  -0.636   0.237  -0.876 
  8 A   3.360  -4.906  -3.685  -6.674  -5.586  -2.460  -0.849  -5.863  -3.835  -1.568  -0.706  -5.193  -2.806  -3.268   4.703   1.131   1.497  -3.016  -2.095   1.440 
  9 A  -2.538  -7.363  -8.045  -8.411  -6.508  -7.011  -7.701  -8.274  -7.211   1.935   3.465  -7.353   5.785   2.879  -7.957  -7.044  -6.115  -1.141  -0.858   1.389 
