#HLA-C0109

Last position-specific scoring matrix computed       
            A       R       N       D       C       Q       E       G       H       I       L       K       M       F       P       S       T       W       Y       V 
  1 A  -4.154  -0.639  -5.128   0.001  -4.742  -4.560  -2.727  -6.485  -4.401  -0.338   0.921  -3.828   4.123   4.840   1.806  -0.712  -3.978  -0.055   2.603  -1.528 
  2 A   4.225  -3.402  -2.993  -0.488  -3.515  -4.793  -3.874  -4.367  -4.608  -1.978  -0.769   0.784   3.493  -5.449  -0.786   1.906   1.651  -7.563  -6.749  -1.647 
  3 A   0.702   0.144  -1.329  -1.839  -4.216  -3.633   0.191  -3.772   0.471  -0.863  -2.623  -4.614   4.346   0.958   4.655  -1.390  -1.624  -0.903   2.157  -0.932 
  4 A   2.277  -0.368  -2.087  -1.019  -3.375   0.776   0.853  -2.354  -1.355  -1.366  -0.206  -0.770   0.440  -0.826   2.619  -0.009  -0.357   2.357  -0.085  -0.797 
  5 A  -0.489  -1.364   2.530  -1.335  -2.063  -1.756   0.170  -2.564   1.570   0.517  -0.471  -1.046   1.989   0.115   0.814   0.139   0.703   0.001  -0.495   0.215 
  6 A  -0.896   0.932  -2.414  -1.565  -3.418  -1.653  -0.318  -0.113   1.383  -1.171  -0.246  -1.724  -2.773   2.708   0.962   1.643   1.023  -0.395  -0.145  -0.239 
  7 A   0.721  -2.479   1.295  -1.219  -2.781  -2.366  -0.630  -1.790   2.616  -0.732  -0.505   0.304  -2.523   1.547  -0.856   1.201  -0.293  -0.401   0.935   0.817 
  8 A   2.213  -2.711  -2.209   0.210  -3.295  -2.272  -1.074  -2.513  -2.153  -1.074  -1.312  -2.114  -2.812  -2.915   3.717   0.695   1.081  -2.466  -0.895   2.194 
  9 A  -6.484  -6.582  -3.041  -0.521  -6.690  -3.965   0.408  -4.764  -7.354   3.478   4.463  -3.210   0.478  -0.996  -4.217  -7.004  -5.786  -7.085  -6.177  -1.956 
