#HLA-C0809

Last position-specific scoring matrix computed       
            A       R       N       D       C       Q       E       G       H       I       L       K       M       F       P       S       T       W       Y       V 
  1 A  -4.496  -1.662  -7.421  -8.039  -4.203  -5.506  -7.267  -5.756  -3.448   0.434   1.057  -3.204   5.019   4.647  -7.917  -1.517  -4.017   1.787   4.832  -0.928 
  2 A   4.057  -6.545  -6.076  -6.537  -6.196  -2.426  -6.017  -4.023  -6.804  -3.262  -4.826  -5.935   1.081  -7.278   4.095   2.758   3.736  -7.854  -6.954  -1.145 
  3 A   0.968  -4.303   0.532  -3.687  -5.854  -3.934  -6.828  -5.858  -0.761   1.032   0.388  -6.320   3.690   3.251  -2.023  -0.286  -1.621   3.182   3.262   0.220 
  4 A   1.177  -1.466  -0.776  -0.625  -0.843  -0.235   0.552  -0.474  -1.898  -0.847  -1.436  -1.809  -0.148  -0.715   3.023   1.709  -0.338   3.199  -1.835  -0.134 
  5 A   0.634  -3.484   1.366  -4.722  -0.686  -2.906  -2.822  -0.725  -0.121   0.734   1.083  -4.102   0.892   2.215   0.303   0.612   0.284   1.039  -0.081   0.028 
  6 A   0.358  -0.542  -2.410  -2.690  -4.589  -2.850  -4.767   1.438   0.609  -0.963  -0.005  -4.324  -1.067   2.201  -0.068   2.590   1.596   0.583   0.433  -0.975 
  7 A   0.024  -3.892   0.037  -2.115  -1.468  -3.406  -2.982  -3.137   1.888   0.422   1.693  -5.941  -0.933   3.621  -0.402  -1.000  -0.762   0.947   2.407  -0.184 
  8 A   2.437  -4.450  -2.707  -6.333  -5.661  -3.781  -0.694  -5.121  -3.480  -0.791   0.617  -4.808  -1.167  -0.413   4.272   0.685   1.273  -2.430  -0.957   1.514 
  9 A  -6.689  -7.601  -7.843  -8.420  -7.373  -7.518  -7.805  -8.266  -5.806  -1.179  -0.738  -7.750   4.150   7.057  -8.457  -7.261  -6.820  -0.046   4.539  -4.523 
