#HLA-C0802

Last position-specific scoring matrix computed       
            A       R       N       D       C       Q       E       G       H       I       L       K       M       F       P       S       T       W       Y       V 
  1 A  -3.338  -1.764  -6.151  -7.950  -4.257  -6.791  -7.249  -7.829  -3.717  -2.515  -0.295  -5.230   5.028   5.786  -7.968   0.001  -4.465   2.399   4.842  -3.262 
  2 A   3.562  -6.546  -5.943  -6.427  -6.272  -4.596  -5.993  -4.507  -6.806  -3.741  -3.939  -5.911  -3.283  -7.439   4.789   3.359   4.055  -7.973  -7.033  -2.372 
  3 A   2.474  -2.072  -0.062  -1.322  -6.686  -1.866  -4.792  -5.874   0.388   0.200  -0.401  -6.326   4.750   1.840  -1.265  -0.275  -1.195   2.018   2.570  -0.914 
  4 A   1.727  -0.797  -1.442  -1.082  -1.832   0.145   0.233  -2.348  -0.548  -1.556  -0.476  -1.206  -0.131  -0.926   3.381   1.412   0.346   1.142  -0.951  -0.509 
  5 A   0.427  -2.676   2.842  -5.206  -2.763  -3.678  -2.842  -0.114   1.134   0.019  -1.140  -2.501   2.074   0.450   2.043   1.617   1.110   0.195  -0.694  -0.734 
  6 A   0.414   0.891  -0.830  -3.650  -2.760  -1.204  -5.497   1.547   1.122  -1.698   0.634  -3.243  -3.345   1.225   0.200   2.317   1.759  -0.667  -0.677  -2.400 
  7 A   0.104  -2.708   1.789  -0.302  -1.458  -1.215  -2.561  -3.114   2.036  -0.166   0.768  -5.820  -0.513   1.018   1.196   1.479   1.567  -0.940  -0.377  -0.342 
  8 A   2.752  -3.969  -1.782  -6.507  -4.992  -2.613  -0.837  -5.880  -2.864  -1.751  -1.693  -5.397  -1.961  -2.834   5.016   1.856   1.959  -7.703  -2.100   1.142 
  9 A  -5.025  -7.749  -8.309  -8.498  -6.299  -7.450  -8.008  -8.634  -8.124   4.926   3.289  -7.580   0.410  -4.383  -7.916  -7.306  -5.874  -7.265  -6.324   3.157 
