#HLA-C0411

Last position-specific scoring matrix computed       
            A       R       N       D       C       Q       E       G       H       I       L       K       M       F       P       S       T       W       Y       V 
  1 A  -4.237   0.831  -6.302  -7.605  -5.393  -6.347  -6.840  -7.620  -2.427  -1.921  -0.499  -3.446   3.734   4.632  -7.664   1.826  -4.120   2.125   5.830  -3.240 
  2 A   3.112  -6.543  -6.187  -6.653  -6.473   0.103  -5.692  -3.497  -5.729  -4.553  -2.630  -6.011   1.347  -0.930   4.185   2.698   3.030   3.134  -0.533  -1.885 
  3 A  -1.038   3.550  -1.933  -4.449  -6.129  -0.152  -5.868  -6.654   1.633   0.000   1.138  -1.946   4.236   1.885   0.163  -2.037  -3.253   2.110   1.573  -2.672 
  4 A   1.231   0.509  -1.745  -2.092  -0.330   1.840  -0.711  -2.914   0.617  -0.172  -0.574   0.196   0.360  -1.002   2.724   0.568  -0.190   0.855  -1.547  -0.406 
  5 A  -0.032   1.784   2.975  -5.446  -3.099  -4.321  -3.144  -0.875   2.778  -1.341  -0.994  -0.136   1.869  -0.905  -0.063   0.923   1.478  -0.438  -0.320  -1.269 
  6 A  -2.087   2.795  -0.449  -6.896  -3.854  -1.961  -5.310  -0.242   2.372  -1.324   0.340  -3.456  -3.991   3.899  -0.241   1.223  -0.396   1.081   1.533  -3.249 
  7 A  -0.015  -3.079   2.079  -0.951  -0.719  -0.033  -2.901  -3.697   3.941  -0.905  -0.322  -5.821   0.095   2.087  -0.297   1.305  -0.305   1.449   1.677  -0.386 
  8 A   2.094  -4.607  -2.347  -6.523  -6.617  -2.612  -0.776  -6.588  -2.110  -2.044  -1.831  -4.684  -1.772  -0.693   4.857   2.462   1.644  -3.541   0.920   1.016 
  9 A  -5.667  -7.548  -8.348  -8.612  -6.431  -7.344  -8.001  -8.661  -7.831   3.544   4.911  -7.556   2.411  -0.077  -8.031  -7.448  -6.175  -6.882  -5.918  -0.309 
