#HLA-C0720

Last position-specific scoring matrix computed       
            A       R       N       D       C       Q       E       G       H       I       L       K       M       F       P       S       T       W       Y       V 
  1 A  -2.096   3.102  -6.117  -7.365  -6.034  -5.809  -6.464  -5.501  -1.296   0.335   0.461  -0.155   4.391   2.476  -6.633   1.026  -1.798   1.934   3.271  -1.036 
  2 A   4.408  -6.511  -6.173  -6.200  -6.106  -0.692  -5.071  -4.010  -6.739  -3.578  -3.753  -5.968   2.299  -2.835   1.760   2.546   3.206  -2.028  -4.889   0.199 
  3 A  -1.702   1.522  -0.674  -6.892  -6.026  -3.083  -6.763  -6.796   1.332   0.738   1.912  -2.434   3.701   2.748  -0.926  -2.691  -2.849   2.966   2.784  -0.806 
  4 A   1.532   0.191  -0.562  -1.364   0.207   0.484   0.322  -1.704  -1.195  -0.630  -2.039  -0.544   0.328  -1.075   2.392   1.357   0.070   2.848  -0.345  -0.857 
  5 A   0.923   0.429   1.528  -4.396  -1.645  -2.104  -4.268  -0.322   2.363  -0.267  -0.042  -1.999   0.006   1.611  -0.522   0.933   0.542  -0.644   0.566  -0.397 
  6 A  -1.418   1.154  -1.848  -4.789  -4.734  -3.771  -6.048   1.028   2.693  -1.753  -0.412  -3.616  -2.533   3.898  -0.627   1.934   0.266   2.024   1.489  -1.676 
  7 A   0.148  -2.205  -0.509  -5.222  -2.060  -3.893  -4.298  -3.480   3.645   0.469   1.455  -5.891  -0.221   3.550  -1.309  -1.475  -0.976   1.611   3.092  -0.711 
  8 A   2.278  -4.651  -2.134  -5.471  -5.724  -3.488  -0.916  -6.010  -1.412  -1.467  -1.015  -4.745  -2.820   0.390   4.805   1.837   1.153  -4.352  -0.172   1.211 
  9 A  -7.105  -7.724  -7.944  -7.691  -7.312  -7.778  -7.942  -8.288  -6.306  -2.329   0.578  -7.924   3.677   7.481  -8.571  -7.351  -6.853  -3.152   1.939  -4.061 
