#HLA-C0719

Last position-specific scoring matrix computed       
            A       R       N       D       C       Q       E       G       H       I       L       K       M       F       P       S       T       W       Y       V 
  1 A  -2.246   1.720  -5.083  -7.511  -5.253  -6.162  -6.728  -7.104  -2.179   0.227   0.625  -1.634   4.217   3.466  -6.102   1.251  -1.896   1.958   4.025  -0.529 
  2 A   4.591  -6.579  -5.845  -5.860  -6.157  -0.996  -5.092  -4.301  -6.741  -4.197  -4.320  -6.003   1.912  -2.077   3.063   2.217   2.300  -0.039  -4.102   0.152 
  3 A  -1.460   0.262  -1.506  -6.454  -6.032  -3.140  -6.830  -6.434   1.266   0.585   1.480  -3.318   3.495   2.810   2.148  -2.806  -3.278   3.671   2.990  -0.288 
  4 A   1.433  -0.610  -1.012  -1.226   0.824   0.472   0.186  -1.403  -1.358  -0.663  -1.427  -1.144   0.421  -1.485   2.391   1.637  -0.230   3.397  -0.171  -0.717 
  5 A   0.969  -0.575   2.307  -5.085  -1.294  -3.218  -4.296  -0.884   2.450   0.037  -0.063  -2.303   0.198   1.938  -0.868   1.057   0.504   0.228   0.446  -0.764 
  6 A  -1.498   0.609  -2.228  -4.612  -4.230  -2.886  -6.115   0.155   2.732  -1.442   0.220  -3.837  -1.492   4.123  -0.721   1.569  -0.123   2.226   1.901  -1.194 
  7 A   0.425  -2.416  -0.435  -3.667  -1.312  -3.610  -4.259  -4.434   3.756   0.020   0.904  -5.278  -0.586   3.659  -1.414  -1.463  -0.974   2.238   3.280  -0.326 
  8 A   2.408  -4.922  -2.541  -5.869  -5.048  -2.655  -0.679  -6.062  -1.577  -1.329  -0.186  -5.009  -2.297   0.452   4.606   1.132   1.077  -1.592   0.229   1.034 
  9 A  -7.011  -7.663  -7.994  -7.085  -7.142  -7.665  -7.934  -8.313  -6.655  -2.073   1.924  -7.853   4.499   7.172  -8.507  -7.347  -6.744  -4.072  -1.300  -3.793 
