#HLA-C0512

Last position-specific scoring matrix computed       
            A       R       N       D       C       Q       E       G       H       I       L       K       M       F       P       S       T       W       Y       V 
  1 A  -5.276  -5.448  -4.676  -7.918  -4.788  -6.836  -6.744  -7.885  -2.949  -2.836  -1.012  -6.279   4.865   5.766  -7.960  -0.129  -2.002   0.978   5.805  -4.161 
  2 A   3.144  -6.452  -5.713  -6.294  -6.239  -5.848  -5.924  -4.668  -6.748  -4.227  -6.330  -5.844  -3.303  -7.473   4.194   3.830   4.898  -7.904  -7.017  -3.617 
  3 A   1.957  -6.818  -0.717   2.475  -4.115  -2.861  -3.433  -5.338  -3.346  -0.366  -0.407  -6.380   3.958   1.292   1.938   0.259  -0.415   2.626   0.795  -1.069 
  4 A   1.416  -1.384  -1.092  -0.826  -1.119  -0.088  -0.349  -1.583  -1.558   0.099   0.095  -1.658   0.094  -1.076   2.507   1.965   0.564   1.271  -2.737  -0.759 
  5 A  -0.569  -4.414   2.537  -3.773  -0.971  -2.673  -1.372  -2.185  -0.671   1.875  -0.091  -4.257   2.294   1.861  -0.381   0.749   0.383   0.401  -0.267   0.604 
  6 A   0.727  -0.139  -0.787  -2.568  -3.728  -0.197  -4.452  -0.172   1.559  -0.956   1.021  -3.586  -1.487   1.936   1.369   1.676   1.162  -0.644   0.292  -2.192 
  7 A   0.426  -6.827  -0.315   2.019  -1.505  -3.288  -0.530  -5.537   2.376  -0.795  -0.244  -6.511  -0.422   3.584   0.108  -0.963  -1.253   2.033   3.080  -0.934 
  8 A   1.447  -4.592  -0.555  -6.170  -3.301  -0.704   0.226  -5.432  -4.552  -1.163   1.909  -4.145  -0.707  -0.841   3.293   0.501   1.988  -4.269   0.622   0.047 
  9 A  -4.232  -7.823  -8.326  -8.479  -6.333  -7.520  -8.069  -8.641  -8.123   5.523   3.020  -7.606  -0.265  -3.713  -7.927  -7.339  -5.908  -7.262  -6.309   2.247 
