#HLA-C0602

Last position-specific scoring matrix computed       
            A       R       N       D       C       Q       E       G       H       I       L       K       M       F       P       S       T       W       Y       V 
  1 A  -2.445   2.766  -5.305  -7.329  -3.386  -5.351  -6.471  -6.332  -0.191   1.249   1.277   0.218   3.612   2.066  -6.602   1.499  -3.287  -2.201   2.365  -0.120 
  2 A   3.634  -6.667  -6.209  -6.712  -6.196  -5.083  -5.846  -4.608  -6.851  -3.499  -4.484  -6.130   1.299  -0.467   2.966   2.464   3.838  -0.471  -3.718   1.115 
  3 A  -1.750   4.496  -0.515  -6.437  -6.349  -3.375  -5.317  -6.559   1.878  -0.954  -1.892   1.377   2.352   2.281  -0.710  -2.171  -2.353  -0.103   3.267  -1.443 
  4 A   1.545   0.853  -0.578  -2.754  -1.651   0.829  -1.113  -3.930  -1.182   0.280  -1.526   0.233   0.168  -0.876   2.112   1.035   0.340   3.210   0.948  -0.960 
  5 A   0.275   1.206   1.613  -5.518  -3.054  -2.417  -4.097  -4.329   1.940   0.608   0.700  -1.300   0.885   1.527  -0.299   0.240   0.539  -0.177   0.366   0.303 
  6 A  -1.997   2.217  -2.607  -3.300  -4.230  -2.452  -5.323  -0.664   2.187  -0.465   0.147  -3.116  -2.240   3.203  -0.025   1.049   0.640   1.467   2.063  -0.332 
  7 A   0.589  -0.313  -0.468  -2.997  -2.051  -2.477  -3.453  -2.522   3.780   0.007   1.105  -5.300  -0.147   2.288  -1.079   0.374  -0.872   0.928   2.317  -0.293 
  8 A   0.355  -2.732  -0.920  -5.918  -5.171  -1.471  -0.999  -6.351   0.452  -1.228   0.796  -3.530  -2.935   1.896   3.783   1.066   0.462  -2.287   1.898   1.150 
  9 A  -7.248  -3.414  -7.821  -8.410  -7.589  -7.821  -7.237  -8.243  -5.872  -3.923  -2.838  -6.760   1.543   7.833  -8.634  -7.333  -7.020  -3.543   3.795  -5.877 
