DRB4_0105

Last position-specific scoring matrix computed       
            A       R       N       D       C       Q       E       G       H       I       L       K       M       F       P       S       T       W       Y       V 
  1 A  -7.134  -5.038 -11.281 -13.093  -6.437  -6.996  -9.097 -10.146  -7.623   3.986   3.694  -9.559   2.779   1.127  -7.480  -8.143  -6.424   2.063  -0.905   1.990 
  2 A  -2.400   3.413   2.108  -2.948  -6.563   2.820  -2.600  -2.346   0.581  -2.742  -4.691   2.401  -3.048 -10.662   1.604   3.147  -0.867 -10.871  -6.270  -1.923 
  3 A  -3.577   0.052  -1.344  -8.229  -7.068   2.538  -3.423  -4.336   0.609   0.368   1.549  -1.995   3.253   0.019   0.506  -1.711  -2.327   5.010   3.298  -0.118 
  4 A  -2.318  -3.057  -3.388  -3.538  -7.334   4.576  -1.190  -4.570  -3.897   1.576   3.258  -0.579   2.116  -2.478  -6.559  -2.096  -3.241  -7.325  -1.607   0.366 
  5 A  -0.738   0.318   1.441  -2.961   1.251   2.247  -1.153  -1.422   2.112   0.463   1.308  -1.240  -0.027  -1.583  -0.691   0.629  -0.945  -5.022  -0.359  -1.158 
  6 A   0.024  -1.059  -0.847  -1.602  -1.810  -1.228  -4.268  -2.702   0.543   1.503  -0.186   0.054   2.646  -7.300   5.066   0.186  -1.644  -5.643  -6.354  -0.422 
  7 A   1.750  -1.281   3.061   0.697  -9.187   4.336  -0.445  -5.194  -0.149  -0.974   0.625  -5.293   0.016  -6.502  -1.964   1.801  -2.358  -6.899  -2.432  -3.639 
  8 A  -1.829   2.619  -3.989  -2.384  -3.935   3.085  -1.370  -2.215  -2.008  -1.493   2.461   0.685   2.605  -3.051   1.311  -1.252  -3.087  -4.811  -0.037  -2.014 
  9 A  -0.271   1.091  -0.165  -3.206  -6.658   0.249  -3.160   0.245   1.079   0.826   1.704  -1.666   0.924   0.527  -3.881   0.966  -0.662  -3.331  -1.152  -0.042 
