DRB4_0104

Last position-specific scoring matrix computed       
            A       R       N       D       C       Q       E       G       H       I       L       K       M       F       P       S       T       W       Y       V 
  1 A  -7.514  -5.538 -13.202 -13.118  -6.219  -7.146  -9.227 -10.920  -8.503   3.854   3.771  -9.146   2.818   1.491  -7.236  -8.743  -6.459   1.770  -0.955   1.971 
  2 A  -2.880   3.366   2.139  -2.695  -6.887   2.704  -2.873  -2.337   0.221  -3.009  -4.277   2.520  -3.120 -10.144   1.592   3.316  -0.959 -10.070  -6.027  -2.011 
  3 A  -3.563   0.046  -1.528  -8.428  -6.425   2.519  -3.200  -4.525   0.484   0.258   1.438  -2.113   3.347  -0.008   0.392  -1.435  -2.461   5.361   3.532  -0.422 
  4 A  -2.501  -2.745  -2.937  -1.287  -6.691   4.738  -0.463  -4.489  -3.397   1.233   3.006  -0.366   1.628  -2.464  -5.729  -1.324  -3.079  -9.334  -1.729   0.013 
  5 A  -1.079   0.402   1.411  -2.689   1.123   2.151  -1.195  -1.893   2.062   0.742   1.487  -1.274   0.019  -1.464  -0.914   0.476  -0.840  -5.251  -0.433  -1.030 
  6 A  -0.115  -0.975  -1.307  -1.046  -1.261  -0.971  -3.945  -3.129   0.711   1.355  -0.168   0.179   2.369  -7.614   5.213   0.033  -2.261  -5.308  -6.168  -0.345 
  7 A   1.632  -1.631   2.864   1.049  -8.652   4.501  -0.071  -5.153  -0.042  -1.247   0.666  -5.163   0.099  -5.823  -1.916   1.715  -2.463  -6.574  -2.785  -4.029 
  8 A  -2.226   2.456  -4.435  -2.123  -4.069   3.130  -1.001  -2.507  -2.073  -1.430   2.604   0.859   2.891  -3.278   1.312  -1.546  -3.672  -4.791  -0.286  -2.337 
  9 A  -0.749   1.350  -0.310  -2.994  -6.980   0.810  -2.740  -0.155   1.507   0.745   1.634  -1.684   0.643   0.769  -3.831   1.061  -0.804  -3.075  -0.766  -0.098 
