DRB4_0106

Last position-specific scoring matrix computed       
            A       R       N       D       C       Q       E       G       H       I       L       K       M       F       P       S       T       W       Y       V 
  1 A  -7.332  -4.733 -11.255 -13.068  -5.791  -6.856  -8.679  -9.942  -7.052   3.894   3.698  -9.414   2.794   1.326  -7.515  -8.448  -6.024   2.051  -0.623   1.940 
  2 A  -2.703   3.375   2.081  -3.002  -6.740   2.710  -2.383  -2.682   0.596  -3.269  -4.835   2.467  -3.231 -10.985   1.594   3.388  -0.793  -8.594  -6.161  -2.020 
  3 A  -3.585  -0.078  -1.329  -8.096  -6.826   2.502  -3.273  -4.660   0.498   0.359   1.661  -1.648   3.115  -0.047   0.297  -1.585  -2.404   5.162   3.307  -0.217 
  4 A  -3.015  -3.078  -3.360  -4.023  -7.436   4.572  -1.291  -4.886  -4.301   1.660   3.386  -0.726   1.867  -2.284  -6.236  -2.402  -3.737  -7.529  -1.386   0.532 
  5 A  -0.823   0.193   1.420  -3.274   1.308   2.196  -1.499  -1.463   1.897   0.691   1.476  -1.227  -0.017  -1.324  -1.033   0.717  -0.905  -5.381  -0.658  -1.105 
  6 A   0.006  -1.168  -0.904  -1.612  -1.340  -1.312  -3.992  -2.577   0.809   1.568   0.067  -0.295   2.802  -7.260   4.893   0.216  -1.952  -4.827  -5.829  -0.350 
  7 A   1.539  -0.873   2.870   0.483  -8.746   4.457  -0.504  -5.090   0.085  -0.846   0.787  -4.827   0.033  -5.496  -2.077   1.693  -2.542  -6.437  -1.861  -3.756 
  8 A  -1.913   2.648  -4.299  -2.476  -3.826   2.993  -1.404  -2.063  -1.785  -1.292   2.433   0.972   2.381  -3.129   1.321  -1.434  -2.768  -4.867  -0.143  -2.019 
  9 A  -0.540   0.772  -0.366  -3.228  -6.791   0.621  -2.710   0.162   1.201   0.974   1.790  -1.412   0.706   0.708  -3.669   0.698  -0.924  -3.212  -1.130   0.140 
