#HLA-G0103

Last position-specific scoring matrix computed       
            A       R       N       D       C       Q       E       G       H       I       L       K       M       F       P       S       T       W       Y       V 
  1 A  -2.736   2.789  -2.241   3.061  -2.626  -2.201  -0.855  -2.925  -1.974  -2.450  -2.143   1.539   0.010  -2.346   2.619   1.883  -2.465  -1.249   1.837  -2.192 
  2 A  -3.532  -2.404  -0.883   0.595  -1.971  -4.504  -2.771  -3.257  -2.480  -5.885  -4.529   2.478  -1.314   2.697  -3.834  -1.775  -2.094   4.547   6.717  -3.456 
  3 A  -0.048  -2.002  -1.086   1.178  -2.330  -0.140   1.894  -1.063  -2.070  -0.101  -0.694  -1.805   0.815   0.338   3.910  -0.737  -0.440   1.866  -0.722  -2.746 
  4 A   0.530  -1.263   0.900   1.769  -3.144   0.180   1.791  -0.231  -0.629  -1.291  -2.833  -0.651  -1.334  -0.101   1.877   0.946  -1.112   2.353  -0.830  -0.968 
  5 A  -0.239  -1.670   0.398   1.189  -1.673  -0.705   1.675  -0.992  -0.284  -0.521  -0.598  -0.409  -0.576  -0.957  -2.062   1.040   1.645   2.081   0.820  -0.853 
  6 A  -1.236  -0.925  -0.163   1.262  -1.899  -1.379   0.853  -1.070   0.870  -1.052  -0.174  -0.102  -1.729   2.901   0.544   0.393  -0.276  -1.167   1.329  -1.859 
  7 A  -0.290  -2.573  -0.423   0.832  -3.524  -1.019   1.450  -2.344   2.253  -1.737  -2.200   0.742  -1.443   2.228  -0.531  -0.943  -1.657   4.860   2.925  -0.823 
  8 A  -0.919  -1.658  -0.394   1.414  -2.330  -1.479   0.534  -0.857   0.140  -1.936  -0.141   0.815  -2.134   2.055  -0.514   1.253   0.363   0.253   2.389  -2.461 
  9 A  -6.203  -6.353  -1.946   1.907  -7.104  -1.442   2.724  -3.999  -5.848   0.619   3.876  -6.468  -0.792   2.561  -1.772  -5.497  -5.204  -6.814  -5.597  -2.769 
