#HLA-G0109

Last position-specific scoring matrix computed       
            A       R       N       D       C       Q       E       G       H       I       L       K       M       F       P       S       T       W       Y       V 
  1 A  -3.313   0.088  -1.568   5.353  -5.743  -1.796   1.381  -1.924  -4.318  -5.042  -4.886  -0.845  -2.959  -5.174   4.779  -0.949  -3.699  -3.738  -0.472  -3.950 
  2 A  -3.658   0.408   1.076   2.209   1.070  -3.427  -1.869  -0.495  -0.775  -5.588  -5.751   4.806  -4.129  -0.840  -1.223  -3.861  -4.574   1.062   3.875  -4.144 
  3 A  -0.688  -3.116  -0.489   2.515  -3.517  -1.362   3.731   0.079  -2.457  -1.311  -1.612  -1.104  -2.729  -1.985   2.453  -0.800   0.872  -0.250  -1.787  -1.801 
  4 A  -1.468  -2.228   0.607   2.386  -2.870   0.142   3.104   0.180  -0.885  -1.133  -1.579  -0.432  -2.680  -2.826   0.878   0.022  -0.597   0.167  -1.120   0.383 
  5 A  -1.373  -1.322  -1.062   2.529  -2.142   1.889   3.165  -0.538  -1.297  -1.608  -0.474   1.340  -2.917  -2.185  -0.491  -0.289  -0.009  -0.467  -1.232  -2.605 
  6 A  -0.107  -1.844  -0.747   2.982  -3.522  -0.375   2.577   0.019  -1.013  -2.333  -1.795   1.893  -3.600  -0.060  -0.115  -0.011  -1.134  -4.355  -0.659  -1.248 
  7 A  -1.687  -0.708   0.114   2.031  -4.421  -0.588   3.002  -1.436   0.150  -2.369  -2.323   2.975  -2.996  -0.274   0.395  -1.336  -1.229   2.076   0.298  -1.791 
  8 A  -1.434  -0.830  -0.152   3.186  -1.936  -1.055   1.355   1.116  -0.879  -1.810  -1.690   2.419  -1.039  -0.340  -1.925  -0.720  -1.807  -0.697  -0.115  -1.586 
  9 A  -5.695  -5.423   0.198   4.057  -6.575   0.811   4.802  -0.646  -5.271  -3.575   1.041  -5.473  -3.877  -0.995   1.022  -3.258  -2.964  -7.643  -6.775  -5.548 
